outputallcorrect_nofloodareas_nofloodcontrols/flood.asc
ncols         319
nrows         495
xllcorner     219017.22331753
yllcorner     4610852.5305323
cellsize      500.0
NODATA_value  -9999
[rows 312 to 337 of 495, columns 240 to 299 of 319]
1.15127E-2 1.34148E-2 5.05062E-2 7.8836E-2 3.20303E-2 3.1187E-2 5.96183E-2 3.83522E-2 3.39218E-2 3.48048E-2 1.02764E-2 1.05835E-2 1.19469E-2 3.91078E-2 3.85046E-2 1.55421E-2 4.60776E-2 1.4712E-2 1.04132E-2 5.11591E-2 4.82249E-2 2.69614E-2 1.00999E-2 1.30746E-2 3.4855E-2 4.74179E-3 8.85669E-3 1.1534E-2 3.60155E-2 3.4696E-2 1.07356E-2 5.11323E-2 -9999 -9999 -9999 -9999 -9999 -9999 -9999 -9999 -9999 -9999 -9999 -9999 -9999 -9999 -9999 -9999 -9999 -9999 -9999 -9999 -9999 -9999 -9999 -9999 -9999 -9999 -9999 -9999
9.11115E-3 1.2721E-2 4.86406E-2 3.78792E-2 1.27132E-2 6.18154E-2 7.38887E-3 6.48806E-3 3.53172E-2 1.20213E-2 1.04746E-2 1.70041E-2 5.02483E-2 5.14548E-2 5.16084E-2 5.13594E-2 6.10616E-2 6.11523E-2 1.9845E-2 6.4415E-3 1.02335E-2 4.77432E-2 4.22483E-2 3.47524E-2 3.64844E-3 1.002E-2 1.18844E-2 3.69206E-2 3.84694E-2 3.88442E-2 1.78252E-2 -9999 -9999 -9999 -9999 -9999 -9999 -9999 -9999 -9999 -9999 -9999 -9999 -9999 -9999 -9999 -9999 -9999 -9999 -9999 -9999 -9999 -9999 -9999 -9999 -9999 -9999 -9999 -9999 -9999
7.63443E-2 2.79023E-2 3.68357E-2 4.17058E-2 1.24554E-2 6.18279E-2 7.35731E-3 2.97005E-2 1.14332E-2 3.38316E-2 1.23038E-2 1.24269E-3 1.21263E-3 1.16142E-3 1.62377E-2 9.55327E-4 1.50569E-2 4.06518E-2 3.40894E-2 3.76745E-2 4.2727E-2 2.6969E-3 1.01679E-2 4.24551E-2 4.47961E-3 2.80398E-2 1.15751E-2 4.32702E-2 5.06507E-2 1.80956E-2 -9999 -9999 -9999 -9999 -9999 -9999 -9999 -9999 -9999 -9999 -9999 -9999 -9999 -9999 -9999 -9999 -9999 -9999 -9999 -9999 -9999 -9999 -9999 -9999 -9999 -9999 -9999 -9999 -9999 -9999
5.74035E-2 1.28031E-2 3.38027E-2 1.07533E-2 4.83722E-2 8.51248E-2 3.45743E-2 3.30228E-2 3.30433E-2 1.26791E-2 1.0702E-2 1.40421E-2 1.50295E-2 1.23982E-3 1.66835E-2 4.92708E-2 5.03059E-2 4.01338E-2 4.25685E-2 4.27082E-2 4.28014E-2 5.05566E-2 5.05774E-2 4.328E-2 4.4478E-2 1.14551E-2 1.40442E-2 3.77745E-5 3.59326E-2 -9999 -9999 -9999 -9999 -9999 -9999 -9999 -9999 -9999 -9999 -9999 -9999 -9999 -9999 -9999 -9999 -9999 -9999 -9999 -9999 -9999 -9999 -9999 -9999 -9999 -9999 -9999 -9999 -9999 -9999 -9999
1.10856E-2 1.06374E-2 1.11882E-2 4.03175E-2 1.10717E-2 6.2537E-2 3.30993E-2 3.31207E-2 3.34481E-2 9.93553E-2 1.12361E-1 1.55292E-1 5.03779E-2 1.48337E-2 1.16567E-3 1.62864E-2 4.81133E-2 1.378E-2 2.6301E-2 2.47025E-2 4.84185E-3 4.27484E-2 5.07174E-2 4.41049E-2 4.4076E-2 5.10144E-2 5.03544E-2 1.81831E-2 2.16562E-2 -9999 -9999 -9999 -9999 -9999 -9999 -9999 -9999 -9999 -9999 -9999 -9999 -9999 -9999 -9999 -9999 -9999 -9999 -9999 -9999 -9999 -9999 -9999 -9999 -9999 -9999 -9999 -9999 -9999 -9999 -9999
5.02378E-2 5.04464E-2 5.0281E-2 5.01896E-2 4.35291E-2 8.54026E-2 2.68042E-2 1.03095E-2 1.24818E-1 3.58328E-2 1.0302E-1 1.13348E-2 1.68755E-2 5.08405E-2 1.42497E-2 3.63613E-4 9.94027E-4 1.52213E-2 2.58772E-2 5.13558E-3 5.0219E-2 2.73522E-2 2.7255E-2 4.85513E-3 1.96709E-3 6.34988E-5 2.95722E-2 8.2068E-3 8.01474E-3 8.83505E-3 -9999 -9999 -9999 -9999 -9999 -9999 -9999 -9999 -9999 -9999 -9999 -9999 -9999 -9999 -9999 -9999 -9999 -9999 -9999 -9999 -9999 -9999 -9999 -9999 -9999 -9999 -9999 -9999 -9999 -9999
4.1523E-3 4.10772E-4 3.84574E-4 3.52774E-3 2.48769E-3 8.76117E-2 6.25467E-3 3.6481E-2 1.07541E-2 1.20534E-2 1.0103E-1 1.05963E-1 1.71746E-2 5.03084E-2 1.30867E-1 6.32002E-3 1.23314E-2 1.56004E-2 2.72678E-2 1.4109E-2 1.15125E-2 2.69199E-2 2.57625E-2 2.67947E-2 2.74676E-2 1.01528E-2 8.21749E-3 2.28714E-3 1.11639E-2 3.217E-2 3.44662E-2 -9999 -9999 -9999 -9999 -9999 -9999 -9999 -9999 -9999 -9999 -9999 -9999 -9999 -9999 -9999 -9999 -9999 -9999 -9999 -9999 -9999 -9999 -9999 -9999 -9999 -9999 -9999 -9999 -9999
1.14371E-2 1.14702E-2 1.03791E-2 1.08727E-2 1.24505E-2 9.2901E-2 6.51308E-2 6.95927E-3 1.16566E-1 3.73921E-2 1.63189E-2 1.33293E-1 9.5625E-2 9.35583E-2 5.0516E-2 8.64687E-2 8.70434E-2 1.00308E-3 1.89382E-2 2.09258E-3 2.7467E-2 2.72809E-2 2.54757E-2 2.00949E-2 2.51894E-2 2.62453E-2 1.0567E-2 1.24832E-2 1.32369E-2 1.12002E-2 4.30408E-2 3.68443E-2 -9999 -9999 -9999 -9999 -9999 -9999 -9999 -9999 -9999 -9999 -9999 -9999 -9999 -9999 -9999 -9999 -9999 -9999 -9999 -9999 -9999 -9999 -9999 -9999 -9999 -9999 -9999 -9999
3.69693E-2 2.99643E-2 1.06481E-2 2.78869E-2 9.87213E-3 1.01253E-2 1.53901E-1 3.43364E-2 8.9266E-3 8.19918E-2 3.78715E-2 1.23693E-1 1.23072E-1 1.33901E-2 1.25593E-1 1.252E-1 8.74302E-2 3.86302E-4 2.99032E-2 1.03223E-3 1.89007E-2 3.44141E-2 3.39654E-2 7.9828E-3 2.20447E-2 2.1818E-2 1.02915E-2 1.45804E-2 4.25295E-2 1.49692E-4 1.47365E-2 4.23873E-2 1.40869E-2 -9999 -9999 -9999 -9999 -9999 -9999 -9999 -9999 -9999 -9999 -9999 -9999 -9999 -9999 -9999 -9999 -9999 -9999 -9999 -9999 -9999 -9999 -9999 -9999 -9999 -9999 -9999
1.08773E-2 3.82206E-2 4.02608E-2 1.01967E-2 2.92155E-2 9.5903E-2 8.92353E-2 2.82497E-2 2.71116E-2 8.70628E-3 3.85666E-2 1.17039E-1 1.1433E-1 4.91715E-2 8.31051E-2 1.23933E-1 1.26578E-1 1.28371E-1 1.05403E-2 1.28934E-2 1.04226E-2 3.31722E-2 3.20434E-2 2.55994E-4 3.81832E-2 3.52418E-2 8.533E-3 1.02905E-2 1.17149E-2 3.74897E-2 6.82196E-5 7.41207E-4 5.15681E-3 2.33233E-2 -9999 -9999 -9999 -9999 -9999 -9999 -9999 -9999 -9999 -9999 -9999 -9999 -9999 -9999 -9999 -9999 -9999 -9999 -9999 -9999 -9999 -9999 -9999 -9999 -9999 -9999
3.18176E-2 9.72174E-3 1.23942E0 1.08081E0 9.61496E-2 2.44228E-2 3.08425E-3 1.06719E-1 2.53145E-2 6.42605E-3 1.15238E-1 1.15433E-1 1.16867E-1 3.8869E-2 3.88326E-2 1.40394E-2 8.56712E-2 9.31619E-2 4.13657E-3 1.11475E-2 1.4081E-3 1.10684E-2 3.09908E-2 1.60557E-2 3.3483E-2 4.43825E-2 4.61137E-2 3.91988E-2 8.1472E-3 7.85617E-3 3.96924E-2 2.9784E-2 6.61029E-4 6.38988E-3 -9999 -9999 -9999 -9999 -9999 -9999 -9999 -9999 -9999 -9999 -9999 -9999 -9999 -9999 -9999 -9999 -9999 -9999 -9999 -9999 -9999 -9999 -9999 -9999 -9999 -9999
9.67775E-3 3.57048E0 5.65223E-2 7.96982E-2 5.17517E-2 2.90352E-3 3.46665E-3 5.49298E-2 1.07361E-1 1.12165E-1 7.64202E-3 5.49008E-3 2.14515E-2 5.79147E-2 2.73323E-2 1.02243E-2 1.14896E-1 9.163E-2 9.44263E-2 1.04327E-1 1.19477E-2 5.9596E-4 1.41398E-3 1.31187E-3 1.66285E-2 1.55725E-2 4.61339E-2 4.58256E-2 4.65419E-2 5.07417E-2 3.93839E-2 2.68652E-2 1.17222E-2 8.52474E-3 3.85238E-3 -9999 -9999 -9999 -9999 -9999 -9999 -9999 -9999 -9999 -9999 -9999 -9999 -9999 -9999 -9999 -9999 -9999 -9999 -9999 -9999 -9999 -9999 -9999 -9999 -9999
3.58483E0 2.19669E0 2.47044E-2 2.89994E-3 5.47629E-2 3.30892E-3 8.38135E-2 1.75321E-2 3.55655E-3 9.92332E-2 2.94776E-2 7.31095E-2 1.30292E-2 1.14811E-1 5.93294E-2 3.69141E-2 3.01567E-2 1.20605E-1 1.20146E-2 1.31928E-1 1.42079E-1 1.36633E-1 8.11217E-3 6.08041E-4 1.34235E-3 1.66748E-2 1.71561E-2 2.88115E-2 8.05087E-5 4.05349E-2 4.36674E-2 5.07521E-2 6.1689E-2 5.94843E-2 6.87459E-3 -9999 -9999 -9999 -9999 -9999 -9999 -9999 -9999 -9999 -9999 -9999 -9999 -9999 -9999 -9999 -9999 -9999 -9999 -9999 -9999 -9999 -9999 -9999 -9999 -9999
2.39473E-2 5.50162E-2 3.16365E-2 3.40204E-3 2.38455E-2 1.00556E-1 1.01089E-1 2.32156E-2 3.18962E-2 7.96021E-3 2.71115E-2 1.0174E-1 6.3203E-2 1.10599E-1 1.01169E-1 1.15454E-1 3.97403E-2 4.11101E-2 1.29383E-1 4.48561E-2 1.53424E-2 1.02117E-1 1.05376E-1 1.02968E-1 6.37295E-4 1.78097E-2 1.70012E-2 2.97298E-2 1.32576E-2 1.45292E-2 7.06412E-4 4.00139E-2 4.42351E-2 5.78381E-2 4.72686E-2 4.71925E-2 -9999 -9999 -9999 -9999 -9999 -9999 -9999 -9999 -9999 -9999 -9999 -9999 -9999 -9999 -9999 -9999 -9999 -9999 -9999 -9999 -9999 -9999 -9999 -9999
3.05109E-2 4.72835E-3 3.37545E-2 3.3791E-2 5.09646E-3 1.04438E-1 2.71168E-2 4.70602E-3 5.51053E-2 2.49184E-2 1.07347E-1 7.72311E-2 7.48884E-4 2.90107E-2 6.80428E-3 4.11406E-2 2.42366E-2 1.2748E-2 4.28061E-2 9.25151E-2 1.29993E-1 1.33058E-1 1.42827E-1 1.05981E-1 8.432E-2 3.37903E-3 1.49673E-3 1.35399E-3 1.05766E-2 1.01222E-2 1.5323E-2 7.60104E-3 2.26571E-2 2.5733E-2 2.49595E-2 2.45201E-2 -9999 -9999 -9999 -9999 -9999 -9999 -9999 -9999 -9999 -9999 -9999 -9999 -9999 -9999 -9999 -9999 -9999 -9999 -9999 -9999 -9999 -9999 -9999 -9999
8.08804E-3 3.23438E-2 3.59905E-2 6.11208E-3 3.58812E-2 2.58189E-2 2.54015E-2 8.55121E-2 3.44656E-2 2.5932E-2 6.62263E-3 7.13308E-3 8.24698E-4 6.99187E-3 1.44733E-2 1.139E-1 5.66157E-2 1.15636E-1 7.82656E-2 4.00718E-2 4.3154E-2 1.4128E-1 1.01295E-1 1.08184E-1 1.02671E-1 1.09816E-1 1.112E-2 1.07504E-2 1.0574E-2 1.41651E-2 1.01534E-2 9.04548E-4 7.34809E-3 7.87648E-3 7.74917E-3 6.06081E-3 -9999 -9999 -9999 -9999 -9999 -9999 -9999 -9999 -9999 -9999 -9999 -9999 -9999 -9999 -9999 -9999 -9999 -9999 -9999 -9999 -9999 -9999 -9999 -9999
2.81679E-2 2.59696E-2 2.58997E-2 3.64364E-2 3.78784E-2 8.01554E-2 7.52713E-3 7.48495E-3 7.80218E-3 3.33787E-2 7.81239E-2 1.2778E-2 1.46503E-2 5.10043E-2 2.01056E-2 1.20028E-1 7.60259E-2 1.16177E-1 1.17135E-1 5.68085E-2 1.10307E-2 1.14125E-2 9.85267E-2 1.36975E-1 1.00851E-1 1.44838E-1 1.30584E-2 4.28519E-2 3.79333E-2 4.24588E-2 1.07042E-2 1.50351E-2 2.67142E-2 8.9872E-3 3.95069E-3 1.26633E-2 -9999 -9999 -9999 -9999 -9999 -9999 -9999 -9999 -9999 -9999 -9999 -9999 -9999 -9999 -9999 -9999 -9999 -9999 -9999 -9999 -9999 -9999 -9999 -9999
2.80912E-2 8.4425E-3 8.64692E-3 2.81361E-2 1.21357E-1 1.21119E-1 4.26762E-2 3.17732E-2 1.50266E-2 7.90835E-3 1.47419E-2 1.27392E-1 2.00537E-2 1.03573E-1 1.89641E-2 7.31656E-3 1.4468E-2 1.16989E-1 1.17928E-1 1.21808E-2 3.02339E-2 8.94317E-2 4.25505E-2 3.40791E-2 1.46717E-2 9.99575E-2 4.48333E-2 1.24068E-2 5.10854E-2 3.99008E-2 3.78451E-2 1.20721E-2 1.16537E-2 4.54732E-2 1.53482E-2 2.94298E-2 -9999 -9999 -9999 -9999 -9999 -9999 -9999 -9999 -9999 -9999 -9999 -9999 -9999 -9999 -9999 -9999 -9999 -9999 -9999 -9999 -9999 -9999 -9999 -9999
8.13674E-2 8.15391E-2 7.11488E-2 9.58912E-4 1.18574E-1 1.18485E-1 3.89025E-2 1.00007E-2 8.47973E-2 1.36871E-1 1.40113E-1 1.01761E-1 1.01781E-1 8.07713E-2 2.73341E-2 1.11629E-1 1.45912E-2 1.09724E-1 1.1483E-1 1.15394E-1 9.17644E-3 1.21157E-1 1.29283E-2 1.33236E-2 3.88166E-2 1.31023E-1 6.81267E-3 3.37261E-4 1.00446E-3 1.51061E-2 3.92595E-2 1.37618E-2 5.05879E-2 5.03109E-2 3.98357E-2 3.13926E-2 -9999 -9999 -9999 -9999 -9999 -9999 -9999 -9999 -9999 -9999 -9999 -9999 -9999 -9999 -9999 -9999 -9999 -9999 -9999 -9999 -9999 -9999 -9999 -9999
8.34518E-2 8.39064E-2 9.28573E-2 1.09826E-2 3.02518E-2 1.0504E-2 3.51273E-2 3.42792E-2 1.6536E-2 1.01177E-2 9.51639E-3 8.88461E-3 3.16957E-2 3.11073E-2 1.00289E-2 9.68101E-3 8.87753E-4 1.47443E-2 1.16651E-1 1.14946E-1 1.18494E-1 8.25379E-2 1.10956E-1 1.09417E-1 4.20063E-2 8.55389E-2 1.06281E-2 1.06768E-2 6.07335E-3 9.51744E-4 1.44733E-2 4.53372E-2 1.36632E-2 3.78317E-2 3.89286E-2 3.53977E-2 -9999 -9999 -9999 -9999 -9999 -9999 -9999 -9999 -9999 -9999 -9999 -9999 -9999 -9999 -9999 -9999 -9999 -9999 -9999 -9999 -9999 -9999 -9999 -9999
2.72404E-2 8.94455E-2 1.27785E-1 1.29946E-1 3.54247E-2 1.09364E-2 3.34378E-2 3.34378E-2 1.11709E-2 4.68177E-2 4.16663E-2 9.41906E-4 9.92337E-3 1.01802E-2 1.00711E-2 1.42921E-2 9.86801E-4 1.55002E-2 2.80016E-2 1.09528E-1 3.63107E-2 1.19602E-1 1.12244E-1 1.21561E-1 3.02339E-2 1.0989E-2 2.40918E-2 2.67239E-2 9.81771E-3 1.05948E-2 1.50788E-2 3.36013E-2 2.80117E-2 1.29889E-2 3.07936E-2 4.09097E-2 -9999 -9999 -9999 -9999 -9999 -9999 -9999 -9999 -9999 -9999 -9999 -9999 -9999 -9999 -9999 -9999 -9999 -9999 -9999 -9999 -9999 -9999 -9999 -9999
8.78559E-2 1.26786E-1 1.1977E-1 1.53869E-2 1.09272E-2 1.1474E-2 1.05196E-1 1.06021E-1 8.40653E-2 1.69105E-2 5.06719E-2 1.46822E-1 1.40318E-1 9.19835E-2 9.33937E-2 1.19552E-1 7.29961E-2 7.17487E-2 9.03662E-4 1.4793E-2 2.96413E-2 2.55938E-2 1.15024E-1 1.17866E-1 8.4057E-3 3.35071E-2 3.8851E-2 1.09133E-2 7.74145E-3 3.40519E-2 1.49098E-2 4.31694E-2 6.02326E-2 4.04539E-2 4.02752E-2 4.176E-2 -9999 -9999 -9999 -9999 -9999 -9999 -9999 -9999 -9999 -9999 -9999 -9999 -9999 -9999 -9999 -9999 -9999 -9999 -9999 -9999 -9999 -9999 -9999 -9999
1.26737E-1 1.27329E-1 1.34996E-1 1.42304E-1 1.39046E-1 1.04884E-1 1.03645E-1 1.09119E-1 1.79032E-2 1.72307E-2 1.60134E-2 1.4644E-1 1.46495E-1 1.46804E-1 1.38384E-1 8.96071E-2 1.36217E-2 1.40387E-2 9.37442E-4 1.52789E-2 8.11679E-4 1.45828E-2 1.11697E-1 7.66125E-2 5.41819E-3 3.74012E-2 3.10479E-2 9.13883E-3 9.07165E-3 3.26003E-2 2.87909E-4 1.46019E-2 3.87896E-2 3.27168E-2 1.2185E-2 -9999 -9999 -9999 -9999 -9999 -9999 -9999 -9999 -9999 -9999 -9999 -9999 -9999 -9999 -9999 -9999 -9999 -9999 -9999 -9999 -9999 -9999 -9999 -9999 -9999
1.23369E-1 1.38204E-2 1.30174E-2 9.20897E-2 9.57144E-2 1.4488E-1 1.04139E-1 1.09986E-1 5.00698E-2 5.03768E-2 1.99242E-2 9.61511E-3 8.51301E-2 8.91027E-2 9.05458E-2 1.38707E-1 4.69243E-2 5.04043E-2 1.12217E-2 9.98966E-3 9.44587E-4 1.52184E-2 7.6003E-2 2.81861E-2 1.43667E-2 3.53472E-2 1.23913E-2 8.38978E-3 4.06193E-2 1.25195E-2 4.23513E-3 1.48718E-2 3.94632E-2 5.77927E-2 3.0136E-2 4.34747E-3 -9999 -9999 -9999 -9999 -9999 -9999 -9999 -9999 -9999 -9999 -9999 -9999 -9999 -9999 -9999 -9999 -9999 -9999 -9999 -9999 -9999 -9999 -9999 -9999
1.40149E-2 1.20138E-1 1.25713E-1 9.51079E-2 1.4929E-1 4.12841E-2 1.03094E-1 1.50288E-1 1.10098E-1 4.80008E-2 4.34955E-2 1.38536E-2 1.46125E-2 1.39862E-2 1.28491E-1 1.3566E-1 3.94116E-2 1.3003E-1 3.57307E-2 8.78651E-2 1.05033E-3 1.55977E-2 5.00718E-2 6.00901E-2 5.04534E-2 4.1951E-2 4.60829E-2 1.37722E-2 3.90705E-2 3.84998E-2 8.86077E-3 1.11457E-2 3.90447E-2 3.2652E-2 3.59576E-2 4.01045E-2 4.01689E-2 3.39424E-2 -9999 -9999 -9999 -9999 -9999 -9999 -9999 -9999 -9999 -9999 -9999 -9999 -9999 -9999 -9999 -9999 -9999 -9999 -9999 -9999 -9999 -9999
1.07632E-2 4.42549E-2 4.5949E-2 4.76929E-2 3.65536E-2 1.32378E-2 1.11255E-1 1.13075E-1 5.00888E-2 1.41738E-2 1.64009E-2 5.12594E-2 1.49683E-1 1.40818E-1 1.2838E-1 1.38595E-1 1.13226E-1 4.04709E-2 1.20185E-1 1.20054E-1 1.53899E-2 1.12889E-3 9.64805E-3 5.67138E-2 4.3238E-2 6.24565E-3 3.54629E-2 5.07424E-2 4.30267E-2 3.7609E-2 2.80894E-2 6.66974E-3 1.34364E-2 4.56488E-2 4.54873E-2 4.93535E-2 4.58149E-2 4.60746E-2 2.40496E-2 -9999 -9999 -9999 -9999 -9999 -9999 -9999 -9999 -9999 -9999 -9999 -9999 -9999 -9999 -9999 -9999 -9999 -9999 -9999 -9999 -9999
