outputallcorrect_nofloodareas_nofloodcontrols/flood.asc
ncols         319
nrows         495
xllcorner     219017.22331753
yllcorner     4610852.5305323
cellsize      500.0
NODATA_value  -9999
[rows 208 to 233 of 495, columns 60 to 119 of 319]
8.49374E0 1.24394E0 2.29014E1 2.03456E1 7.9095E0 9.13803E-1 9.35937E-1 5.30394E-1 5.20839E-1 3.18421E-1 9.02188E-1 2.32658E1 2.06591E1 3.12532E1 2.00849E1 1.97043E1 1.82667E1 5.38109E-1 2.29959E0 2.81752E0 3.16553E0 4.52685E-1 2.21618E-1 5.89433E0 1.52302E0 8.80414E-1 1.64237E-1 1.61014E0 1.61895E1 2.97685E-2 8.82741E-2 4.84673E-3 2.75179E-3 1.1751E-2 3.65314E-2 1.13336E-2 3.30768E-2 2.55372E-1 2.20308E-1 1.67067E-1 2.20591E-1 2.76365E-1 5.10471E0 4.71904E0 3.81577E-1 3.78616E-1 1.39739E1 2.0387E0 6.35652E-2 4.83283E-3 9.80305E-3 8.98622E0 4.75556E-1 5.8821E0 6.75005E0 2.48985E0 3.94886E0 2.40494E0 2.26684E1 1.48699E0
2.21517E-1 1.87781E0 3.10655E0 1.11588E1 3.03273E0 7.92367E-1 7.9614E-1 7.92657E-1 7.90918E-1 9.00682E-1 1.16819E1 9.72459E0 5.9227E0 3.24963E1 2.00856E1 1.97199E1 2.00842E1 1.77325E1 4.38618E0 6.88183E-1 3.73142E0 3.20332E0 1.71696E-1 4.40082E0 1.58969E-1 1.61446E-1 1.0659E1 5.02154E-1 4.16331E-3 2.42963E-3 2.43467E-3 1.00542E-2 6.43212E-2 1.15841E-2 3.91873E-2 1.14797E-2 3.3138E-2 3.8569E-1 1.94071E0 1.73502E0 4.69809E1 4.99782E-1 3.88549E0 3.78829E0 1.37888E1 1.48833E0 1.59034E-1 2.30811E-3 1.139E-2 3.65278E-2 2.44177E0 1.85683E1 4.42291E0 3.07631E0 1.16807E0 8.0979E-1 9.16322E-1 3.07088E0 5.08599E-1 9.14356E-1
5.24305E-1 5.18999E0 1.19036E1 9.77615E0 3.40622E0 3.74001E0 3.75355E0 3.76427E0 3.75264E0 1.31535E0 1.27906E1 1.30006E1 8.98757E-1 1.67418E1 3.37903E1 1.97203E1 2.00849E1 1.65765E1 1.68482E0 2.46694E0 3.28436E0 7.2875E-1 2.27653E-1 4.30664E0 1.52857E-1 2.09799E-1 4.43826E0 3.88258E0 2.39826E-2 4.41611E-3 9.33756E-2 2.70925E-2 8.42487E-3 1.15556E-2 4.02353E-2 4.21739E-3 1.35342E-4 1.1193E-2 3.6282E-1 1.00012E1 4.9273E-1 1.69951E1 2.52687E1 4.14445E-1 8.62115E0 2.07784E-1 2.13726E-1 4.34975E-3 5.53808E-2 1.14957E-2 9.06587E-5 2.38735E-1 7.07408E0 2.56204E1 3.49946E0 3.48474E0 1.13407E1 9.31176E-1 2.05109E0 3.74182E0
4.17835E-1 1.70421E1 2.83803E1 1.19109E1 5.56656E0 9.06056E0 9.95178E0 9.34149E0 1.34089E1 1.32618E1 5.22376E-1 5.11887E-1 9.01345E-1 1.97425E1 2.25202E1 3.5554E1 2.00607E1 1.81531E1 1.95401E1 6.42484E-1 1.05063E0 4.73062E-1 4.54235E-1 2.79716E0 2.01362E-1 5.13406E-1 3.39964E0 7.42492E0 4.1221E-3 9.87724E-2 9.64479E-3 4.45028E-3 1.16316E-2 9.47724E-2 4.02365E-2 2.3516E-2 4.11906E-3 1.14608E-2 1.80288E-1 1.84376E0 3.41793E0 2.47934E1 2.52677E1 4.15524E-1 6.72501E1 5.39961E0 1.64105E-1 8.53021E-2 6.38466E-2 2.41873E-3 1.14372E-2 2.26435E-1 1.5393E-1 3.99852E0 1.93259E1 1.12613E1 1.55114E0 1.22583E0 1.50058E0 3.33862E0
2.52679E-1 1.97966E0 1.46782E0 2.46061E1 8.82928E0 4.21572E-1 9.30701E-1 9.30225E-1 5.16782E-1 5.28231E-1 9.1348E-1 1.95234E0 3.18664E-1 5.09818E-1 1.75429E1 7.91336E0 3.60697E1 1.90688E1 1.97203E1 1.89412E0 1.05021E0 1.07755E0 3.32435E0 4.12733E0 5.16738E-1 2.14526E0 2.88469E0 1.13145E1 2.35904E-1 9.33812E-3 2.62915E-1 2.38616E-2 4.41336E-3 1.13148E-2 2.83572E-1 4.27616E-3 4.3986E-3 1.13759E-2 1.80288E-1 1.21593E-1 1.47569E0 1.76019E1 1.39223E0 1.39159E0 1.23063E0 1.47731E0 3.51629E-1 2.40409E-2 4.66049E-3 8.29621E-3 9.5241E-3 1.66997E-1 4.76556E-1 3.43967E0 1.38613E0 2.35491E0 1.68344E0 1.50349E0 1.01322E0 1.15787E0
9.84315E-3 2.21558E-1 4.39433E0 2.43722E1 1.43607E1 4.12936E0 1.1696E0 7.46155E-1 1.21768E0 7.97303E-1 9.03432E-1 1.74269E1 2.27969E1 1.13334E1 7.9214E0 1.67418E1 1.83442E1 3.62415E1 1.9768E1 5.43922E-1 7.27419E-1 7.25516E-1 2.07828E1 1.55413E1 7.26277E-1 3.17828E0 7.95657E-1 1.15764E1 5.8694E0 1.65228E0 2.20616E-1 2.51165E-1 4.36911E-3 9.23992E-3 2.64717E-1 2.29533E-1 4.29087E-3 1.12538E-2 3.3106E0 9.23578E-1 2.29005E-1 2.54212E1 2.06734E-1 2.88864E-1 6.17814E-2 1.43337E-1 3.40616E-1 2.3917E-2 6.39556E-2 1.13853E-2 2.88978E-1 4.47278E-1 1.8481E1 3.52849E0 1.2869E0 9.32128E-1 1.00359E0 3.86461E-1 6.03583E-1 2.55996E0
2.9645E-1 8.26396E-1 6.02513E0 2.00207E1 2.59173E1 3.33716E0 1.30893E0 2.88927E0 2.3229E1 3.6008E0 3.60802E0 1.14684E1 6.28535E0 5.91278E0 1.65922E1 2.10727E1 2.11981E1 2.12209E1 3.70091E1 4.31495E0 2.09578E0 8.44142E0 4.42324E1 4.44589E1 4.44905E1 4.29971E1 5.68988E0 1.78826E0 1.84486E1 3.97721E0 3.98837E0 1.49109E1 2.67153E-1 1.72921E0 2.52989E-1 2.39315E-2 3.86621E-3 1.09687E-2 2.52835E-1 2.29307E-1 9.83938E0 4.53873E1 1.57976E-1 1.49565E-1 2.2949E-3 1.14626E-2 2.39364E-3 2.73908E-2 4.22983E-3 1.41064E-4 1.11836E-2 1.64371E0 1.81047E0 2.29764E0 2.27786E0 1.85051E1 1.77416E1 3.4466E1 5.8949E-1 1.26373E1
1.43878E-2 2.352E-3 4.43045E0 1.02993E1 2.29883E0 3.483E0 3.5176E0 1.27105E0 4.42901E0 6.49434E0 1.47548E1 4.31718E0 2.76049E0 1.05713E1 4.85502E0 2.18277E0 2.52759E0 1.96516E1 3.0481E0 2.95581E1 2.69714E1 6.65849E0 1.33474E1 1.83807E0 9.24165E0 5.21453E-1 4.46495E1 3.32161E0 1.89412E0 1.33532E0 2.11388E-2 2.26301E-1 2.25048E-3 2.50555E-1 4.34239E-3 2.30315E-3 1.10676E-2 1.11159E-2 2.31884E-3 2.39E-1 9.85717E-1 1.31642E0 1.51176E0 1.4975E-1 6.25478E-2 6.21757E-2 2.42731E-4 2.12104E-2 2.4246E-3 1.15888E-2 4.03288E-2 2.54359E-1 1.02799E0 1.6879E0 4.74095E0 2.34348E1 3.3732E0 3.77544E-1 2.81259E1 2.02897E1
2.47419E-3 1.04886E-4 1.77732E-1 1.67618E0 1.32117E0 1.69351E0 9.04671E0 9.04671E0 6.24858E0 3.22614E-1 6.47329E0 9.31176E-1 5.66113E0 1.58525E0 8.20841E0 2.06108E1 2.09679E1 3.2156E0 3.21924E0 1.1011E1 1.34934E1 9.99843E0 3.81886E-1 2.59015E0 1.50968E-1 1.39534E0 4.27934E1 7.06779E0 1.05228E0 1.22618E0 5.49764E-2 1.82855E-3 1.86427E-1 2.3653E-3 2.31968E-3 6.60781E-2 6.60781E-2 9.21812E-3 1.17533E-1 2.31884E-3 1.72466E-1 1.21929E-1 1.51943E-1 3.46722E-1 4.18805E-3 8.93789E-2 2.45707E-2 2.39846E-2 7.16421E-2 1.14201E-2 1.14392E-4 9.53065E-2 9.18365E-1 3.82583E-1 1.56535E0 2.00426E-1 3.83833E0 6.75257E0 2.01077E0 3.36921E0
5.89951E-2 1.05378E-1 4.18035E0 1.9499E1 1.82195E0 2.81796E0 1.35997E0 1.75291E1 7.86141E0 7.89344E0 7.88542E0 1.05193E0 4.18004E-1 1.34633E0 9.40237E-1 6.17356E0 6.0362E0 4.61624E-1 1.09604E1 1.72979E1 1.72095E1 2.99163E0 1.52825E-1 2.00103E-1 1.60681E-1 4.4127E0 1.47762E0 2.25836E1 5.17925E0 8.59697E0 1.35948E0 2.41091E-3 2.14738E-1 7.95468E-3 6.60298E-2 2.45532E0 2.8527E0 2.51357E-1 1.64167E-1 1.64396E-1 1.82613E-3 1.11603E-2 2.57865E-1 4.13675E-3 2.38384E-1 2.69826E-2 8.89338E-2 6.61323E-2 7.18931E-2 3.19292E-2 1.92719E-4 1.13524E-2 1.42484E0 1.5404E-1 1.22906E0 3.89224E0 5.02903E1 3.46101E0 8.94592E0 4.52489E0
1.08815E-2 2.38874E-4 3.30593E-2 2.29755E-1 2.84838E0 5.12124E0 4.49545E-1 1.31825E0 3.45284E0 3.4667E0 3.03079E0 1.05125E0 6.3528E-1 7.50261E-1 1.21831E0 1.31627E0 1.75985E1 1.07668E0 1.90868E0 1.27906E1 1.0484E0 6.58307E0 3.86544E-1 1.88055E-1 1.9874E0 3.3747E0 3.34337E0 1.27078E1 6.44449E-1 4.98069E-1 1.59026E-1 2.39483E-3 1.8734E-3 9.64904E-3 5.19982E0 1.4975E-1 1.71155E-1 1.94716E0 1.7377E0 2.27428E-1 6.14237E-3 1.12444E-2 3.42294E-1 2.40336E-2 2.38363E-3 9.27727E-2 2.7457E-2 5.73262E-3 1.03529E-2 3.78117E-2 3.58959E-2 3.17425E-4 2.33209E-3 1.50296E-1 1.51943E-1 4.21848E-1 6.05508E-1 2.51175E1 4.17068E-1 2.47366E1
3.7261E-2 3.67879E-2 1.16295E-4 1.11416E-2 1.96548E1 7.27694E1 6.29467E0 3.99106E0 1.01171E0 9.18573E0 1.55139E0 3.04274E0 1.21363E0 7.48017E-1 2.81953E0 6.9223E0 4.36442E0 6.02481E0 1.82958E0 1.6005E1 1.71066E0 6.82479E0 2.079E-1 1.17543E-1 6.92231E-1 1.70016E1 9.05479E-1 5.67383E1 6.3347E-1 5.25296E0 1.38823E0 2.39921E-3 6.31232E-2 9.49239E-5 1.52207E-1 1.95051E0 1.4686E0 3.74942E-1 2.34868E-3 1.4064E0 2.56914E-1 2.41873E-3 2.47752E-1 4.4826E-3 2.39783E-3 2.41758E-2 2.22239E-2 2.83289E-3 1.19288E-2 3.41755E-2 4.4914E-2 3.89591E0 2.82147E-1 8.80414E-1 1.17999E0 2.25934E0 1.9056E1 1.92546E1 2.10979E0 3.76717E0
2.42731E-4 4.6125E-2 1.05095E-1 1.93607E-1 1.79268E-1 6.73514E1 2.68806E1 8.97454E-1 1.12213E1 3.13946E0 2.75992E0 2.52778E0 1.9559E1 8.05002E-1 3.06914E0 6.62385E0 9.21527E-1 9.15314E0 1.51621E1 6.57122E0 1.8603E0 2.97858E0 1.58883E-1 1.64237E-1 1.21775E-1 2.29115E-1 3.31393E0 5.72788E1 2.55081E0 1.09915E0 1.79568E0 4.39726E0 4.18071E-3 1.12772E-2 2.44964E-1 1.71058E-1 3.57762E0 6.36515E-2 9.02638E-2 2.22618E-3 2.24364E-3 2.94086E-2 2.38196E-3 2.17148E-2 4.89157E-3 2.77292E-3 2.83289E-3 3.02394E-3 1.16278E-2 1.42952E-2 2.48938E-3 2.18962E-2 3.31013E-2 6.25607E0 9.61534E-1 2.29197E-1 2.35152E0 2.00194E-1 5.88348E-1 3.76176E0
8.02427E-2 5.60892E-2 2.49783E-3 1.09646E-2 2.62279E-1 1.53197E1 4.24488E0 2.35694E1 1.17174E1 9.04671E0 3.14611E0 7.77383E0 9.15377E-1 2.21121E1 3.08694E0 7.96638E-1 8.00239E-1 6.25911E-1 1.30006E1 6.71702E0 8.26955E-1 1.97819E0 4.11919E0 1.2837E1 1.17265E0 7.5968E-1 7.98601E-1 5.5536E1 1.65544E0 6.41699E-1 3.71867E0 4.16238E-1 4.16331E-3 7.80597E-3 1.07464E0 1.51579E1 4.30558E-3 2.38948E-3 2.39531E-3 2.29376E-2 1.13242E-2 2.53234E-1 4.4235E-3 4.64286E-3 1.01298E-2 6.90974E-2 2.48657E-2 6.70395E-2 3.83438E-4 2.87874E-3 3.43814E-4 5.63946E-2 1.62074E-4 1.28314E-2 2.40367E-3 2.97965E0 1.52024E-1 1.66997E-1 7.16186E0 3.88338E0
9.14901E-3 1.02101E-2 6.72315E-2 9.89802E-3 1.6622E-1 3.48221E0 4.9137E-1 1.26681E0 2.41047E1 7.54579E0 8.4178E0 6.8492E0 1.79082E0 6.19658E0 8.07674E0 3.22976E0 2.15555E0 6.80423E0 7.61589E0 1.53595E0 5.5488E-1 1.62291E0 4.1026E0 4.2316E0 3.11878E0 3.48215E0 3.45677E0 2.6882E1 1.27554E1 2.39141E0 2.19198E0 3.17859E0 1.59026E-1 1.09358E-2 1.08385E1 1.59251E-1 2.16398E-2 4.92898E-3 5.52444E-2 6.3184E-2 2.27314E-4 2.43046E-3 2.98631E-2 3.44825E-2 9.89916E-2 9.96244E-2 9.05214E-2 6.63922E-2 7.36703E-2 9.36132E-2 8.73708E-3 1.01878E-2 1.46789E-4 2.44893E-3 1.52518E-4 1.43282E-1 1.02323E0 6.47222E0 8.89068E0 5.9472E-1
8.38195E-3 9.40712E-2 6.58134E-2 3.40703E-1 7.0574E0 4.60373E0 3.19096E0 1.96502E0 7.89344E0 8.39967E0 2.00849E1 1.98613E1 1.5424E1 6.94341E0 8.36351E0 1.95209E1 6.20611E-1 6.30199E-1 1.85794E1 7.81354E0 9.49238E0 1.91361E0 4.10812E0 2.11403E-2 3.43805E0 1.58404E0 1.38544E1 4.68913E-1 2.80138E0 1.30362E1 6.25667E-1 2.14999E0 4.94545E-1 2.06462E-1 4.06861E0 1.38894E0 6.37381E-2 5.25211E-3 9.64479E-3 6.4299E-2 8.84518E-3 2.58747E-4 2.50291E-3 2.61536E-2 5.07512E-3 8.92303E-2 9.28458E-2 5.67156E-3 1.21468E-2 3.44252E-2 4.60504E-2 3.88122E-2 9.90906E-3 8.5646E-3 6.62327E-2 1.57247E-1 1.79139E-1 5.152E1 1.33601E0 7.271E0
2.78776E-1 4.74492E-1 8.01472E1 4.43265E0 1.69867E0 2.76402E-1 6.74753E0 2.11932E1 1.83947E1 1.03767E1 5.31631E-1 8.0674E0 2.05894E1 6.19447E-1 7.9612E0 1.45862E1 2.02605E1 6.1756E0 2.92716E0 2.10708E0 5.55614E-1 2.57013E0 4.61276E1 2.38608E-2 7.64601E-5 2.63393E0 8.60524E-1 4.20795E-1 5.19303E-1 1.29722E0 1.51425E1 1.33114E1 1.88278E0 4.08006E0 5.01547E-1 1.59004E-1 2.36947E-3 6.88397E-2 3.50397E-2 4.54921E-3 6.6677E-2 3.3166E-2 5.07512E-3 2.70255E-3 2.62886E-3 3.23384E-3 3.19816E-3 3.00975E-3 1.20303E-2 1.48392E-2 1.17032E-2 3.36669E-2 2.80164E-1 4.61459E-2 2.63358E-1 6.73865E-2 1.011E1 2.0034E-1 2.25036E-1 2.2906E-1
1.90902E-1 1.54201E-2 2.31553E-3 1.52024E-1 1.50907E-1 8.57348E-3 1.49291E0 3.92633E0 2.33821E1 2.08327E1 7.70321E0 8.46324E0 2.07114E1 6.22554E-1 9.22E-1 2.81505E0 4.28979E0 6.17119E-1 2.28947E0 2.26468E0 2.60518E0 2.21993E0 4.17687E-1 2.25048E-3 5.50464E-2 2.40701E-3 9.82019E-3 5.24307E0 3.19693E0 1.22208E0 6.35035E-1 1.54875E0 1.04871E1 7.95003E-1 2.38915E0 2.38879E-2 4.95894E-3 1.00367E-2 2.71641E-1 4.59368E-3 6.72892E-2 3.4204E-2 4.89157E-3 2.45383E-2 5.77337E-3 5.05198E-3 1.24752E-2 2.84138E-2 3.90259E-4 2.44427E-3 1.18421E-2 1.16906E-2 2.82555E-2 1.15176E-2 3.65795E-2 2.63388E0 1.53379E0 4.08552E-3 2.16389E-1 2.15366E-1
2.41873E-3 9.27005E-2 1.12304E-2 2.7248E-1 2.24779E0 6.46285E0 4.40493E0 1.23335E0 9.1916E-1 1.90932E1 2.05322E1 8.14239E0 3.31315E0 6.53263E0 4.34853E0 8.95481E-1 9.80242E0 5.44277E0 1.67192E0 5.21453E-1 5.18538E-1 9.22765E0 3.78616E-1 1.54406E-1 7.58373E-1 2.38185E-3 1.11775E-1 1.12116E-2 1.50004E0 2.59274E0 3.78386E-1 2.76153E0 1.36347E1 4.17166E0 1.07556E0 2.28995E-3 7.80202E-3 8.63092E-3 2.99118E-2 6.60057E-2 4.08665E-2 4.40598E-3 2.96182E-2 3.32588E-2 3.13387E-2 6.20325E-3 1.26336E-2 3.27349E-2 3.35532E-2 1.15476E-2 3.41382E-2 1.31237E-2 2.42878E-3 1.7164E-4 1.37249E-4 1.42223E-1 7.63652E-3 2.16513E-1 5.02457E-1 1.44801E0
1.30629E-2 2.41203E-3 1.41064E-4 6.37063E-5 1.15748E-1 1.51903E-1 3.77166E-1 3.81268E-1 3.04736E-1 1.80317E1 2.01347E1 3.77402E0 3.46079E0 7.31483E0 6.28249E-1 9.00167E-1 9.46149E0 6.33861E-1 6.29809E-1 6.09907E0 2.16303E0 1.16885E0 3.37742E0 1.2563E1 2.35611E-1 6.57177E-2 6.52867E-2 1.17512E-1 1.51883E-1 3.81732E-1 1.6737E-1 5.52755E0 7.83118E-1 9.68296E0 1.61327E-1 9.53506E-3 9.4365E-3 1.67186E0 6.25918E-2 2.0055E0 2.65589E-1 8.72724E-2 6.48205E-2 6.34939E-2 2.92474E-3 3.66121E-3 4.50877E-4 1.21663E-2 1.03332E-1 1.0161E-2 8.71549E-3 6.67565E-2 8.13584E-3 9.87595E-3 3.85088E-3 7.32342E-3 1.78779E-1 1.93899E1 4.50735E0 3.2963E0
1.15556E-2 2.78593E-2 1.14136E-2 3.94705E-2 2.83926E-1 1.03672E1 3.96072E0 3.94328E0 2.56761E1 3.42601E-1 9.38328E-1 9.09654E-1 2.48415E0 2.76182E1 6.14795E-1 1.1109E1 4.79239E0 4.35945E0 6.30345E-1 1.27943E0 2.48402E0 1.4536E1 1.60999E1 3.20332E0 1.50701E0 4.46495E0 9.29445E-3 3.63261E-1 1.32374E1 2.20436E-1 4.98754E-1 2.5548E0 1.43686E1 6.60529E-1 5.02761E-1 4.16005E0 1.67276E0 4.1593E-1 4.93584E0 2.68222E-1 2.49697E-1 3.42412E-2 3.43375E-2 5.04499E-3 5.58648E-3 6.26112E-3 1.25394E-2 1.23934E-2 1.06643E-1 1.0324E-1 8.55384E-3 9.36805E-2 9.54603E-3 2.5524E-1 9.28354E-3 1.67996E-1 1.00574E0 4.29255E0 1.55913E0 1.31107E0
4.68745E-3 1.15556E-2 1.43398E-2 1.15052E-2 1.03893E-5 3.63923E-1 1.05635E1 4.15348E0 8.0842E-1 3.86405E-1 8.34455E-1 9.76272E0 7.91336E0 4.37855E0 6.20634E0 6.2482E0 9.05949E-1 1.03791E1 7.82638E-1 1.66404E0 2.8785E0 7.97946E-1 2.28103E0 2.98619E0 6.45121E0 4.15158E-1 1.46414E1 1.69859E-1 4.02594E0 2.84166E0 2.12872E0 8.51172E0 2.32832E1 6.52308E-1 2.85347E0 4.28131E-1 3.66572E0 1.75091E0 2.43818E-1 4.17338E-3 2.38863E-3 2.40786E-3 2.18311E-2 9.54725E-2 2.79134E-2 6.05954E-3 1.40766E-2 1.37499E-2 1.21487E-2 2.50629E-3 4.69247E-2 4.60463E-2 3.00125E-1 4.90794E-1 4.92536E-1 2.08547E-1 2.34038E-3 1.50818E-1 5.9895E-1 1.78772E0
9.35428E-3 9.98638E-3 4.38385E-3 2.486E-3 1.85048E-4 1.14389E-2 2.75314E0 3.96555E0 3.08436E0 8.0125E-1 3.87441E-1 8.25559E-1 2.46044E0 2.6989E1 3.46687E0 1.69503E0 7.00127E0 9.01719E-1 6.83041E0 6.23721E-1 1.78416E0 1.74981E1 7.99256E-1 6.34106E-1 2.51399E0 5.28032E0 6.74249E0 2.96547E0 1.31583E0 2.83086E0 7.00926E0 1.19443E0 7.78753E-1 1.22059E1 2.17455E0 3.17859E0 2.3437E-3 1.51189E-1 2.2669E-3 2.36615E-3 9.97533E-3 6.39039E-2 4.82155E-3 2.45147E-3 2.24186E-2 6.27525E-3 4.10772E-4 3.65289E-4 7.34317E-2 1.21195E-2 2.83236E-4 2.45592E-2 2.35699E-3 2.94166E-2 2.44893E-3 2.40701E-3 7.7E-3 1.09153E-2 1.60634E0 3.6158E0
2.23034E-1 2.63886E-2 6.39876E-2 1.03402E-2 2.72091E-4 1.39156E-4 1.09194E-2 7.07208E-1 2.30002E0 3.07603E0 7.7897E0 7.29325E-1 3.19954E-1 8.08971E-1 2.89664E1 1.2264E0 6.07695E-1 9.28167E-1 1.9083E0 5.80075E0 2.57076E0 7.80694E-1 1.87896E0 8.19847E-1 2.40445E0 1.25963E0 5.27157E0 4.11928E-1 3.47574E0 3.40734E0 9.45012E1 2.71014E1 2.71369E1 6.31516E-1 1.64952E0 3.79537E-1 2.26855E-3 8.63092E-3 2.35224E-2 4.49E-3 3.36022E-2 5.64634E-2 3.2795E-2 2.71029E-2 2.50492E-2 5.98785E-3 2.93912E-2 1.05707E-2 7.11631E-2 1.22053E-2 1.20758E-2 1.35425E-2 1.52878E-2 2.46239E-3 2.42796E-3 6.89757E-2 3.23741E-2 2.65186E-1 5.9992E-1 3.68658E0
1.78314E0 1.32487E0 6.31014E-2 2.97598E-2 9.97533E-3 1.02773E-2 1.27719E-4 1.11416E-2 7.48905E0 8.25559E-1 3.07319E0 1.47335E1 7.76814E-1 7.17557E-1 1.29984E0 3.98253E1 7.74233E-1 6.34106E-1 1.29598E0 9.85598E0 6.18283E-1 4.10249E0 6.26835E-1 3.07403E0 6.62583E-1 2.40771E0 4.52424E0 1.21955E0 2.76551E-1 9.17268E-1 9.44934E1 6.31824E0 6.05933E0 3.77621E-1 2.00224E-1 1.42593E-1 1.66014E-1 3.61106E-1 4.01704E-3 4.06793E-2 2.40163E-2 5.10528E-3 2.49193E-3 2.5868E-3 9.86111E-3 1.03807E-2 3.07151E-2 2.88507E-2 3.06917E-2 5.68811E-3 1.0471E-2 6.55358E-4 2.50629E-3 2.40619E-3 8.53232E-3 6.94558E-2 2.33295E-1 1.11696E-2 8.78897E0 1.26984E1
3.15179E0 3.16938E0 1.70962E-1 2.43563E-1 2.51261E-1 2.39871E-2 4.68002E-3 1.50608E-4 1.7883E-1 9.56701E-1 1.39664E0 3.51923E0 4.16129E0 4.67243E0 9.52673E0 1.50704E1 7.15503E0 7.20523E0 1.3017E0 9.96837E0 6.41712E-1 4.15127E0 6.21507E0 4.17235E0 2.41659E0 7.38095E-1 2.33695E0 2.11693E0 2.48358E1 8.93315E-1 2.87679E1 3.08929E0 7.83611E-1 1.05115E0 1.31912E0 1.50133E0 1.64396E-1 1.79284E0 2.52112E-1 2.64077E-1 4.7051E-3 1.00143E-2 4.93367E-3 5.37372E-3 1.20642E-2 3.52339E-2 3.34731E-2 3.31899E-2 4.08846E-2 5.89582E-3 9.66136E-2 1.14511E-2 6.6907E-2 8.34978E-3 1.00586E-2 9.62837E-2 4.48973E-2 9.47791E-1 2.30892E-3 4.1772E-1
