outputallcorrect_nofloodareas_nofloodcontrols/flood.asc
ncols         319
nrows         495
xllcorner     219017.22331753
yllcorner     4610852.5305323
cellsize      500.0
NODATA_value  -9999
[rows 338 to 363 of 495, columns 60 to 119 of 319]
-9999 -9999 -9999 -9999 -9999 -9999 -9999 -9999 -9999 -9999 -9999 -9999 -9999 -9999 -9999 -9999 -9999 -9999 -9999 -9999 7.44156E0 3.5686E-1 1.37597E0 3.65178E-1 2.61894E-1 2.40555E-2 4.71255E-3 3.29856E-2 3.18877E-2 2.61081E-2 1.04423E-2 1.25989E-2 5.62322E-2 3.30416E-2 7.94247E-2 8.20533E-2 8.484E-2 8.65627E-2 8.38505E-2 8.38505E-2 5.05195E-2 4.49205E-2 5.19585E-3 2.75793E-2 1.15698E-2 3.64767E-2 5.74064E-2 1.82428E-1 2.62712E0 6.95762E-1 8.74026E0 1.03143E0 2.83109E0 3.73675E0 8.74281E-1 1.04045E0 1.53375E1 7.34528E0 8.21972E-1 6.70412E-1
-9999 -9999 -9999 -9999 -9999 -9999 -9999 -9999 -9999 -9999 -9999 -9999 -9999 -9999 -9999 -9999 -9999 -9999 -9999 -9999 3.5931E-1 1.37715E0 1.4513E0 3.6613E-1 2.63207E-1 3.30251E-2 3.29893E-2 2.74751E-2 2.52295E-2 6.10056E-3 1.02444E-2 3.54723E-2 6.00171E-2 8.75771E-2 8.79847E-2 8.81541E-2 8.81974E-2 8.82406E-2 8.73225E-2 8.43347E-2 5.05811E-2 3.38617E-2 2.39473E-2 1.15366E-2 3.70736E-2 5.00406E-2 1.9487E0 2.4656E-1 9.54993E0 1.86395E1 7.68784E0 4.56283E0 4.59798E0 4.60721E0 3.83595E0 3.8136E0 3.79068E0 3.77395E0 2.2221E1 3.27927E0
-9999 -9999 -9999 -9999 -9999 -9999 -9999 -9999 -9999 -9999 -9999 -9999 -9999 -9999 -9999 -9999 -9999 -9999 -9999 -9999 1.4341E0 1.43448E0 1.45061E0 1.66248E0 2.61724E-1 3.2333E-2 3.20446E-2 4.74232E-3 5.17195E-3 5.58648E-3 1.22835E-2 3.84724E-2 8.484E-2 8.65493E-2 8.70607E-2 8.75771E-2 8.79847E-2 8.81541E-2 8.81974E-2 8.80935E-2 8.62306E-2 4.89905E-3 1.16269E-2 2.78817E-2 9.57893E-3 1.21505E-2 1.81853E-1 2.78305E0 7.62739E-1 1.04836E1 6.79454E0 1.34111E0 1.30333E0 1.29206E0 8.6986E-1 8.57762E-1 2.34227E0 8.26465E0 2.79336E0 2.01347E1
-9999 -9999 -9999 -9999 -9999 -9999 -9999 -9999 -9999 -9999 -9999 -9999 -9999 -9999 -9999 -9999 -9999 -9999 -9999 -9999 1.43512E0 1.4346E0 1.50528E0 3.44658E-1 2.52016E-1 3.23089E-2 3.19245E-2 3.02793E-2 2.47119E-2 2.39551E-2 5.56617E-3 1.20109E-2 8.52339E-2 8.65493E-2 8.70607E-2 8.75771E-2 8.79847E-2 8.81541E-2 8.82906E-2 8.87625E-2 5.24033E-2 2.39255E-2 2.75201E-2 3.30552E-2 4.66411E-1 2.63103E-1 2.45606E0 2.54159E0 7.58761E-1 1.00143E1 4.67899E0 3.9223E0 4.66993E0 3.43993E0 2.9121E0 3.3741E0 5.06537E0 7.32935E0 4.35447E0 1.13959E1
-9999 -9999 -9999 -9999 -9999 -9999 -9999 -9999 -9999 -9999 -9999 -9999 -9999 -9999 -9999 -9999 -9999 -9999 -9999 1.0458E1 1.3421E0 1.44536E0 1.44459E0 1.51919E0 2.53741E-1 4.10747E-3 4.22933E-3 2.38605E-2 5.30633E-2 2.45754E-2 5.09147E-3 1.19867E-2 5.17558E-2 8.38554E-2 8.74137E-2 8.93558E-2 8.82939E-2 8.97058E-2 6.75336E-2 1.30925E-2 1.31714E-2 5.25571E-2 1.36801E-2 3.52918E-2 1.83585E-1 2.96272E-1 6.32877E-1 6.12317E-1 1.15001E1 2.83109E0 3.77222E0 1.29918E0 1.32996E0 1.05168E0 1.41304E0 2.75841E0 7.51638E0 3.83542E0 1.40193E0 8.12341E-1
-9999 -9999 -9999 -9999 -9999 -9999 -9999 -9999 -9999 -9999 -9999 -9999 -9999 -9999 -9999 -9999 -9999 -9999 4.12696E-1 1.11965E0 3.60103E-1 3.57985E-1 1.45966E-1 1.51189E-1 2.33128E-1 2.49842E-1 3.16372E-2 5.40917E-2 2.74419E-2 3.33866E-2 2.1802E-3 1.20592E-2 2.81005E-4 2.8011E-3 2.86461E-3 2.81521E-3 2.62531E-3 5.64743E-2 5.88197E-2 5.76621E-2 3.72562E-2 7.91232E-2 3.25065E-1 1.45279E-2 4.15308E-1 2.99471E0 2.51685E0 1.61477E1 4.40409E0 1.30266E0 1.29714E0 4.07029E0 2.76433E0 8.72069E-1 9.30196E-1 1.03249E0 1.12026E0 2.15984E0 2.15839E0 1.00659E0
-9999 -9999 -9999 -9999 -9999 -9999 -9999 -9999 -9999 -9999 -9999 -9999 -9999 -9999 -9999 -9999 -9999 -9999 1.3653E0 4.17223E-1 2.06328E-1 2.27417E-1 1.70914E-1 1.59069E-1 2.31388E-3 1.37358E-1 2.17845E-2 2.12573E-3 3.41891E-2 2.08725E-2 8.84261E-2 1.15812E-2 1.01342E-2 6.55842E-2 1.43518E-2 1.386E-2 6.74329E-2 1.42342E-2 3.72969E-2 1.36801E-2 3.85674E-2 4.19639E-2 1.72514E-1 9.6015E-1 2.46464E-1 1.6754E0 7.62739E-1 1.09328E1 1.42383E0 4.67589E0 3.92201E0 3.59026E0 3.4368E0 3.2042E0 2.8259E0 1.02301E0 2.82935E0 5.80469E0 3.4818E0 1.34735E0
-9999 -9999 -9999 -9999 -9999 -9999 -9999 -9999 -9999 -9999 -9999 -9999 -9999 -9999 -9999 -9999 -9999 7.94646E0 1.13501E1 4.14908E-1 4.14696E-1 1.62526E0 1.58232E0 1.59077E-1 1.60608E-1 2.71238E-1 2.37277E-3 1.04142E-2 2.82275E-2 3.56489E-2 3.90261E-2 1.14339E-2 2.72317E-2 4.74699E-3 8.83436E-3 2.84317E-2 4.03788E-2 3.11507E-2 9.46933E-3 4.35472E-2 2.6304E-1 2.96331E-1 1.96709E-1 5.55671E0 3.32628E-1 7.73731E-1 1.93134E1 4.69943E0 4.46568E0 4.19398E-1 1.29206E0 8.0842E-1 8.31754E-1 3.35693E0 2.89685E0 8.38147E-1 8.41401E-1 8.89707E-1 7.28965E0 7.49923E0
-9999 -9999 -9999 -9999 -9999 -9999 -9999 -9999 -9999 -9999 -9999 -9999 -9999 -9999 -9999 -9999 -9999 3.16256E0 8.77267E0 1.81758E0 1.4986E0 2.13425E-1 3.08021E-1 1.51009E-1 3.70218E-1 2.75679E-1 2.89376E-1 2.73147E-1 1.04142E-2 1.22719E-2 4.57215E-2 3.95493E-2 3.30813E-2 2.92231E-2 1.00586E-2 2.81391E-2 4.65947E-2 7.79536E-3 4.78122E-2 1.63876E-1 3.2348E-1 2.62955E0 5.02397E-1 1.4369E0 3.36826E0 1.48821E1 4.39539E0 1.49277E0 4.09263E0 1.29511E0 1.28801E0 2.91193E0 3.66112E-1 4.68528E-1 6.33729E0 7.59014E0 3.87457E0 3.83489E0 2.27305E1 2.24734E1
-9999 -9999 -9999 -9999 -9999 -9999 -9999 -9999 -9999 -9999 -9999 -9999 -9999 -9999 -9999 -9999 1.26561E0 3.38708E0 1.18545E1 4.53063E-1 5.80121E-1 1.90473E0 3.93562E-1 5.34848E-1 4.79811E-1 1.65655E-1 1.66812E-1 2.74148E-1 1.27933E-2 6.27978E-2 3.40038E0 4.18765E-2 2.38726E-2 2.79375E-2 2.96444E-2 3.30729E-2 3.40163E-2 2.97815E-1 5.14552E-1 1.87024E-1 1.86259E-1 2.45983E-1 6.74313E0 1.67697E0 2.99807E1 5.5029E0 4.44901E0 1.13147E0 3.65586E0 1.24197E0 2.60598E0 2.7385E0 7.26848E-1 7.44136E0 7.40923E0 7.24376E-1 3.02591E-1 4.65196E-1 9.59195E-1 5.15625E-1
-9999 -9999 -9999 -9999 -9999 -9999 -9999 -9999 -9999 -9999 -9999 -9999 -9999 -9999 -9999 -9999 5.36977E0 5.88742E0 4.48917E-1 5.17287E-1 9.89289E0 1.97285E-1 1.49685E-1 3.52512E-1 3.52904E-1 7.49377E-3 1.84439E-1 3.10789E-1 2.99893E-1 1.64396E-1 1.7453E-1 3.15292E-1 2.386E-2 9.45839E-3 5.8193E-2 9.19633E-3 1.83254E-1 4.60546E-1 5.17295E-1 3.69989E-1 1.80695E0 6.95762E-1 7.70725E-1 1.8823E1 7.03419E0 1.1174E0 1.4227E0 4.17336E0 1.32511E0 7.6091E0 7.79764E0 7.278E-1 2.75204E0 9.00906E-1 1.96653E0 1.7499E1 7.28173E0 7.29758E0 7.20962E-1 7.58125E0
-9999 -9999 -9999 -9999 -9999 -9999 -9999 -9999 -9999 -9999 -9999 -9999 -9999 -9999 -9999 3.60659E0 1.01686E0 1.00004E0 3.89663E0 1.32401E1 4.09047E0 1.10829E1 1.49925E-1 5.304E-2 1.79659E-3 1.79419E-3 2.95157E-2 3.25666E-1 6.02391E-1 3.02379E-1 1.83336E-1 3.13967E-1 1.6052E-1 2.46714E-1 2.78474E-1 2.66135E-1 1.86514E-1 1.68831E0 2.78526E0 6.795E-1 9.93858E0 1.46238E0 6.03915E-1 7.70656E0 4.38424E0 1.34674E0 1.29816E0 1.0541E0 4.23487E0 7.5229E0 2.66949E0 2.2946E0 8.35981E-1 3.41583E0 7.3214E0 1.92732E1 7.55825E0 1.57003E1 1.61995E1 1.94438E0
-9999 -9999 -9999 -9999 -9999 -9999 -9999 -9999 -9999 -9999 -9999 -9999 -9999 -9999 -9999 5.99759E0 3.09468E0 1.25814E0 4.14596E0 2.94568E0 1.09915E0 8.12242E0 3.18354E-1 2.38657E-2 1.81588E-3 1.35808E-5 9.90322E-3 8.83932E-3 1.82923E-1 1.87024E-1 3.14026E-1 4.89967E-1 2.66135E-1 2.20436E-1 1.95133E0 7.02312E-1 2.14695E0 6.65845E-1 1.10311E1 1.48347E1 1.12817E1 6.65845E-1 5.77214E0 9.00538E0 1.35097E0 4.70333E0 2.34533E1 1.17167E1 2.16366E0 2.53523E1 1.53655E1 1.83571E1 2.60043E0 1.9785E1 7.57549E0 1.75021E1 2.18144E1 2.19896E1 2.20121E1 3.46056E0
-9999 -9999 -9999 -9999 -9999 -9999 -9999 -9999 -9999 -9999 -9999 -9999 -9999 -9999 -9999 5.31012E-1 2.56033E0 2.95679E0 1.05099E0 3.59329E0 3.85312E0 1.32096E0 1.59273E-1 6.39053E-3 2.41824E-3 5.44292E-6 1.48802E-2 4.16169E-2 3.12159E-1 6.17265E-1 4.94034E-1 1.70673E-1 4.7211E-1 4.85718E0 1.67756E0 3.06157E1 1.4919E0 1.09962E1 2.43834E0 9.20126E0 9.39845E0 2.58055E1 6.74943E0 1.38605E0 3.70891E0 1.57235E0 5.63542E-1 6.64053E0 8.55621E0 1.68928E1 3.83873E0 2.17473E0 2.53126E0 1.89672E1 1.96747E1 7.54105E0 7.19438E0 7.50677E0 4.32488E0 4.31704E0
-9999 -9999 -9999 -9999 -9999 -9999 -9999 -9999 -9999 -9999 -9999 -9999 -9999 -9999 -9999 1.49427E0 9.72818E-1 2.00113E0 1.09205E0 3.79849E0 7.89771E0 1.32119E0 1.58883E-1 2.5246E-1 2.23499E-3 2.9199E-2 6.65409E-2 7.78787E-5 1.13173E-3 1.69853E-1 1.78727E-1 5.28111E0 2.03103E0 2.82513E0 4.57686E0 5.01101E1 2.22401E1 9.88394E0 8.86992E0 1.22485E0 8.11266E0 2.60779E1 7.26886E0 2.66148E1 9.68391E0 1.30401E0 1.01582E1 1.3265E0 7.65275E0 1.10115E1 2.59645E0 3.96219E0 8.16122E0 2.73006E0 6.70412E-1 2.76082E0 7.48306E0 1.70051E1 7.49923E0 8.01146E0
-9999 -9999 -9999 -9999 -9999 -9999 -9999 -9999 -9999 -9999 -9999 -9999 -9999 -9999 -9999 1.22049E0 5.03167E0 2.25465E0 1.00546E0 6.91303E0 4.15833E-1 2.72873E1 1.43092E0 3.79536E-1 1.71058E-1 2.51485E-1 2.51613E-1 4.15599E-3 1.45947E-2 2.86377E-1 3.93463E-1 6.34094E-1 7.848E-1 9.36265E0 1.49203E0 5.98052E-1 6.41264E0 4.74239E0 7.80719E0 6.79756E0 3.60751E0 6.1473E0 3.09356E0 6.56981E0 3.09589E0 3.4429E0 7.21283E0 1.79071E1 4.75028E0 2.76061E0 1.76308E1 2.50394E1 7.53532E0 7.20015E-1 2.19889E1 2.19425E1 2.22678E1 2.23335E1 1.98191E1 7.09307E0
-9999 -9999 -9999 -9999 -9999 -9999 -9999 -9999 -9999 -9999 -9999 -9999 -9999 -9999 -9999 1.87199E0 4.72677E0 8.92953E-1 4.02987E-1 6.67918E0 1.22618E0 3.81346E-1 1.21457E0 1.49793E-1 1.34964E0 1.53248E0 1.80875E0 1.03581E-2 1.2394E-2 1.20749E-2 1.86429E-1 2.36913E0 5.2215E-1 7.72728E-1 1.29028E1 1.15982E1 1.25674E1 4.33809E0 2.33222E0 1.32068E0 8.45976E0 7.54796E0 2.34573E0 5.37833E0 2.346E0 2.76096E0 6.95958E0 1.40642E1 1.98999E1 7.70906E0 8.50979E0 1.74773E1 2.49834E1 1.48982E1 6.68863E-1 7.47499E0 7.44275E0 7.4508E0 6.67005E-1 3.01267E0
-9999 -9999 -9999 -9999 -9999 -9999 -9999 -9999 -9999 -9999 -9999 -9999 -9999 -9999 -9999 -9999 1.22236E0 3.73424E0 3.41878E0 3.86544E-1 3.58098E-1 4.54235E-1 3.74987E-1 1.68322E-1 1.7891E0 4.73893E-1 1.72473E0 2.20257E-1 7.56257E-3 1.47307E0 4.8817E0 2.50049E0 3.84821E-1 4.02107E0 5.0801E0 6.74753E0 1.30588E1 1.51909E1 1.02172E1 4.59665E0 9.34508E-1 2.76188E0 1.48184E1 2.34227E0 4.92365E0 2.3428E0 6.80357E-1 6.79111E-1 7.65069E0 1.98427E1 7.63907E0 8.19895E0 1.48982E1 2.4934E1 1.59896E1 1.97357E0 1.5298E1 1.52841E1 7.91336E0 3.34698E0
-9999 -9999 -9999 -9999 -9999 -9999 -9999 -9999 -9999 -9999 -9999 -9999 -9999 -9999 -9999 -9999 2.23015E0 2.58779E0 3.57327E0 1.22639E0 1.67716E0 1.52808E0 1.49228E0 3.66633E-1 1.53807E1 7.60916E-1 9.31882E0 1.04153E1 2.19206E-1 1.48776E1 3.20728E0 1.91991E1 1.59498E0 5.04156E-1 7.64732E-1 8.98766E0 6.72592E0 4.31458E0 1.93492E0 3.92737E0 7.80537E0 3.28063E0 2.76003E0 8.9543E0 8.00428E0 1.75524E0 6.79422E-1 1.88368E0 1.73227E1 7.57549E0 2.05032E1 8.17064E0 2.00351E1 2.13185E1 2.69251E1 2.69414E1 2.70204E1 2.50853E1 3.00509E-1 4.61624E-1
-9999 -9999 -9999 -9999 -9999 -9999 -9999 -9999 -9999 -9999 -9999 -9999 -9999 -9999 -9999 -9999 -9999 1.03106E1 1.36474E0 1.57767E-1 1.77604E-1 4.15994E0 1.66443E0 4.31818E-1 3.64331E0 1.63094E1 5.50338E0 9.33689E0 4.31678E-1 8.56229E0 1.27727E1 1.27525E1 3.74999E-1 4.48955E-1 3.1301E-1 6.76293E0 7.68316E0 4.50348E0 4.24091E0 1.3002E0 5.72415E-1 9.3197E-1 1.43719E0 6.95199E-1 4.31668E0 8.98606E0 4.04417E0 2.62057E1 2.63128E1 2.63389E1 2.41899E1 4.34062E0 5.94255E0 7.12062E0 4.30729E0 4.29757E0 4.60987E-1 5.78463E0 4.2731E0 4.27431E0
-9999 -9999 -9999 -9999 -9999 -9999 -9999 -9999 -9999 -9999 -9999 -9999 -9999 -9999 -9999 -9999 -9999 1.43889E-1 2.32878E-3 2.32299E-3 1.79242E-1 4.42946E0 8.91208E0 1.2846E1 4.08229E-1 4.31468E-1 4.69507E0 2.31718E0 9.90349E0 4.69867E0 9.72078E0 3.74865E-1 3.47106E-1 6.60073E0 7.23589E0 2.00602E0 1.00547E1 6.73493E0 3.07819E0 1.31781E0 3.59573E0 1.43732E0 7.11711E-1 3.65651E-1 7.53304E-1 7.26087E-1 2.75726E0 4.31551E0 1.54957E0 2.33974E0 1.54926E0 9.37164E0 2.42384E1 8.01146E0 1.59128E1 7.37859E0 7.37859E0 7.1567E-1 7.16425E-1 5.33193E-1
-9999 -9999 -9999 -9999 -9999 -9999 -9999 -9999 -9999 -9999 -9999 -9999 -9999 -9999 -9999 -9999 -9999 -9999 3.15081E-1 2.38406E-2 2.63096E-1 5.23107E-1 5.97981E-1 1.59874E1 1.49182E0 3.9207E0 1.13278E1 3.7473E-1 9.69448E0 4.12907E-1 4.97385E-1 5.38836E0 4.53227E-1 1.19842E0 4.32378E-1 4.04662E0 4.72604E-1 5.9798E-1 1.5489E1 4.46949E0 1.3293E0 1.11208E0 1.40473E0 3.89299E0 3.89128E0 3.86175E0 3.35892E0 3.36816E0 3.37016E0 2.90255E0 7.53532E0 7.55251E0 2.39064E1 2.82533E1 2.81026E1 4.4107E0 2.80304E1 2.81573E1 2.63715E1 7.32277E0
-9999 -9999 -9999 -9999 -9999 -9999 -9999 -9999 -9999 -9999 -9999 -9999 -9999 -9999 -9999 -9999 -9999 -9999 -9999 -9999 1.43686E0 4.52975E-1 4.25129E-1 1.4919E0 1.31713E1 6.35856E0 4.69962E0 1.77694E1 4.6993E0 3.64331E0 1.24159E1 8.80174E0 1.33938E1 1.3349E1 1.27436E1 3.75202E-1 4.50443E0 5.46146E1 2.77797E1 7.16507E0 3.83245E0 3.84682E0 1.17729E0 1.51589E0 8.37065E-1 4.68528E-1 8.3085E-1 4.6558E-1 3.02306E-1 8.18583E-1 2.285E1 1.19949E1 6.54227E0 4.32292E0 4.29951E0 7.10225E0 7.34666E0 6.09869E0 4.78662E0 2.67636E1
-9999 -9999 -9999 -9999 -9999 -9999 -9999 -9999 -9999 -9999 -9999 -9999 -9999 -9999 -9999 -9999 -9999 -9999 -9999 -9999 -9999 9.13909E0 9.83885E0 9.74257E0 5.04722E0 8.52749E0 5.05472E0 1.77854E1 8.36378E0 5.24053E0 1.29503E1 4.69507E0 1.22714E0 1.22738E0 1.37979E0 3.57872E-1 5.25263E-1 6.04352E-1 2.58889E1 1.04903E1 6.76066E0 4.46154E0 1.42235E0 3.24229E0 1.11323E0 4.4331E0 2.28634E1 2.24224E1 2.24044E1 2.2201E1 2.23081E1 1.73242E1 1.61643E1 8.13299E0 1.99315E1 2.05593E1 1.8965E1 7.33073E0 4.53997E0 1.74815E1
-9999 -9999 -9999 -9999 -9999 -9999 -9999 -9999 -9999 -9999 -9999 -9999 -9999 -9999 -9999 -9999 -9999 -9999 -9999 -9999 -9999 -9999 -9999 3.80729E-1 3.5776E-1 2.84943E0 2.0936E1 9.42918E0 3.88566E0 3.8635E0 1.0594E1 1.25719E1 1.17676E1 1.97579E-1 2.72678E-1 1.31168E0 8.63271E-1 2.28252E-1 1.22769E0 1.67697E0 2.66326E0 7.87705E0 8.29174E0 4.62854E-1 4.57861E0 1.41656E0 1.11339E1 1.32014E0 8.35449E0 1.10205E1 8.16122E0 1.58882E1 1.70187E1 8.99397E0 8.09546E0 1.01171E1 1.66491E1 3.473E0 1.00098E1 1.76432E1
-9999 -9999 -9999 -9999 -9999 -9999 -9999 -9999 -9999 -9999 -9999 -9999 -9999 -9999 -9999 -9999 -9999 -9999 -9999 -9999 -9999 -9999 -9999 -9999 -9999 2.64989E-1 3.80497E-1 3.47902E-1 2.66933E1 2.6142E1 7.97247E0 4.79863E0 3.52188E-1 1.86584E-1 1.34808E-1 2.15537E-1 2.03115E-1 3.30226E-2 4.95744E0 1.20124E0 1.65814E0 4.76225E-1 1.23126E0 2.45407E-1 8.37321E0 2.11472E1 5.78359E-1 1.09815E0 3.73816E0 1.71735E1 4.3724E0 1.31148E1 1.70993E1 6.0362E0 5.70457E0 4.32096E0 3.00886E-1 5.78463E0 1.68146E1 5.70547E0
