outputallcorrect_nofloodareas_nofloodcontrols/flood.asc
ncols         319
nrows         495
xllcorner     219017.22331753
yllcorner     4610852.5305323
cellsize      500.0
NODATA_value  -9999
[rows 234 to 259 of 495, columns 180 to 239 of 319]
1.34459E1 6.59204E0 1.63958E0 4.44336E0 4.43106E0 8.54459E0 1.08928E1 8.14037E-1 2.91583E1 1.72994E1 1.45903E1 1.33578E1 2.05106E1 1.38338E0 6.37739E0 5.68498E0 1.39977E1 1.45122E1 6.63081E0 4.06859E0 4.71999E-3 4.35437E-3 5.22301E0 4.84673E-3 3.76977E-3 4.35803E-3 1.01216E-1 5.88686E-3 2.55189E-2 6.73678E-3 1.18403E-2 8.2885E-2 1.05146E-1 4.8819E-2 7.37513E-2 1.02623E-2 3.16024E-2 9.88699E-3 7.88677E0 2.38867E-2 2.25176E-1 2.09996E0 6.16215E-3 6.82576E-2 5.84855E-4 1.23374E-2 2.0291E0 3.51809E-2 8.30178E-3 7.66616E-2 8.17628E-2 8.39988E-2 4.48407E-2 3.69997E-2 9.76766E-3 1.29384E-2 1.2823E-2 1.12006E-2 4.52309E-2 3.21327E-2
7.03771E0 3.19178E1 1.50968E0 8.1969E0 2.25077E0 1.1057E1 4.66092E-1 8.17512E-1 2.92192E1 5.4547E0 1.49801E1 6.25252E0 5.49551E0 1.98069E1 9.11751E0 6.58088E0 1.40282E1 6.95166E0 8.86004E0 1.01221E0 1.45482E1 3.9705E-1 2.71378E-1 3.38014E-2 1.05743E-1 8.64559E-3 5.59151E-3 7.3669E-2 7.29555E-3 1.19656E-2 1.11213E-2 1.02965E-1 7.03085E-2 4.7392E-2 7.08284E-2 7.21788E-2 2.60755E-1 1.27502E1 2.67524E-2 6.90713E-3 1.18277E-2 2.10423E0 2.86985E0 2.94203E-2 7.45471E-2 5.48116E-4 3.02034E-3 6.62328E-2 2.73102E-2 8.0296E-2 8.25585E-2 1.10504E-1 4.4331E-2 7.04281E-3 7.89712E-2 1.12428E-1 1.09582E-1 3.36601E-2 4.46141E-2 1.05692E-1
1.70517E0 4.79927E0 4.74527E0 1.24099E0 1.12762E1 6.64053E0 8.53298E0 1.07831E1 5.79444E0 2.80333E1 1.33578E1 1.32843E1 5.37384E-1 2.76829E0 1.05871E1 2.44064E0 6.73659E0 6.85826E0 2.05241E1 1.00046E1 6.85786E1 1.54037E1 3.56577E-2 3.15291E-2 2.73544E-2 1.04617E-1 9.71265E-3 1.18067E-2 8.11106E-2 1.39496E-2 1.13793E-1 1.06107E-1 1.03951E-1 4.31604E-2 7.12557E-2 1.00808E-2 1.27383E1 5.08517E-3 3.51699E-3 4.82157E-3 1.23227E-2 5.17306E-2 3.94052E-2 7.09509E-3 7.13228E-2 1.38555E-2 1.0796E-1 1.13548E0 6.0288E-3 1.02939E-1 1.04184E-1 7.5062E-2 5.95214E-2 1.08267E-2 5.51454E-2 3.61029E-2 5.63024E-2 2.95879E-2 3.7075E-2 1.25463E-2
1.05462E0 1.24369E0 3.84324E0 1.48328E1 9.80373E0 3.60705E0 1.2763E0 8.22734E0 1.715E1 2.90331E1 1.33947E1 4.57244E-1 5.51401E0 2.03884E1 9.00352E0 7.04958E-1 1.72224E1 1.55179E1 6.95683E0 4.00945E0 7.18067E-3 5.46805E-3 2.8284E-2 2.65312E-2 5.04127E-3 5.19212E-3 7.67049E-2 8.64425E-2 4.78273E-2 4.84721E-2 1.06055E-2 1.22004E-2 3.82853E-2 1.14799E-2 2.6778E-1 1.26845E1 1.68526E0 2.55492E-2 9.03509E-3 1.44626E-2 4.1293E-2 5.98088E-2 4.0909E-1 2.6673E-2 7.47224E-2 6.42167E-2 1.30242E-2 3.0519E-2 1.12136E0 1.25254E0 6.91621E-2 6.92303E-2 6.86558E-2 6.86815E-2 6.92063E-2 9.74578E-2 6.89227E-2 6.91589E-2 6.30615E-3 7.56897E-2
3.33146E0 4.80056E0 6.76043E0 4.05067E0 2.70798E0 1.0475E1 7.55152E0 8.61445E0 1.7252E1 2.8994E1 1.3321E1 4.57244E-1 4.30729E0 1.73019E1 1.89151E1 1.41145E1 2.9109E0 1.89508E1 1.92164E1 4.5685E-1 1.13935E-2 3.04888E-2 2.49133E-2 7.53639E-3 5.52562E-3 7.90306E-2 7.91511E-2 6.63465E-2 1.41916E-2 3.86958E-2 4.92795E-2 6.06357E-2 4.56831E-2 5.71362E0 1.27599E1 4.33502E-3 2.24918E-2 3.10222E-2 8.7535E-3 8.19486E-4 6.2028E-4 1.24505E-2 2.6402E-1 2.61297E-2 7.45763E-2 8.54334E-2 3.26903E-2 2.9887E-2 2.36788E-2 3.72988E-3 5.49382E-2 2.27865E-2 3.05398E-2 2.86461E-3 2.84297E-2 5.84476E-3 3.3554E-3 2.1262E-2 6.68403E-2 5.42833E-2
1.09996E0 2.55734E0 1.1644E0 1.94018E0 1.22203E0 1.03895E1 9.61371E-1 3.51498E0 2.21463E1 2.89937E1 6.35653E0 1.22837E1 4.30923E0 1.73005E1 1.8147E1 1.66863E1 1.4465E1 1.91443E1 1.94326E1 4.04266E0 8.80338E0 2.77259E-1 2.45411E-2 7.13696E-3 7.3843E-2 3.52375E-2 7.81342E-2 8.00532E-2 1.19414E-2 1.11725E-2 1.04604E-2 2.92969E-2 1.14703E-2 1.0841E1 4.75722E-3 3.69736E-3 4.66141E-3 3.20869E-2 2.41703E-2 1.02512E-2 1.36011E-2 3.55232E-2 5.82308E-2 9.15568E-2 2.79215E-2 7.80486E-2 1.10527E-2 2.50509E-2 5.22732E-3 1.77661E-2 5.62199E-3 5.57121E-3 3.1082E-2 7.96471E-2 3.95503E-3 3.87139E-3 1.16077E-2 1.07808E-2 6.65871E-2 2.51764E-2
1.00192E1 1.04903E1 2.69359E1 1.3495E0 3.59649E0 2.27566E1 1.13125E1 8.26465E0 2.02746E1 2.83632E1 5.38351E-1 6.059E0 1.06257E1 1.72473E1 5.94255E0 1.74634E1 1.3713E1 1.44377E1 1.00192E1 3.55872E0 1.48226E0 8.97184E-3 5.51058E-2 3.49937E-2 3.70072E-2 3.16216E-2 2.92793E-2 8.12993E-2 1.41388E-2 4.22178E-2 4.42987E-2 5.81241E-2 9.57893E-3 2.78288E1 2.55065E-2 9.28544E-3 6.68558E-4 2.75259E-2 2.71115E-2 7.77636E-2 1.33851E-2 1.75494E-2 3.07714E-3 3.92222E-2 2.71888E-2 7.55212E-2 7.78278E-2 7.75859E-2 7.14872E-4 2.59804E-2 2.54603E-2 7.12332E-4 2.75148E-2 4.87007E-3 7.3311E-2 1.09419E-2 3.48898E-2 5.71728E-2 5.85497E-3 4.79541E-3
1.15776E1 2.49006E1 3.45379E0 1.31614E0 3.42278E-1 1.55177E0 8.49972E0 9.27039E0 2.75691E0 2.8726E1 5.61135E0 8.4178E0 1.59802E1 1.7445E1 5.66857E0 1.8164E1 1.6424E1 1.43188E1 4.13676E-1 2.35034E-3 2.39115E-3 2.47673E-3 2.2415E-2 2.98348E-2 7.28376E-3 4.79919E-3 1.13459E-2 3.4827E-2 7.8081E-2 1.29737E-2 3.4789E-2 5.91152E-1 1.08767E1 2.66322E-2 2.64007E-2 9.27453E-3 6.84498E-4 6.10182E-3 6.57594E-3 8.37097E-2 1.8225E-2 5.33831E-3 3.69529E-2 3.83958E-2 6.71985E-3 1.0924E-1 1.08738E-1 1.0323E-2 1.248E-2 6.82509E-3 7.18015E-3 6.62992E-2 5.82561E-3 1.34056E-2 5.65206E-2 3.94993E-2 5.74003E-2 6.60764E-2 3.11498E-2 3.70572E-2
3.57197E-1 1.227E0 3.21573E0 1.55372E0 1.11963E1 3.55625E0 2.02633E1 8.56784E0 1.0503E1 1.36866E1 5.67677E0 9.297E0 6.33729E0 4.80589E0 1.67975E1 1.81831E1 1.66413E1 1.69177E1 3.89342E0 1.47135E1 2.74238E-2 5.54967E-3 3.24811E-3 2.953E-2 2.70346E-2 9.26362E-3 7.84723E-2 3.92509E-2 1.14371E-2 3.16987E-2 3.32089E-2 2.61869E-1 2.51107E1 2.44153E-1 2.55065E-2 8.68873E-3 9.59868E-3 7.79583E-2 8.63374E-2 9.88884E-2 6.73151E-3 7.98699E-4 3.93279E-2 3.94612E-2 5.47856E-2 2.73655E-2 8.93744E-3 1.23962E-2 3.8621E-2 2.43772E-2 2.82248E-2 3.38787E-2 5.46618E-2 7.90041E-2 5.6486E-2 5.73518E-2 3.55437E-2 7.50474E-3 4.46872E-3 2.40167E-2
5.38568E0 4.17259E0 4.07373E0 4.13067E0 1.82122E0 1.06038E1 1.35139E0 1.11206E1 2.42621E1 6.11616E0 2.14223E1 4.68528E-1 8.59113E0 9.35894E0 1.75884E1 6.52448E0 1.76581E1 1.73424E1 2.76831E0 4.10015E-3 2.74128E-3 3.98788E-3 4.65847E-4 2.13722E-2 1.0965E-2 8.46939E-3 3.16708E-2 1.04649E-2 1.03591E-1 3.30069E-2 1.13571E-2 1.47046E0 2.27701E1 2.40044E-2 5.67156E-3 2.79062E-2 1.08294E-1 1.1581E-1 7.94704E-2 3.5463E-2 9.06605E-3 7.82315E-4 1.39077E-2 2.33621E-2 3.8123E-2 2.41885E-2 3.9119E-2 4.55622E-2 1.00638E-2 1.25628E-2 3.39007E-2 3.76999E-2 3.36546E-2 6.07287E-2 8.27295E-2 6.71135E-2 7.4942E-3 3.28603E-2 7.76906E-3 2.14609E-2
3.40164E0 4.78875E0 7.03629E-1 1.43911E0 1.19036E1 1.84694E1 1.2309E0 1.61973E1 1.7171E1 4.24E0 2.24793E1 4.64238E-1 3.87014E-1 1.07886E1 1.79513E1 8.83188E0 1.51211E1 2.54435E1 1.38758E1 3.37545E-2 5.80395E-3 9.25342E-2 6.91164E-2 1.2416E-2 3.61406E-2 1.09882E-2 1.06573E-2 3.24437E-2 3.34573E-2 4.81464E0 9.20723E-3 9.81442E0 2.92229E1 2.75848E-1 3.4781E-2 3.63353E-2 3.81632E-2 1.2494E-2 1.0694E-1 6.76269E-3 3.55288E-2 1.19656E-2 1.4234E-2 3.62404E-2 3.79033E-2 3.81233E-2 1.0296E-2 2.59588E-2 3.15263E-2 2.43338E-2 1.39235E-2 1.3793E-2 4.36271E-2 1.28031E-2 5.77331E-2 2.2695E-2 8.23756E-3 4.68371E-3 1.09006E-1 1.03387E-1
3.81668E0 1.17503E0 1.32988E0 6.30504E0 1.34685E0 2.66498E0 1.10453E1 2.41609E1 1.0763E1 4.42904E0 9.24464E0 2.9733E0 3.04115E-1 1.03638E1 1.62969E0 1.75943E1 1.32065E0 2.41705E-3 1.68065E0 4.65306E-3 2.91796E-2 9.67667E-2 6.29585E-3 9.54223E-3 6.78481E-2 3.82729E-2 2.95062E-2 2.91647E-2 5.76689E-1 1.67485E1 9.81027E0 2.00254E-1 1.20494E1 2.45659E-3 2.9743E-3 3.37899E-2 2.61667E-2 7.89804E-2 9.997E-3 9.25986E-2 7.76383E-2 8.24594E-2 4.00207E-2 4.11262E-2 3.72659E-2 2.7266E-2 8.23682E-2 9.51639E-3 7.9537E-2 1.12368E-1 8.02409E-2 1.38839E-2 1.09126E-2 3.35175E-2 3.51044E-2 6.70647E-2 2.41633E-2 3.35888E-2 5.46824E-2 1.06149E-1
3.17778E0 8.84495E0 2.05583E1 3.92225E0 1.99055E1 1.04685E1 1.59953E1 1.34977E1 1.23144E1 4.65389E-1 4.40241E0 1.44667E1 4.32348E0 2.14875E1 3.80729E-1 4.43741E1 2.25271E-1 1.81467E-3 3.08148E-2 2.19891E-2 8.03887E-3 4.39489E-3 7.72983E-2 3.97112E-2 1.07359E-1 3.73998E-2 4.80694E0 4.26226E0 3.95412E0 1.08111E1 1.38988E0 4.60852E-3 5.26953E-2 2.63901E-2 3.27941E-2 7.49279E-2 3.73174E-2 1.17301E-1 8.00657E-2 7.92369E-2 8.95518E-2 1.14269E-1 3.24282E-2 1.29838E-2 3.7143E-2 7.69492E-3 1.06502E-1 8.24237E-2 9.24076E-4 8.95922E-2 1.20225E-1 5.46437E-2 3.35874E-2 5.77635E-2 5.73597E-2 6.20325E-3 7.12467E-2 7.80009E-2 2.14564E-2 2.14443E-2
2.27774E1 1.98249E1 1.06636E1 1.26636E0 9.31495E-1 1.60555E1 4.87274E0 1.38289E1 8.28032E-1 2.22712E0 4.41514E0 1.45772E1 5.97761E0 1.51883E-1 2.25376E-3 2.51908E-1 2.30811E-3 1.90448E-3 3.15489E-2 2.21339E-2 6.28555E-3 6.86156E-3 5.65219E-4 1.27431E-2 9.62232E-2 1.12491E-2 2.73718E1 2.44912E1 6.28401E0 9.86513E0 5.34718E-3 2.13066E-2 2.28782E-2 2.76816E-2 4.06819E-3 1.06379E-1 2.70804E-2 7.38497E-3 1.10348E-1 8.79983E-2 1.15425E-1 1.41916E-2 4.54257E-2 5.00564E-2 3.7181E-2 3.727E-2 3.75423E-2 3.43326E-2 8.3797E-2 9.16965E-4 1.41863E-2 6.04912E-2 5.83644E-2 3.3404E-2 6.6939E-2 6.88628E-3 2.95636E-2 1.01995E-1 7.74656E-2 2.97147E-2
2.02546E1 2.62728E1 8.69637E0 4.43937E0 1.59927E1 1.59043E1 1.54839E0 1.93194E0 3.42536E0 4.08557E-1 1.83234E0 2.76779E1 3.7832E0 8.77914E0 3.41265E-2 2.35366E-3 2.49544E-2 4.90653E-3 2.23384E-2 3.11599E-2 2.87467E-2 7.4942E-3 7.80766E-2 3.05471E-2 1.21614E-2 5.95705E0 6.7505E0 8.35248E0 2.26424E1 4.15872E-3 2.80468E-3 7.55356E-3 4.9299E-3 4.72835E-3 3.34821E-2 1.03409E-2 8.30852E-3 8.26101E-2 8.76563E-3 9.01206E-2 4.15722E-2 5.02042E-2 1.82881E-2 1.26684E-2 5.6381E-2 2.72108E-2 7.73218E-2 1.16777E-2 8.13744E-3 9.30994E-2 4.15398E-2 5.91491E-2 4.69483E-2 1.13692E-1 1.84475E-1 6.64721E-3 5.75582E-2 2.95048E-2 5.31544E-2 5.51813E-2
1.8478E1 1.14991E1 1.62248E1 9.0883E0 6.27661E-2 2.31884E-3 1.60385E-1 3.40287E0 3.99093E-1 9.51209E0 1.35431E1 1.75155E1 8.30231E0 4.56403E-3 2.55894E-2 3.01625E-2 2.72364E-3 2.43929E-2 3.38406E-3 1.01101E-1 2.47264E-2 2.64333E-2 7.8327E-3 1.26983E-2 1.5969E-2 1.16031E-2 6.76575E0 2.50734E1 3.08031E-1 2.52397E-1 3.44825E-2 3.56545E-2 2.68919E-2 8.69952E-3 2.93652E-2 3.01569E-2 8.45758E-2 9.29796E-2 9.20479E-2 1.2498E-2 1.45268E-2 1.878E-2 1.33493E-2 4.07938E-2 3.58108E-2 2.98006E-2 1.07675E-1 1.35509E-2 1.35031E-2 1.3426E-2 8.47361E-4 7.14872E-4 5.18967E-4 1.40268E-2 1.01004E-1 6.69752E-2 9.72988E-2 1.01494E-1 2.40754E-2 2.95195E-2
1.53609E1 3.92913E0 2.87278E0 8.44793E0 4.10747E-3 1.49545E-1 1.69233E-1 3.25825E-1 7.71916E0 2.07798E-1 4.9885E0 5.4035E1 2.51014E-1 1.0254E-2 3.6431E-3 7.20103E-3 3.15529E-2 2.3162E-2 4.34801E-4 3.47739E-3 3.16485E-2 2.66184E-2 7.58918E-3 5.16548E-4 1.01372E-2 1.14703E-2 6.78473E0 3.00687E1 2.35324E-1 5.76318E-3 2.28889E-2 2.32227E-2 1.04703E-1 1.14737E-1 3.41455E-2 1.13203E-1 9.57677E-3 9.32288E-2 5.09393E-2 1.37819E-1 1.96867E-2 7.03365E-3 6.46845E-4 5.63587E-4 2.13684E-2 5.61839E-2 9.74565E-3 1.16823E-2 3.62922E-2 4.01546E-2 1.29837E-2 1.45912E-2 3.26484E-2 3.60895E-2 4.09373E-3 2.13902E-2 2.13467E-2 6.72413E-2 1.03937E-1 5.71382E-2
3.39359E0 1.31666E1 4.89368E-3 2.48262E-3 2.49083E-1 4.83927E-3 2.54825E-3 2.49401E-2 4.73698E-3 1.29758E-2 1.3093E0 1.59685E-1 4.40393E-3 2.30235E-2 7.03236E-3 1.27182E-2 3.69663E-2 6.54361E-3 3.45947E-3 4.60085E-4 1.05965E-1 2.55596E-2 7.1579E-3 1.05737E-2 1.2357E-2 2.72117E-1 6.81387E0 3.01431E1 2.41947E-2 6.25467E-3 5.07636E-3 5.75424E-3 5.62199E-3 6.77835E-3 8.7495E-3 1.20248E-1 8.6427E-2 1.74345E-2 8.94962E-3 9.13425E-3 9.06901E-3 1.22621E-2 2.80528E-2 1.32727E-2 1.89145E-2 5.31617E-2 2.42709E-2 3.37631E-2 4.4782E-2 3.2205E-2 3.34904E-2 1.17844E-2 1.11225E-2 2.1479E-2 1.06374E-2 1.06968E-2 1.09734E-2 3.27669E-3 6.70384E-2 5.31466E-2
7.9835E0 2.37083E-1 2.17763E-2 3.15686E-4 2.76378E-2 2.49531E-3 2.6208E-4 8.7911E-3 1.14325E-2 1.28603E0 1.68571E0 3.70383E-1 5.26641E-3 3.36775E-2 7.26276E-3 1.31811E-2 2.85593E-2 3.18892E-2 7.30476E-3 1.63316E-2 5.50599E-2 7.05326E-3 4.09012E-3 1.31557E-2 3.92642E-2 2.1213E0 6.85627E0 1.49631E1 8.60119E-2 6.89875E-2 7.53817E-2 1.16983E-2 8.96592E-3 1.03438E-2 8.98131E-2 1.08097E-2 7.73868E-2 1.04226E-2 1.00337E-1 1.22939E-1 8.50557E-2 1.38868E-2 1.22838E-1 1.80965E-2 4.29913E-3 3.41538E-2 7.76125E-2 2.97507E-2 3.91112E-2 2.80142E-2 2.80167E-2 5.76032E-2 1.16983E-2 1.16744E-2 7.59961E-2 1.04854E-1 5.45543E-2 1.079E-2 9.25859E-2 2.39805E-2
1.64532E0 4.55662E-3 2.83995E-3 2.9106E-3 3.21956E-3 1.19384E-2 3.5692E-2 1.16841E-2 2.72662E-1 1.77518E1 4.18805E-3 3.00911E-2 2.77909E-2 6.82381E-3 4.02436E-3 5.48929E-4 4.55012E-3 3.81471E-2 7.74787E-3 1.29486E-2 5.38311E-2 2.57954E-2 8.50565E-3 1.07563E-2 1.19384E-2 2.61733E-1 6.88233E0 5.84921E1 4.11478E-3 1.07487E-2 2.52255E-2 3.53413E-2 3.53322E-2 3.24995E-2 8.56512E-2 9.68555E-2 9.75016E-2 1.03176E-1 1.37588E-1 5.08914E-2 5.08613E-2 1.90504E-2 8.50139E-2 4.89249E-3 4.45769E-3 3.54831E-2 7.80359E-2 4.39559E-2 1.28354E-2 1.29397E-2 5.52097E-2 7.57765E-2 7.63427E-2 2.14088E-1 7.58029E-2 7.58805E-2 7.62285E-2 5.75437E-2 2.12598E-2 5.93774E-2
2.41203E-3 2.75017E-2 2.52082E-2 6.28555E-3 1.23325E-2 1.22267E-2 9.20345E-3 4.36908E-2 1.1465E1 3.24062E0 2.34288E-3 2.85755E-3 2.93326E-2 6.15188E-3 5.60242E-2 3.40369E-2 1.38868E-2 3.80213E-2 8.3232E-3 5.84855E-4 4.66884E-3 4.45394E-3 1.35032E-2 3.74236E-2 3.49809E-2 3.66757E-1 6.90006E0 2.88095E1 1.23984E1 8.94285E0 3.47037E-2 6.30615E-3 3.94415E-3 3.08583E-2 3.14392E-2 1.26568E-1 9.84363E-2 1.65794E-2 1.62491E-2 9.23187E-4 1.97899E-2 8.0467E-3 6.29711E-3 3.36917E-2 1.89947E-2 3.0434E-2 7.68419E-2 1.32574E-2 4.88269E-2 7.47404E-2 5.75207E-2 7.48365E-3 1.31985E-2 4.44656E-3 4.48351E-3 3.3027E-2 6.56054E-2 8.3064E-2 1.04687E-2 3.71019E-2
4.27341E-3 2.46913E-3 2.88939E-3 9.50935E-3 1.06984E-2 1.0639E-2 1.18758E-2 1.28364E-2 3.86473E0 2.32962E-3 2.33064E-1 4.86915E-3 2.90701E-3 3.12315E-2 2.41926E-2 2.74261E-2 6.2028E-4 4.74324E-3 4.70235E-3 1.33902E-2 3.13255E-2 1.14418E-2 1.21078E-2 1.29134E-2 3.44502E-2 2.4053E0 2.50392E1 4.15872E-3 2.16909E-2 4.42523E0 5.79637E-2 2.39894E-2 3.96475E-2 3.44439E-2 3.35754E-2 1.20504E-1 9.53146E-2 1.04007E-1 1.40617E-1 2.01587E-2 8.57151E-3 1.56033E-2 5.67038E-2 5.78784E-2 3.57009E-2 2.4609E-2 7.7483E-2 5.97177E-4 2.1412E-2 6.65618E-2 3.50409E-2 7.136E-2 4.91493E-3 3.35929E-2 4.50701E-2 4.30648E-3 2.1394E-2 3.0517E-2 1.06276E-2 3.01468E-2
2.69826E-2 2.48311E-2 6.80718E-2 9.22525E-3 3.17936E-2 2.8274E-2 1.13806E-2 2.08407E-1 2.45398E-3 2.47901E-1 2.38363E-3 2.17832E-2 6.38862E-3 4.55753E-3 4.96365E-3 6.01982E-3 5.90225E-3 1.13365E-2 7.66181E-2 1.13711E-2 7.48237E-2 1.07296E-1 3.06996E-2 1.08083E-2 1.19481E-2 1.47046E0 7.53125E1 4.80941E-3 3.93318E-3 3.11981E-3 2.90425E-2 5.62267E-2 5.78495E-2 7.13696E-3 3.86468E-2 1.15637E-1 9.17561E-2 1.23314E-2 1.12325E-3 9.84614E-3 9.09372E-2 9.42305E-2 5.47119E-2 2.97622E-2 3.55917E-2 8.93744E-3 8.45558E-2 5.78587E-2 5.70023E-2 2.41624E-2 2.14229E-2 1.11541E-1 1.14648E-1 4.50082E-2 5.25756E-3 8.15596E-2 1.62126E-2 1.30646E-2 4.34278E-2 2.99508E-2
2.86672E-2 2.39838E-2 1.24209E-2 3.85124E-2 4.43123E-2 6.05609E-2 1.69805E-2 2.46576E-3 1.14136E-2 2.98607E-2 3.37416E-2 3.44752E-2 6.84462E-3 3.41941E-2 1.07193E-1 7.60022E-2 1.41705E-2 3.95851E-2 1.08994E-1 3.53871E-2 1.01015E-2 3.11515E-2 3.9839E-2 3.60415E-2 1.16221E-2 3.02534E1 1.56955E0 2.84638E-2 7.91767E-3 1.46812E-2 2.47056E-2 4.74324E-3 2.79019E-2 3.4399E-2 3.93898E-2 3.71743E-2 1.14673E-1 9.1478E-2 1.21993E-2 1.61154E-2 1.32256E-1 1.31115E-1 6.07411E-2 1.89065E-2 3.49639E-2 9.29635E-3 7.6771E-4 3.97617E-2 6.64591E-2 5.31951E-2 2.42333E-2 5.64231E-3 3.55047E-2 5.98911E-3 1.1321E-1 6.55481E-2 7.48245E-2 8.84468E-2 2.14797E-2 2.93797E-2
2.49841E-2 2.12991E-2 4.65847E-4 4.46279E-4 1.18229E-2 1.67219E-2 2.56225E-3 2.4801E-3 1.32609E-2 1.90875E-3 3.24201E-2 5.72244E-3 3.13361E-2 2.80558E-2 9.39465E-3 7.49369E-2 1.42604E-2 1.20093E-1 4.69792E-2 3.89626E-2 1.00497E-2 2.70719E-1 2.78587E-1 1.94451E0 9.83185E-3 1.06845E1 4.3203E-3 3.30176E-3 4.69491E-3 2.58404E-2 7.66447E-3 9.43693E-4 2.62939E-2 2.69958E-2 2.88146E-2 3.53394E-2 7.63675E-2 1.13072E-1 1.12106E-2 1.16401E-2 1.52819E-2 1.61769E-2 1.42416E-2 3.55682E-2 6.36925E-3 5.92269E-3 6.53069E-2 1.39077E-2 8.9018E-2 2.74652E-2 2.42472E-2 1.9108E-2 2.4982E-2 1.01662E-2 3.61013E-2 5.52562E-3 7.54865E-4 1.05512E-1 1.49357E-2 4.1293E-2
3.83864E-3 4.0755E-3 1.07654E-2 1.26883E-2 1.69528E-2 5.177E-2 2.23629E-2 1.19354E-2 1.21273E-2 1.72321E-2 2.74475E-3 3.0922E-2 6.8967E-3 7.98816E-3 9.57674E-3 1.00178E-2 7.56575E-4 7.4547E-4 6.18625E-4 1.21322E-2 4.70078E-1 1.9911E1 4.59951E0 3.34906E0 3.46366E0 5.16814E1 4.98891E-3 6.69521E-3 9.00932E-3 1.02988E-2 8.0992E-2 7.31168E-2 1.11198E-3 9.79104E-3 2.9182E-2 6.08131E-3 1.11027E-1 1.11598E-1 1.14206E-1 9.08347E-2 9.01007E-4 8.87753E-4 4.1261E-2 3.54672E-2 1.23659E-2 8.24024E-2 8.36582E-2 7.03878E-4 2.1436E-2 6.63128E-2 7.63989E-2 2.15521E-2 3.49193E-2 8.10169E-2 7.37964E-3 3.51848E-2 8.09818E-2 7.27455E-3 1.08993E-1 2.4967E-2
