outputsolodemlog/flood.asc
ncols         319
nrows         495
xllcorner     219017.22331753
yllcorner     4610852.5305323
cellsize      500.0
NODATA_value  -9999
[rows 312 to 337 of 495, columns 118 to 176 of 319]
1.84973E-1 8.12395E-2 1.26885E-1 8.12395E-2 1.42809E-1 2.75013E-1 1.42809E-1 2.42927E-1 1.2613E-1 1.44563E-1 2.38451E-1 1.10242E-1 8.12395E-2 8.12395E-2 2.01727E-1 2.78971E-1 3.49731E-1 2.53585E-1 6.64201E-1 4.16786E-1 2.33622E-1 1.28988E-1 3.99057E-1 1.10819E-1 1.26885E-1 3.86205E-1 3.95326E-1 3.98062E-1 1.46262E-1 1.42809E-1 3.99057E-1 2.81034E-1 4.49702E-1 1.65921E-1 4.08372E-1 4.29019E-1 2.32578E-1 1.10819E-1 2.41753E-1 2.42571E-1 4.17616E-1 1.34475E-1 5.31537E-2 5.1578E-2 2.0034E-3 8.24794E-4 1.92192E-3 8.59813E-4 5.85315E-4 1.11809E-3 8.74997E-4 1.26895E-3 6.35306E-2 2.65488E-1 1.6127E-1 1.86318E-1 2.32581E-1 3.67809E-1 2.66282E-1
1.16782E-1 1.26885E-1 1.42809E-1 2.39696E-1 1.28988E-1 1.42809E-1 1.9473E-1 2.55354E-1 1.10242E-1 1.16782E-1 1.16782E-1 1.10242E-1 1.28988E-1 8.12395E-2 8.12395E-2 8.12395E-2 2.48972E-1 4.156E-1 5.06556E-1 6.3255E-1 2.24112E-1 3.86205E-1 4.34367E-1 1.63368E-1 2.81034E-1 4.43973E-1 2.05424E-1 1.10819E-1 1.28988E-1 1.42809E-1 4.29742E-1 2.47682E-1 4.07884E-1 2.05424E-1 3.46206E-1 1.46262E-1 2.71772E-1 2.41902E-1 1.28988E-1 1.10819E-1 2.42364E-1 5.16852E-1 2.23764E-2 7.78504E-2 2.1742E-3 2.16894E-3 1.86346E-3 1.566E-3 8.59813E-4 8.74997E-4 1.11809E-3 5.85315E-4 1.3643E-3 1.70066E-1 2.83642E-1 2.54005E-1 1.32398E-1 2.13608E-2 2.27629E-2
1.26885E-1 1.42809E-1 2.63737E-1 1.42809E-1 2.99851E-1 1.85692E-1 2.52153E-1 1.16782E-1 2.11846E-1 1.14987E-1 1.42809E-1 2.39695E-1 2.20594E-1 1.10819E-1 1.42809E-1 2.41509E-1 4.61121E-1 4.57229E-1 6.9086E-1 2.82645E-1 2.58454E-1 4.06079E-1 4.2818E-1 3.75922E-1 2.39647E-1 4.02691E-1 3.75922E-1 2.5786E-1 3.58505E-1 2.5786E-1 2.48972E-1 4.51474E-1 2.39647E-1 3.65248E-1 2.5786E-1 2.5786E-1 4.28702E-1 1.28988E-1 3.9101E-1 2.68117E-1 1.14987E-1 4.33705E-1 2.23764E-2 1.67098E-3 8.59813E-4 8.19972E-4 8.19972E-4 1.566E-3 8.59813E-4 5.85315E-4 1.10225E-3 1.26896E-3 1.11808E-3 1.67098E-3 5.45306E-2 2.76639E-1 2.40405E-1 2.62687E-1 1.65057E-1
1.42809E-1 1.70989E-1 1.42809E-1 1.84359E-1 1.16782E-1 2.22902E-1 2.50335E-1 2.38625E-1 1.14987E-1 1.10242E-1 8.12395E-2 2.65473E-1 2.68797E-1 1.28988E-1 1.10819E-1 8.12395E-2 2.57925E-1 4.3477E-1 6.86776E-1 3.17121E-1 4.74904E-1 4.87624E-1 4.75021E-1 4.69525E-1 5.50125E-1 2.862E-1 5.3383E-1 3.96485E-1 2.16622E-1 3.71511E-1 2.61762E-1 4.51867E-1 4.20844E-1 4.30061E-1 4.29676E-1 4.29282E-1 2.05424E-1 4.3636E-1 1.14987E-1 1.10819E-1 2.30674E-1 2.22751E-1 2.23764E-2 8.24794E-4 1.57519E-3 8.59813E-4 8.24794E-4 1.87115E-3 8.59813E-4 9.79893E-4 5.85315E-4 5.85315E-4 5.85315E-4 2.10454E-3 3.63287E-2 2.27629E-2 2.78358E-1 2.6062E-1 1.65057E-1
8.12395E-2 2.4151E-1 1.73611E-1 2.50489E-1 8.12395E-2 1.16782E-1 2.48883E-1 2.50336E-1 1.14987E-1 1.10819E-1 1.44563E-1 8.12395E-2 1.42809E-1 2.73157E-1 1.28988E-1 8.12395E-2 1.42809E-1 4.45515E-1 4.96826E-1 7.00095E-1 7.15355E-1 7.38783E-1 6.77069E-1 6.23491E-1 5.72191E-1 4.51052E-1 5.57765E-1 4.21028E-1 2.16622E-1 2.42425E-1 4.0608E-1 4.31752E-1 2.33622E-1 1.48463E-1 1.63368E-1 1.68359E-1 4.35123E-1 2.26254E-1 4.26481E-1 1.14987E-1 1.10819E-1 3.22476E-1 5.70074E-1 7.03452E-2 8.24794E-4 1.78762E-3 8.59813E-4 2.12342E-3 9.79893E-4 1.87116E-3 8.24794E-4 8.24794E-4 5.85315E-4 5.85315E-4 1.67099E-3 1.26892E-3 1.72679E-1 2.27629E-2 3.21913E-2
8.12395E-2 1.44564E-1 8.12395E-2 2.48887E-1 2.4151E-1 1.76264E-1 1.16782E-1 1.16782E-1 2.30674E-1 1.14987E-1 1.16782E-1 1.42809E-1 2.41509E-1 2.69905E-1 2.1737E-1 1.28988E-1 8.12395E-2 8.12395E-2 3.79064E-1 4.12099E-1 3.85384E-1 2.21934E-1 3.0436E-1 6.87542E-1 5.72385E-1 4.27953E-1 5.20252E-1 5.00702E-1 2.24112E-1 2.61762E-1 4.75828E-1 2.16622E-1 2.25228E-1 2.39647E-1 4.0172E-1 4.21976E-1 4.21781E-1 1.65921E-1 1.16782E-1 2.40089E-1 2.48573E-1 2.42574E-1 7.81264E-2 1.6925E-1 2.0405E-3 8.59813E-4 8.24794E-4 2.24033E-3 1.87114E-3 1.99387E-3 1.64203E-3 9.79893E-4 8.24794E-4 5.85315E-4 1.11808E-3 1.36431E-3 8.74997E-4 3.75484E-2 1.73248E-1
8.12395E-2 2.83581E-1 1.78952E-1 8.12395E-2 8.12395E-2 1.16782E-1 1.10242E-1 8.12395E-2 1.16782E-1 1.10242E-1 1.42809E-1 2.4151E-1 2.65472E-1 2.53164E-1 2.70062E-1 2.77493E-1 1.14987E-1 8.12395E-2 1.16782E-1 3.05154E-1 1.48463E-1 2.68392E-1 4.55302E-1 6.87528E-1 5.72579E-1 6.68148E-1 4.06225E-1 2.1961E-1 2.25228E-1 2.39647E-1 4.33679E-1 2.33622E-1 2.39647E-1 4.03062E-1 3.96487E-1 1.65921E-1 1.68359E-1 4.08515E-1 2.70952E-1 1.9892E-1 1.14987E-1 2.38632E-1 2.7485E-1 3.3704E-2 2.13608E-2 1.87112E-3 9.79893E-4 9.79893E-4 2.08924E-3 8.59813E-4 9.79893E-4 2.12341E-3 8.24794E-4 5.85315E-4 1.11809E-3 8.74997E-4 2.10453E-3 5.98594E-2 6.26336E-1
1.70989E-1 8.12395E-2 1.26885E-1 1.26885E-1 1.28988E-1 1.26885E-1 1.28988E-1 1.28988E-1 1.92372E-1 1.14987E-1 1.28988E-1 1.42809E-1 2.4151E-1 2.39695E-1 2.77493E-1 3.28949E-1 1.26885E-1 1.28988E-1 8.12395E-2 1.2613E-1 1.36916E-1 1.19239E-1 2.61762E-1 7.52213E-1 5.68499E-1 5.21442E-1 2.16622E-1 2.08672E-1 2.39647E-1 4.34242E-1 2.16622E-1 2.08672E-1 4.04211E-1 3.92097E-1 2.33622E-1 3.86741E-1 3.6813E-1 1.46262E-1 1.10242E-1 1.28988E-1 1.28988E-1 1.25751E-1 1.92372E-1 7.81264E-2 8.24794E-4 5.35645E-2 1.57518E-3 2.0943E-3 8.59813E-4 9.61613E-4 1.87114E-3 2.0308E-3 1.64203E-3 8.59813E-4 8.74997E-4 5.85315E-4 1.10225E-3 2.10452E-3 5.85845E-1
1.32398E-1 1.42809E-1 2.4151E-1 2.8733E-1 2.96991E-1 2.97161E-1 2.69911E-1 2.56746E-1 1.10819E-1 1.28988E-1 2.20595E-1 1.42809E-1 2.41509E-1 2.65472E-1 3.26646E-1 1.36916E-1 3.29126E-1 2.93634E-1 1.63368E-1 1.60808E-1 1.63368E-1 3.79492E-1 2.39647E-1 3.21217E-1 6.42397E-1 4.49388E-1 2.16622E-1 2.09643E-1 4.46702E-1 2.16622E-1 2.39647E-1 4.04599E-1 2.33622E-1 2.27173E-1 2.15963E-1 2.5786E-1 1.84828E-1 1.41141E-1 1.63368E-1 2.06356E-1 2.35004E-1 2.32579E-1 1.30398E-1 3.90136E-1 8.59813E-4 1.89474E-1 5.29484E-2 8.59813E-4 9.61613E-4 9.79893E-4 2.0858E-3 8.59813E-4 9.79893E-4 8.24794E-4 8.24794E-4 9.61613E-4 1.10225E-3 2.10453E-3 5.8536E-1
1.25751E-1 1.42809E-1 1.44564E-1 1.60949E-1 2.01727E-1 1.42809E-1 2.41509E-1 2.71491E-1 1.14987E-1 2.17371E-1 2.43147E-1 1.26885E-1 1.26885E-1 1.26885E-1 1.39159E-1 3.26823E-1 3.02326E-1 5.00375E-1 4.67256E-1 2.48972E-1 4.1909E-1 2.39647E-1 5.50687E-1 6.87055E-1 5.73411E-1 5.59981E-1 4.79309E-1 4.45284E-1 2.39647E-1 2.5786E-1 4.04977E-1 2.5786E-1 4.07498E-1 4.17377E-1 4.1699E-1 4.1661E-1 4.1603E-1 4.39116E-1 4.38719E-1 3.00366E-1 1.10819E-1 1.28988E-1 2.56747E-1 1.25751E-1 2.54249E-2 1.75351E-1 8.59813E-4 9.79893E-4 9.79893E-4 2.09425E-3 8.59813E-4 9.61613E-4 2.32515E-3 1.64203E-3 8.24794E-4 1.10225E-3 2.56749E-3 2.61497E-3 6.43547E-1
1.45966E-1 1.42809E-1 1.44564E-1 8.12395E-2 1.26885E-1 1.26885E-1 1.28988E-1 1.16782E-1 2.71658E-1 1.28988E-1 2.31716E-1 1.26885E-1 2.20594E-1 2.68057E-1 3.25547E-1 1.84828E-1 4.68765E-1 1.98714E-1 2.54269E-1 4.72153E-1 2.61762E-1 5.72845E-1 6.87031E-1 3.08052E-1 2.94386E-1 3.21217E-1 2.26797E-1 2.39647E-1 4.45067E-1 4.50651E-1 4.19688E-1 4.19304E-1 2.24112E-1 1.68359E-1 1.68359E-1 1.16782E-1 1.16782E-1 1.16782E-1 1.48463E-1 4.24521E-1 3.02166E-1 2.63722E-1 2.42569E-1 1.14987E-1 2.46541E-1 3.3704E-2 5.29001E-2 8.1756E-2 5.51173E-2 8.59813E-4 8.19972E-4 9.61613E-4 2.47132E-3 1.64202E-3 8.24794E-4 5.85315E-4 1.10225E-3 5.31136E-2 5.37482E-1
2.87309E-1 1.28988E-1 1.10819E-1 1.26885E-1 1.42809E-1 2.65473E-1 2.87329E-1 2.63736E-1 1.42809E-1 2.92483E-1 1.26885E-1 1.26885E-1 3.08903E-1 1.63368E-1 4.1832E-1 4.47391E-1 4.55762E-1 1.98714E-1 2.03237E-1 4.78169E-1 4.78367E-1 7.01257E-1 3.1932E-1 3.40527E-1 3.3662E-1 5.59305E-1 2.93378E-1 5.04436E-1 2.16622E-1 2.1961E-1 2.36774E-1 3.5971E-1 3.91172E-1 1.14987E-1 1.26885E-1 1.63368E-1 3.58504E-1 1.14987E-1 8.12395E-2 1.16782E-1 1.10242E-1 1.28988E-1 1.10819E-1 2.46839E-1 7.81264E-2 5.97712E-2 2.23764E-2 1.33793E-1 2.4962E-2 9.79893E-4 9.61613E-4 9.79893E-4 6.19132E-2 1.78761E-3 8.59813E-4 9.79893E-4 1.10225E-3 2.10452E-3 2.94347E-1
1.6127E-1 2.89089E-1 1.28988E-1 1.28988E-1 2.20595E-1 1.28988E-1 1.42809E-1 2.41509E-1 1.82667E-1 1.42809E-1 3.21884E-1 3.33752E-1 3.02326E-1 4.73451E-1 2.54269E-1 2.5786E-1 4.56318E-1 2.47682E-1 1.71816E-1 2.1961E-1 2.61762E-1 4.42445E-1 7.2907E-1 6.88732E-1 5.48879E-1 5.68115E-1 5.94949E-1 4.42427E-1 2.16622E-1 3.36405E-1 2.22453E-1 1.16782E-1 1.48463E-1 1.59453E-1 1.80111E-1 4.37206E-1 1.24211E-1 3.21557E-1 1.14987E-1 1.63368E-1 1.36916E-1 3.29699E-1 2.47098E-1 1.14987E-1 2.20595E-1 2.23764E-2 8.24794E-4 8.74997E-4 2.4962E-2 5.35645E-2 1.10225E-3 8.34137E-2 1.97148E-1 1.64201E-3 8.59813E-4 1.5752E-3 1.10225E-3 2.10452E-3 2.94347E-1
1.78952E-1 1.42809E-1 3.19315E-1 3.19863E-1 3.20546E-1 3.21073E-1 2.9222E-1 1.28988E-1 1.28988E-1 1.26885E-1 1.28988E-1 1.80111E-1 3.52529E-1 2.81034E-1 5.0798E-1 3.33053E-1 2.70274E-1 4.5689E-1 2.47682E-1 2.70274E-1 4.03932E-1 5.45518E-1 6.83977E-1 6.99184E-1 7.09176E-1 5.76883E-1 6.49391E-1 5.25635E-1 3.96485E-1 2.24112E-1 2.45904E-1 1.19755E-1 2.48972E-1 3.99057E-1 1.53877E-1 4.49307E-1 4.34367E-1 1.65921E-1 1.63368E-1 2.67232E-1 1.42809E-1 4.79148E-1 1.14987E-1 1.10819E-1 2.43147E-1 2.5123E-1 1.64201E-3 8.59813E-4 1.10225E-3 1.89404E-1 2.23764E-2 3.75484E-2 6.28616E-1 2.14839E-2 1.78761E-3 9.79893E-4 9.61613E-4 1.10225E-3 2.46223E-1
2.65473E-1 1.70989E-1 1.16782E-1 1.16782E-1 1.16782E-1 1.16782E-1 1.42809E-1 3.22067E-1 3.2243E-1 3.22602E-1 3.54411E-1 1.63368E-1 1.48463E-1 2.48972E-1 2.83923E-1 2.27173E-1 2.44186E-1 2.39647E-1 4.61944E-1 2.39647E-1 1.58384E-1 2.1961E-1 5.68269E-1 3.15555E-1 3.19335E-1 7.32688E-1 6.01052E-1 4.72731E-1 2.16622E-1 2.15963E-1 3.82224E-1 1.24211E-1 2.45904E-1 3.73175E-1 1.42809E-1 4.45515E-1 4.50891E-1 2.27605E-1 4.01371E-1 1.24211E-1 1.42809E-1 4.66495E-1 2.46661E-1 1.10819E-1 2.72356E-1 1.98921E-1 3.3704E-2 8.24794E-4 1.10225E-3 6.93889E-2 1.94899E-1 9.80176E-2 2.75586E-1 1.65057E-1 9.79893E-4 1.55842E-1 2.54249E-2 4.98694E-1 3.00432E-1
1.28988E-1 1.42809E-1 2.17371E-1 1.28988E-1 1.26885E-1 1.26885E-1 8.12395E-2 1.16782E-1 1.26885E-1 1.26885E-1 1.53877E-1 4.96652E-1 1.46262E-1 1.84828E-1 2.54269E-1 2.5786E-1 2.61762E-1 5.14623E-1 5.35611E-1 5.02517E-1 2.61762E-1 4.18537E-1 2.61762E-1 5.0869E-1 5.66146E-1 7.21971E-1 6.05796E-1 4.55376E-1 2.16622E-1 3.9094E-1 2.33622E-1 1.60808E-1 4.38889E-1 1.60241E-1 8.12395E-2 1.60808E-1 2.5786E-1 4.04604E-1 2.33622E-1 1.40431E-1 1.42809E-1 4.5605E-1 3.75414E-1 1.14987E-1 2.56181E-1 1.14987E-1 2.12829E-1 8.59813E-4 9.61613E-4 2.54249E-2 2.66795E-1 8.65836E-2 2.75744E-1 3.98725E-1 5.58963E-1 4.65047E-1 2.42741E-1 1.6127E-1 3.03786E-1
2.39696E-1 1.26885E-1 1.28988E-1 2.56745E-1 1.10819E-1 2.41509E-1 2.53164E-1 1.42809E-1 2.41509E-1 3.42936E-1 3.05995E-1 2.08298E-1 4.96869E-1 3.94545E-1 2.81034E-1 5.12096E-1 3.59198E-1 2.1961E-1 2.1961E-1 3.79064E-1 3.81231E-1 2.1961E-1 2.61762E-1 5.21416E-1 5.71326E-1 6.94554E-1 6.12783E-1 5.34576E-1 4.11949E-1 3.45757E-1 2.22453E-1 2.48972E-1 4.43384E-1 1.46262E-1 2.5786E-1 1.53877E-1 4.47722E-1 2.05424E-1 1.19137E-1 2.5786E-1 2.03237E-1 4.57228E-1 2.33622E-1 2.90563E-1 1.28988E-1 2.28458E-1 1.14987E-1 1.45966E-1 8.65836E-2 2.73009E-1 1.43632E-1 8.8086E-2 2.76049E-1 2.74235E-1 2.82307E-1 1.14987E-1 1.45966E-1 2.12828E-1 2.70367E-1
3.02588E-1 3.03258E-1 2.7566E-1 2.63825E-1 1.10819E-1 1.26885E-1 1.28988E-1 2.56656E-1 8.12395E-2 8.12395E-2 3.26116E-1 1.82005E-1 2.68392E-1 5.34536E-1 3.67005E-1 2.36774E-1 4.11201E-1 3.35096E-1 2.64525E-1 1.58384E-1 2.1961E-1 2.61762E-1 2.64525E-1 2.61762E-1 5.05416E-1 7.3265E-1 5.63176E-1 4.55376E-1 2.16622E-1 3.80839E-1 1.24211E-1 2.61762E-1 4.43974E-1 1.46262E-1 3.83941E-1 1.80111E-1 4.4832E-1 1.46262E-1 2.70274E-1 4.2518E-1 2.27605E-1 4.25883E-1 1.14987E-1 4.62718E-1 4.2532E-1 1.14987E-1 1.10819E-1 2.20595E-1 1.42809E-1 2.7348E-1 1.42809E-1 2.79857E-1 3.79138E-1 1.30398E-1 7.93976E-2 2.71517E-1 2.8053E-1 2.79265E-1 1.14987E-1
1.42809E-1 2.41509E-1 2.65472E-1 2.77428E-1 1.28988E-1 1.26885E-1 2.39695E-1 1.42809E-1 3.09518E-1 2.26112E-1 1.80111E-1 4.97369E-1 3.45066E-1 2.83923E-1 2.81034E-1 3.14376E-1 1.64282E-1 1.58384E-1 2.61762E-1 4.03932E-1 4.01542E-1 2.36229E-1 2.36229E-1 2.61762E-1 6.11337E-1 6.90945E-1 5.04377E-1 4.51052E-1 2.33622E-1 1.48463E-1 1.40431E-1 2.70274E-1 4.44567E-1 1.46262E-1 4.0608E-1 2.81034E-1 4.48905E-1 2.22453E-1 2.54269E-1 2.27605E-1 4.16404E-1 1.65921E-1 1.63368E-1 4.20608E-1 1.24211E-1 3.27781E-1 1.14987E-1 2.12827E-1 1.28988E-1 2.40726E-1 1.42809E-1 2.20594E-1 2.99001E-1 7.81264E-2 8.12395E-2 1.16782E-1 2.22903E-1 1.32398E-1 1.25108E-1
2.60182E-1 1.28988E-1 1.42809E-1 2.1737E-1 2.7775E-1 1.28988E-1 2.41509E-1 2.87327E-1 2.811E-1 1.60808E-1 1.04419E-1 1.19239E-1 1.68359E-1 2.08298E-1 1.71816E-1 2.36774E-1 2.54269E-1 2.47682E-1 2.36229E-1 2.39647E-1 2.39647E-1 4.52673E-1 4.9123E-1 5.75824E-1 6.13177E-1 6.97198E-1 5.41357E-1 4.72731E-1 2.16622E-1 3.36405E-1 1.65921E-1 2.39647E-1 4.04028E-1 1.65921E-1 3.92571E-1 1.80111E-1 4.49499E-1 2.16622E-1 2.27605E-1 4.1715E-1 1.65921E-1 1.84828E-1 4.10587E-1 1.65921E-1 3.21557E-1 1.14987E-1 4.1162E-1 1.14987E-1 2.41021E-1 1.28988E-1 1.26885E-1 3.37063E-1 1.14987E-1 1.25108E-1 1.10819E-1 9.26011E-2 1.16782E-1 1.45966E-1 2.6695E-1
2.94536E-1 2.72138E-1 1.26885E-1 1.42809E-1 2.79856E-1 2.96828E-1 1.28988E-1 1.28988E-1 1.36916E-1 3.28559E-1 2.71772E-1 1.60808E-1 1.84828E-1 5.25177E-1 5.41319E-1 5.28453E-1 5.28671E-1 5.18524E-1 5.18733E-1 5.22125E-1 5.22734E-1 4.88807E-1 2.39647E-1 2.61762E-1 4.64061E-1 7.20761E-1 5.59305E-1 5.25635E-1 3.96485E-1 2.05424E-1 2.81034E-1 4.4692E-1 2.33622E-1 3.89544E-1 2.33622E-1 1.80111E-1 4.86187E-1 4.45178E-1 4.44935E-1 4.26327E-1 4.25952E-1 4.25577E-1 4.13508E-1 4.23732E-1 3.68131E-1 1.46262E-1 1.41141E-1 3.26368E-1 1.14987E-1 2.68057E-1 1.28988E-1 3.76466E-1 2.35876E-1 2.19883E-1 1.14987E-1 1.10819E-1 1.42809E-1 2.73324E-1 1.30398E-1
1.83393E-1 1.26885E-1 3.00195E-1 2.84579E-1 8.12395E-2 1.42809E-1 3.91987E-1 3.60335E-1 1.53877E-1 4.9708E-1 3.99408E-1 2.03237E-1 3.84567E-1 1.49621E-1 1.49621E-1 2.36774E-1 1.71816E-1 2.44186E-1 1.58384E-1 4.16401E-1 2.1961E-1 2.61762E-1 5.40682E-1 2.61762E-1 6.67539E-1 6.89227E-1 5.88027E-1 4.72731E-1 2.16622E-1 2.15963E-1 2.39647E-1 4.04984E-1 2.47682E-1 2.09643E-1 2.27605E-1 2.5786E-1 4.44698E-1 4.00894E-1 1.48463E-1 1.16782E-1 1.16782E-1 3.34592E-1 1.68359E-1 1.68359E-1 4.24127E-1 4.33075E-1 1.14987E-1 1.19755E-1 1.10242E-1 1.42809E-1 5.248E-1 1.14987E-1 1.10242E-1 1.10242E-1 2.25235E-1 1.98921E-1 1.30398E-1 2.73485E-1 2.12828E-1
2.39695E-1 1.42809E-1 1.90489E-1 2.41509E-1 3.13881E-1 1.95993E-1 1.16782E-1 1.26885E-1 2.21176E-1 2.96721E-1 3.27732E-1 3.45535E-1 2.08298E-1 2.48972E-1 4.58865E-1 4.76924E-1 4.81511E-1 4.66369E-1 3.22843E-1 2.61762E-1 4.01542E-1 2.61762E-1 5.31105E-1 4.93724E-1 3.18379E-1 6.92361E-1 5.92439E-1 5.93006E-1 4.67815E-1 2.39647E-1 4.65418E-1 3.96486E-1 3.92096E-1 2.24112E-1 4.03932E-1 4.88564E-1 2.24112E-1 1.68359E-1 3.91172E-1 1.24211E-1 1.28988E-1 1.16782E-1 1.28988E-1 1.71816E-1 1.48463E-1 3.20278E-1 4.08515E-1 1.46262E-1 1.26885E-1 1.84828E-1 4.82493E-1 1.14987E-1 1.10819E-1 2.6027E-1 1.28988E-1 1.10819E-1 1.10819E-1 2.70389E-1 1.28988E-1
2.41509E-1 1.90121E-1 8.12395E-2 8.12395E-2 1.60948E-1 1.16782E-1 1.42809E-1 2.41509E-1 2.1692E-1 1.04419E-1 1.04419E-1 1.48463E-1 1.82005E-1 1.19239E-1 2.42425E-1 2.5786E-1 1.71816E-1 1.71816E-1 3.79064E-1 1.58384E-1 2.61762E-1 3.51688E-1 2.1961E-1 2.1961E-1 4.52673E-1 6.88302E-1 6.48823E-1 2.16622E-1 2.08672E-1 5.56927E-1 4.21028E-1 2.16622E-1 2.5786E-1 2.5786E-1 2.09643E-1 4.46503E-1 3.74949E-1 2.33622E-1 1.48463E-1 1.40431E-1 3.88134E-1 1.14987E-1 3.94545E-1 3.99057E-1 1.14987E-1 1.16782E-1 1.16782E-1 1.10242E-1 1.42809E-1 5.26562E-1 1.24211E-1 2.37944E-1 1.26885E-1 3.20901E-1 2.31715E-1 2.19882E-1 1.14987E-1 1.42809E-1 2.8041E-1
1.89261E-1 1.16782E-1 1.42809E-1 1.44563E-1 1.42809E-1 2.1737E-1 1.26885E-1 1.28988E-1 1.2613E-1 1.36916E-1 1.60808E-1 1.80111E-1 3.27732E-1 4.61121E-1 4.81512E-1 5.03571E-1 4.60927E-1 1.71816E-1 2.27173E-1 2.70274E-1 3.50303E-1 3.49731E-1 2.08672E-1 2.89897E-1 1.58384E-1 3.68867E-1 7.13996E-1 2.16622E-1 2.09643E-1 2.36774E-1 5.22863E-1 5.23445E-1 4.58716E-1 4.58096E-1 4.57361E-1 2.16622E-1 2.27173E-1 2.47682E-1 2.26254E-1 4.09934E-1 1.46262E-1 2.24308E-1 1.84828E-1 4.14389E-1 1.14987E-1 1.63368E-1 1.82005E-1 1.63368E-1 1.53877E-1 5.13823E-1 3.53497E-1 1.14987E-1 1.39159E-1 4.26544E-1 1.14987E-1 1.10819E-1 1.26885E-1 1.28988E-1 2.49204E-1
1.16782E-1 1.42809E-1 2.1737E-1 1.42809E-1 2.1737E-1 1.42809E-1 2.79856E-1 2.84925E-1 1.26885E-1 1.39159E-1 2.95698E-1 3.95052E-1 3.63093E-1 2.48972E-1 3.48517E-1 4.27609E-1 4.57637E-1 2.81034E-1 5.13896E-1 3.59776E-1 2.27173E-1 2.1961E-1 1.58384E-1 2.1961E-1 1.58384E-1 2.61762E-1 5.92322E-1 6.93362E-1 2.16622E-1 2.5786E-1 2.36774E-1 2.1961E-1 2.1961E-1 2.36774E-1 2.27173E-1 2.5786E-1 4.01911E-1 4.11761E-1 4.0931E-1 3.55685E-1 1.46262E-1 2.5786E-1 4.67367E-1 2.15338E-1 1.60241E-1 3.94545E-1 2.81034E-1 4.42997E-1 2.5786E-1 4.71171E-1 2.33622E-1 1.84828E-1 4.45837E-1 4.11605E-1 3.48465E-1 1.14987E-1 1.28988E-1 2.83505E-1 1.14987E-1
