outputsolodemlog/flood.asc
ncols         319
nrows         495
xllcorner     219017.22331753
yllcorner     4610852.5305323
cellsize      500.0
NODATA_value  -9999
[rows 130 to 155 of 495, columns 59 to 117 of 319]
-9999 -9999 -9999 -9999 -9999 -9999 -9999 -9999 -9999 -9999 -9999 -9999 -9999 2.73641E-1 1.10819E-1 1.92372E-1 1.14987E-1 2.66209E-1 2.39209E-1 2.35878E-1 2.3258E-1 2.55489E-1 2.62706E-1 2.61619E-1 1.14987E-1 2.36934E-1 1.14987E-1 2.41146E-1 1.76308E-1 1.86342E-3 1.64201E-3 8.59813E-4 5.85315E-4 1.10225E-3 2.02225E-1 3.27595E-1 3.0312E-1 2.76344E-1 2.53166E-1 8.12395E-2 3.09986E-1 2.63142E-1 2.5034E-1 2.22751E-1 8.59813E-4 9.80176E-2 2.94346E-1 2.02675E-1 2.35723E-1 2.23764E-2 8.74997E-4 1.78985E-1 1.33793E-1 8.59813E-4 1.56599E-3 8.59813E-4 5.85315E-4 8.74997E-4 8.74997E-4
-9999 -9999 -9999 -9999 -9999 -9999 -9999 -9999 -9999 -9999 -9999 -9999 -9999 2.79733E-1 2.76497E-1 2.75698E-1 2.75539E-1 1.14987E-1 2.58676E-1 2.67729E-1 2.67257E-1 2.48118E-1 2.47967E-1 2.42572E-1 2.32581E-1 2.01211E-1 5.68635E-1 3.42793E-2 5.84938E-1 1.642E-3 8.59813E-4 8.24794E-4 1.10225E-3 1.11807E-3 1.4416E-3 3.42793E-2 3.3753E-1 1.6127E-1 3.05338E-1 1.92279E-1 1.32398E-1 2.27629E-2 2.25799E-1 2.50128E-1 2.23764E-2 9.80176E-2 2.02033E-1 1.32398E-1 2.25799E-1 3.3704E-2 2.14839E-2 8.74997E-4 1.68428E-1 2.00338E-3 1.64202E-3 8.59813E-4 9.61613E-4 1.10225E-3 1.87112E-3
-9999 -9999 -9999 -9999 -9999 -9999 -9999 -9999 -9999 -9999 -9999 -9999 1.28988E-1 1.10819E-1 1.10819E-1 1.91462E-1 1.14987E-1 2.27427E-1 1.14987E-1 2.25799E-1 2.22904E-1 2.24213E-1 2.45806E-1 2.25799E-1 7.93976E-2 5.14651E-1 1.67486E-1 8.59813E-4 1.67098E-3 7.76161E-2 1.86344E-3 8.59813E-4 1.10225E-3 1.3896E-3 8.74997E-4 5.85315E-4 5.24417E-2 1.53381E-2 2.83175E-1 2.50341E-1 2.38634E-1 7.81264E-2 8.74997E-4 8.74997E-4 8.19972E-4 2.85125E-2 2.48715E-1 2.61059E-1 2.19884E-1 2.22751E-1 1.34475E-1 8.59813E-4 1.67098E-3 8.19972E-4 8.19972E-4 9.61613E-4 9.61613E-4 2.10453E-3 5.73399E-2
-9999 -9999 -9999 -9999 -9999 -9999 -9999 -9999 -9999 -9999 -9999 1.10819E-1 2.38776E-1 2.47063E-1 1.14987E-1 1.92372E-1 1.14987E-1 2.22904E-1 7.81264E-2 8.74997E-4 2.25799E-1 2.22904E-1 2.66093E-1 7.47742E-2 2.13608E-2 8.74997E-4 8.74997E-4 8.19972E-4 8.74997E-4 1.89631E-3 1.91067E-3 8.59813E-4 5.85315E-4 8.74997E-4 8.19972E-4 5.85315E-4 1.89631E-3 5.85315E-4 2.31872E-2 1.75323E-1 5.6226E-1 5.73141E-1 4.19116E-2 8.59813E-4 9.61613E-4 1.53381E-2 4.27271E-1 2.73147E-1 1.30398E-1 2.61751E-1 1.39393E-1 8.59813E-4 8.74997E-4 1.87112E-3 8.59813E-4 1.10225E-3 2.38817E-3 5.73401E-2 1.10225E-3
-9999 -9999 -9999 -9999 -9999 -9999 -9999 -9999 -9999 -9999 2.58811E-1 2.67235E-1 1.98921E-1 1.14987E-1 2.30674E-1 2.19883E-1 1.98921E-1 1.30398E-1 2.13608E-2 2.31872E-2 5.85315E-4 2.27629E-2 1.57611E-1 8.19972E-4 9.61613E-4 9.79893E-4 9.79893E-4 8.24794E-4 5.85315E-4 8.74997E-4 8.74997E-4 8.19972E-4 9.61613E-4 9.79893E-4 8.24794E-4 5.85315E-4 8.74997E-4 1.10225E-3 3.56899E-2 8.74997E-4 1.67098E-3 1.67098E-3 8.19972E-4 2.10452E-3 5.98594E-2 4.83621E-1 3.17556E-1 2.91113E-1 2.5999E-1 3.67809E-1 5.97712E-2 8.59813E-4 9.79893E-4 2.12337E-3 8.24794E-4 1.10225E-3 2.10453E-3 2.38816E-3 2.15357E-1
-9999 -9999 -9999 -9999 -9999 -9999 -9999 -9999 -9999 1.44563E-1 1.16782E-1 1.16782E-1 2.57423E-1 1.14987E-1 2.25234E-1 2.19883E-1 1.98921E-1 1.68819E-1 8.8086E-2 8.8086E-2 8.24794E-4 8.24794E-4 8.74997E-4 8.19972E-4 1.10225E-3 3.50652E-1 1.83887E-1 8.59813E-4 8.24794E-4 9.61613E-4 9.79893E-4 9.61613E-4 9.79893E-4 2.28282E-3 8.24794E-4 9.79893E-4 9.79893E-4 5.85315E-4 8.74997E-4 8.19972E-4 8.74997E-4 8.74997E-4 5.85315E-4 1.10225E-3 5.31136E-2 5.8536E-1 9.80176E-2 1.9813E-1 1.51614E-1 1.33793E-1 8.59813E-4 9.79893E-4 4.02719E-2 5.13427E-2 1.64201E-3 8.59813E-4 1.10225E-3 2.38817E-3 3.63285E-2
-9999 -9999 -9999 -9999 -9999 -9999 -9999 -9999 8.12395E-2 1.26885E-1 1.42809E-1 1.44563E-1 1.16782E-1 2.56654E-1 2.42571E-1 1.98921E-1 1.14987E-1 1.45966E-1 2.46223E-1 2.3783E-1 1.34475E-1 2.4962E-2 3.82355E-2 2.54249E-2 2.85125E-2 2.92596E-1 3.54852E-1 6.01019E-2 9.79893E-4 8.24794E-4 2.12338E-3 9.61613E-4 2.12337E-3 1.99377E-3 9.79893E-4 1.87113E-3 1.87113E-3 8.24794E-4 9.61613E-4 9.79893E-4 9.79893E-4 8.24794E-4 9.61613E-4 1.10225E-3 5.31136E-2 1.90772E-1 3.21555E-1 2.69316E-1 7.81264E-2 2.14839E-2 2.54249E-2 1.71038E-1 8.10848E-2 1.86342E-3 1.64202E-3 8.59813E-4 5.85315E-4 5.85315E-4 8.74997E-4
-9999 -9999 -9999 -9999 -9999 -9999 1.42809E-1 2.4151E-1 2.83579E-1 2.8733E-1 2.94536E-1 2.96149E-1 1.93128E-1 2.52462E-1 1.10242E-1 2.24212E-1 2.19883E-1 1.98921E-1 2.39553E-1 2.32581E-1 2.94657E-1 1.10225E-3 2.81214E-1 2.46223E-1 2.5947E-1 2.67416E-1 2.39408E-1 2.94657E-1 1.73248E-1 9.79893E-4 2.28279E-3 2.54249E-2 1.96378E-1 2.14839E-2 1.83624E-3 2.12336E-3 4.95796E-2 8.59813E-4 1.10225E-3 2.24028E-3 2.12336E-3 8.24794E-4 1.10225E-3 5.2617E-2 8.8086E-2 4.27271E-1 2.46223E-1 2.67892E-1 2.22751E-1 8.8086E-2 5.90101E-1 1.77376E-1 8.59813E-4 8.24794E-4 9.79893E-4 8.24794E-4 1.10225E-3 2.10454E-3 2.38816E-3
-9999 -9999 -9999 -9999 1.42809E-1 2.50793E-1 1.14987E-1 1.44563E-1 1.42809E-1 2.65473E-1 2.98679E-1 1.84726E-1 1.16782E-1 2.45436E-1 2.40246E-1 2.48266E-1 2.48117E-1 2.47968E-1 2.3258E-1 2.19884E-1 2.22751E-1 2.23764E-2 1.6127E-1 2.66965E-1 2.4151E-1 2.73806E-1 2.20595E-1 3.67809E-1 2.8504E-1 2.15629E-1 3.96789E-1 4.01075E-1 1.70804E-1 2.4962E-2 8.8086E-2 3.01854E-1 3.82355E-2 8.24794E-4 8.24794E-4 1.10225E-3 1.93293E-1 9.79893E-4 9.79893E-4 2.85125E-2 2.88709E-1 1.45966E-1 1.90912E-1 2.55387E-1 2.51921E-1 2.79721E-1 1.55299E-1 2.23764E-2 1.70322E-1 2.11683E-3 2.07832E-3 8.59813E-4 1.10225E-3 1.83626E-3 5.85315E-4
-9999 -9999 1.10819E-1 1.42809E-1 1.78951E-1 1.16782E-1 1.10242E-1 1.16782E-1 8.12395E-2 1.83879E-1 1.44563E-1 2.41509E-1 1.88151E-1 2.19883E-1 1.10242E-1 2.24212E-1 1.98921E-1 1.14987E-1 2.12828E-1 1.98921E-1 7.81264E-2 4.28104E-2 2.6873E-1 2.65473E-1 2.96657E-1 2.72147E-1 2.56746E-1 1.30398E-1 2.67415E-1 1.45966E-1 1.45966E-1 2.74131E-1 1.87983E-1 3.98725E-1 2.43149E-1 2.72687E-1 2.70488E-1 3.3997E-1 8.59813E-4 1.10225E-3 5.31135E-2 2.16182E-1 5.77375E-1 5.77574E-1 3.30276E-1 1.8596E-1 2.5462E-1 2.50093E-1 2.48881E-1 2.22751E-1 2.23764E-2 8.19972E-4 8.74997E-4 1.98213E-3 8.74997E-4 8.19972E-4 1.10225E-3 2.10453E-3 6.74664E-2
-9999 2.43148E-1 1.14987E-1 1.44564E-1 1.16782E-1 1.91462E-1 1.26885E-1 1.42809E-1 1.83758E-1 8.12395E-2 8.12395E-2 1.73611E-1 1.16782E-1 2.43352E-1 1.91462E-1 1.14987E-1 1.10242E-1 2.56746E-1 2.20595E-1 1.14987E-1 1.69222E-1 3.82355E-2 3.90241E-1 2.4151E-1 2.39696E-1 1.28988E-1 2.72945E-1 1.28988E-1 2.70668E-1 2.20595E-1 2.20595E-1 2.41323E-1 2.20595E-1 2.20595E-1 2.56746E-1 2.72844E-1 2.39407E-1 2.22751E-1 8.59813E-4 8.24794E-4 5.85315E-4 4.89746E-2 2.27629E-2 4.80144E-1 7.93976E-2 7.93976E-2 2.73338E-1 2.73338E-1 2.76638E-1 5.01738E-1 1.55299E-1 1.64201E-3 8.59813E-4 2.07649E-3 8.59813E-4 9.61613E-4 9.79893E-4 5.85315E-4 8.74997E-4
1.42809E-1 2.30675E-1 1.14987E-1 1.16782E-1 8.12395E-2 1.42809E-1 2.65473E-1 1.83395E-1 1.16782E-1 1.42809E-1 1.70988E-1 1.42809E-1 1.70988E-1 1.16782E-1 2.42462E-1 1.14987E-1 1.28988E-1 2.70667E-1 2.19883E-1 1.28988E-1 2.20595E-1 2.15629E-1 2.06625E-1 2.4151E-1 2.39696E-1 2.60271E-1 1.26885E-1 2.73264E-1 2.72201E-1 2.43148E-1 2.41763E-1 1.28988E-1 2.43148E-1 2.12828E-1 2.2846E-1 2.4221E-1 2.35879E-1 2.59139E-1 7.03451E-2 8.59813E-4 5.85315E-4 8.74997E-4 5.85315E-4 4.26207E-2 1.10225E-3 1.11207E-1 5.6226E-1 2.69702E-1 5.30868E-1 1.61087E-1 1.63589E-1 1.86343E-3 8.59813E-4 1.67098E-3 8.19972E-4 1.10225E-3 2.24028E-3 9.79893E-4 9.79893E-4
1.26885E-1 1.28988E-1 1.10819E-1 1.28988E-1 1.10819E-1 8.12395E-2 1.70989E-1 2.42412E-1 1.10242E-1 8.12395E-2 1.16782E-1 1.42809E-1 2.01727E-1 1.83877E-1 2.51247E-1 1.42809E-1 2.53165E-1 2.68482E-1 1.28988E-1 2.37995E-1 2.39209E-1 1.14987E-1 1.25751E-1 1.6127E-1 2.20594E-1 2.722E-1 1.28988E-1 2.17371E-1 2.78637E-1 2.75407E-1 1.28988E-1 2.20594E-1 2.67413E-1 2.31717E-1 2.42948E-1 2.3258E-1 2.19883E-1 1.98921E-1 3.3704E-2 2.14839E-2 8.24794E-4 9.79893E-4 8.24794E-4 8.74997E-4 5.85315E-4 1.53381E-2 3.42793E-2 5.84503E-1 3.42793E-2 5.15348E-2 8.74997E-4 8.19972E-4 8.19972E-4 8.74997E-4 9.79893E-4 1.10225E-3 2.10453E-3 6.19132E-2 1.86342E-3
1.28988E-1 2.40287E-1 1.14987E-1 2.28461E-1 1.14987E-1 1.60949E-1 8.12395E-2 2.22904E-1 1.10242E-1 1.26885E-1 1.42809E-1 2.4151E-1 1.83757E-1 1.8279E-1 2.22903E-1 8.12395E-2 2.41509E-1 2.91109E-1 2.75085E-1 1.14987E-1 1.28988E-1 1.92372E-1 1.28988E-1 1.45966E-1 2.43147E-1 2.7236E-1 2.20594E-1 1.28988E-1 2.79118E-1 2.75565E-1 2.20594E-1 2.73479E-1 2.47814E-1 2.76213E-1 1.28988E-1 1.28988E-1 1.28988E-1 1.28988E-1 2.46223E-1 1.34475E-1 9.79893E-4 1.73248E-1 9.79893E-4 9.79893E-4 9.79893E-4 8.24794E-4 5.85315E-4 4.26207E-2 2.13608E-2 8.74997E-4 1.56598E-3 8.59813E-4 9.79893E-4 9.61613E-4 1.87113E-3 9.79893E-4 9.79893E-4 6.19604E-2 9.79893E-4
2.48568E-1 1.14987E-1 2.38484E-1 1.14987E-1 1.10242E-1 2.01728E-1 8.12395E-2 1.16782E-1 1.42809E-1 2.4151E-1 2.97162E-1 1.83395E-1 8.12395E-2 2.50338E-1 2.01727E-1 8.12395E-2 1.42809E-1 2.41509E-1 2.75568E-1 1.28988E-1 2.56745E-1 1.28988E-1 2.20594E-1 2.20594E-1 2.56745E-1 2.72517E-1 2.43147E-1 2.20594E-1 2.79273E-1 2.75721E-1 2.43147E-1 2.73636E-1 1.28988E-1 2.7637E-1 2.20594E-1 2.63826E-1 2.3258E-1 1.98921E-1 2.31719E-1 2.94657E-1 4.69287E-1 2.8504E-1 2.46223E-1 5.58963E-1 3.3997E-1 4.02719E-2 8.59813E-4 8.74997E-4 9.79893E-4 9.79893E-4 9.79893E-4 9.79893E-4 1.83625E-3 9.61613E-4 8.48661E-2 4.02719E-2 7.06159E-2 7.81545E-2 4.5465E-2
2.11846E-1 1.10242E-1 1.16782E-1 1.91462E-1 1.30398E-1 1.16782E-1 1.42809E-1 2.17371E-1 1.42809E-1 1.8255E-1 2.01727E-1 2.79858E-1 1.78951E-1 1.16782E-1 1.16782E-1 1.42809E-1 2.96992E-1 2.97159E-1 2.78148E-1 2.20594E-1 2.60269E-1 2.20594E-1 2.43147E-1 2.43147E-1 2.60269E-1 2.72677E-1 2.56745E-1 2.43147E-1 2.79435E-1 2.75882E-1 2.56745E-1 2.73796E-1 2.20594E-1 2.76526E-1 2.43147E-1 2.67411E-1 2.70665E-1 2.42571E-1 1.28988E-1 1.28988E-1 2.43148E-1 2.60272E-1 2.43148E-1 2.31719E-1 2.3783E-1 2.54249E-2 8.24794E-4 9.79893E-4 4.74923E-2 4.02719E-2 4.74923E-2 4.02719E-2 2.14839E-2 7.80313E-2 5.44063E-1 3.23746E-2 5.47397E-1 1.83888E-1 3.23746E-2
1.16782E-1 1.10242E-1 1.28988E-1 1.92372E-1 1.30398E-1 1.42809E-1 2.4151E-1 2.79859E-1 1.78952E-1 8.12395E-2 1.60949E-1 8.12395E-2 1.16782E-1 1.26885E-1 1.42809E-1 1.82911E-1 1.42809E-1 2.41509E-1 2.78631E-1 2.43147E-1 2.63825E-1 2.43147E-1 2.56745E-1 2.56745E-1 2.63825E-1 2.72837E-1 2.60269E-1 2.56745E-1 2.79597E-1 2.76043E-1 2.60269E-1 2.73956E-1 2.43147E-1 2.76687E-1 2.56745E-1 2.70665E-1 2.72198E-1 1.28988E-1 2.20594E-1 2.20594E-1 2.72358E-1 2.39208E-1 2.7236E-1 2.56746E-1 1.45966E-1 2.70487E-1 7.51812E-2 5.54311E-1 2.88804E-1 8.8086E-2 3.26127E-1 1.34475E-1 3.82355E-2 4.28104E-2 2.69443E-1 7.81264E-2 3.02881E-1 2.61752E-1 7.81264E-2
1.28988E-1 1.28988E-1 2.56746E-1 1.28988E-1 1.28988E-1 1.10819E-1 8.12395E-2 1.26885E-1 1.28988E-1 8.12395E-2 1.16782E-1 1.42809E-1 2.4151E-1 2.9111E-1 1.8267E-1 1.42809E-1 2.83579E-1 2.87329E-1 2.79762E-1 2.56745E-1 2.67411E-1 2.56745E-1 2.60269E-1 2.60269E-1 2.67411E-1 2.72996E-1 2.63825E-1 2.60269E-1 2.79759E-1 2.76204E-1 2.63825E-1 2.74116E-1 2.56745E-1 2.76848E-1 2.60269E-1 2.72198E-1 2.72358E-1 2.20594E-1 2.43147E-1 2.43147E-1 2.72517E-1 1.28988E-1 2.72517E-1 2.72837E-1 2.45623E-1 2.39209E-1 1.30398E-1 9.80176E-2 2.68488E-1 2.20595E-1 2.99879E-1 7.51812E-2 2.46223E-1 3.12256E-1 1.45966E-1 2.67585E-1 2.42069E-1 1.30398E-1 2.85125E-2
2.4151E-1 2.73964E-1 2.48117E-1 2.47365E-1 2.45625E-1 1.14987E-1 1.42809E-1 2.4151E-1 2.66964E-1 1.14987E-1 1.42809E-1 2.4151E-1 1.70988E-1 8.12395E-2 1.42809E-1 1.60949E-1 1.42809E-1 2.96823E-1 2.8204E-1 2.60269E-1 2.70665E-1 2.60269E-1 2.63825E-1 2.63825E-1 2.70665E-1 2.73156E-1 2.67411E-1 2.63825E-1 2.79922E-1 2.76365E-1 2.67411E-1 2.74277E-1 2.60269E-1 2.7701E-1 2.63825E-1 2.72358E-1 2.72517E-1 2.43147E-1 2.56745E-1 2.56745E-1 2.72677E-1 2.20594E-1 2.72677E-1 2.72996E-1 2.56745E-1 2.19883E-1 1.98921E-1 7.81264E-2 2.06625E-1 2.69119E-1 2.72364E-1 1.45966E-1 2.43149E-1 1.28988E-1 2.4534E-1 2.50242E-1 3.67809E-1 2.13608E-2 3.98725E-1
2.20594E-1 2.4132E-1 1.14987E-1 1.16782E-1 1.16782E-1 2.11847E-1 1.14987E-1 8.12395E-2 1.16782E-1 2.6928E-1 1.28988E-1 8.12395E-2 1.42809E-1 2.17371E-1 8.12395E-2 2.96151E-1 1.8279E-1 1.42809E-1 2.82366E-1 2.63825E-1 2.72198E-1 2.63824E-1 2.67411E-1 2.67411E-1 2.72198E-1 2.73316E-1 2.70665E-1 2.67411E-1 2.80084E-1 2.76526E-1 2.70665E-1 2.74437E-1 2.63825E-1 2.77171E-1 2.67411E-1 2.72517E-1 2.72677E-1 2.56745E-1 2.60269E-1 2.60269E-1 2.72837E-1 2.43147E-1 2.72837E-1 2.73156E-1 2.60269E-1 2.43147E-1 1.98921E-1 2.88724E-1 2.85125E-2 2.17371E-1 2.74608E-1 2.20595E-1 2.25235E-1 2.46386E-1 1.98921E-1 7.81264E-2 3.21913E-2 4.28104E-2 2.66785E-1
2.71027E-1 1.28988E-1 1.28988E-1 1.92372E-1 1.30398E-1 1.32398E-1 1.42809E-1 2.79859E-1 1.73612E-1 1.42809E-1 2.69756E-1 1.28988E-1 1.42809E-1 2.4151E-1 1.81395E-1 8.12395E-2 1.42809E-1 2.41509E-1 2.79707E-1 2.67411E-1 2.72358E-1 2.67411E-1 2.70664E-1 2.70665E-1 2.72358E-1 2.73476E-1 2.72198E-1 2.70665E-1 2.80246E-1 2.76687E-1 2.72198E-1 2.74597E-1 2.67411E-1 2.77332E-1 2.70665E-1 2.72677E-1 2.72837E-1 2.60269E-1 2.63825E-1 2.63825E-1 2.72996E-1 2.56745E-1 2.72995E-1 2.73316E-1 2.63825E-1 2.31716E-1 1.98921E-1 3.67809E-1 3.42323E-1 2.65473E-1 2.71823E-1 2.67413E-1 2.46679E-1 1.14987E-1 2.36768E-1 2.23764E-2 8.65836E-2 3.82355E-2 1.6127E-1
1.28988E-1 2.43393E-1 2.47064E-1 1.98921E-1 1.14987E-1 1.10819E-1 8.12395E-2 1.16782E-1 1.26885E-1 1.42809E-1 2.97163E-1 2.7295E-1 1.26885E-1 1.42809E-1 2.22903E-1 1.14987E-1 1.42809E-1 2.65473E-1 2.35721E-1 2.84816E-1 2.72517E-1 2.70665E-1 2.72198E-1 2.72197E-1 2.72517E-1 2.73636E-1 2.72358E-1 2.72198E-1 2.80409E-1 2.76848E-1 2.72358E-1 2.74758E-1 2.70665E-1 2.77494E-1 2.72198E-1 2.72837E-1 2.72996E-1 2.63825E-1 2.67411E-1 2.67411E-1 2.73156E-1 2.60268E-1 2.73156E-1 2.73476E-1 2.40429E-1 2.19882E-1 1.98921E-1 1.30398E-1 2.83642E-1 3.90241E-1 2.20594E-1 2.53023E-1 2.3258E-1 2.22751E-1 7.81264E-2 8.19972E-4 9.80176E-2 2.56747E-1 2.82734E-1
2.77021E-1 1.14987E-1 2.01727E-1 1.10242E-1 2.12828E-1 1.30398E-1 1.42809E-1 2.17371E-1 1.42809E-1 1.82913E-1 1.16782E-1 2.22903E-1 3.01228E-1 3.01566E-1 2.77675E-1 1.14987E-1 8.12395E-2 2.4151E-1 2.65472E-1 2.85473E-1 2.72677E-1 2.72198E-1 2.72358E-1 2.72358E-1 2.72675E-1 2.73796E-1 2.72517E-1 2.72358E-1 2.80571E-1 2.7701E-1 2.72517E-1 2.74918E-1 2.72198E-1 2.77655E-1 2.72358E-1 2.72996E-1 2.73156E-1 2.67411E-1 2.70665E-1 2.70665E-1 2.73314E-1 2.63825E-1 2.73316E-1 2.43976E-1 2.39207E-1 2.35878E-1 2.3258E-1 1.30398E-1 8.65836E-2 1.86431E-1 2.87637E-1 1.92372E-1 1.30398E-1 7.47742E-2 2.54249E-2 2.4962E-2 9.80176E-2 2.60184E-1 1.87983E-1
2.77341E-1 1.14987E-1 1.16782E-1 2.56746E-1 1.28988E-1 1.45966E-1 1.25751E-1 1.42809E-1 1.81396E-1 1.16782E-1 8.12395E-2 1.16782E-1 1.16782E-1 1.42809E-1 2.77782E-1 1.28988E-1 8.12395E-2 1.42809E-1 2.79857E-1 2.82965E-1 2.72837E-1 2.72358E-1 2.72517E-1 2.72517E-1 2.72837E-1 2.73953E-1 2.72677E-1 2.72517E-1 2.80734E-1 2.77171E-1 2.72677E-1 2.75079E-1 2.72358E-1 2.77817E-1 2.72517E-1 2.73156E-1 2.73316E-1 2.70665E-1 2.72198E-1 2.72197E-1 2.73476E-1 2.67411E-1 2.47408E-1 2.39207E-1 2.32579E-1 1.98921E-1 1.32398E-1 1.45606E-1 1.43632E-1 2.4151E-1 2.88458E-1 1.92372E-1 1.30398E-1 1.45966E-1 2.46223E-1 2.5947E-1 2.46223E-1 1.6127E-1 2.72201E-1
2.44429E-1 1.14987E-1 1.42809E-1 2.63827E-1 2.31717E-1 2.3258E-1 1.30398E-1 8.12395E-2 2.22904E-1 1.42809E-1 2.39696E-1 1.28988E-1 2.97671E-1 1.84122E-1 1.42809E-1 2.82069E-1 1.42809E-1 1.44563E-1 1.44563E-1 1.16782E-1 2.85244E-1 2.72517E-1 2.72677E-1 2.72677E-1 2.72996E-1 2.74116E-1 2.72836E-1 2.72677E-1 2.80897E-1 2.77332E-1 2.72837E-1 2.75239E-1 2.72517E-1 2.77978E-1 2.72677E-1 2.73316E-1 2.73476E-1 2.72197E-1 2.72358E-1 2.72358E-1 2.73636E-1 2.82363E-1 1.14987E-1 1.16782E-1 1.32398E-1 3.71892E-1 1.28988E-1 1.28988E-1 1.6127E-1 2.39695E-1 2.88951E-1 1.28988E-1 1.28988E-1 2.20594E-1 2.43148E-1 1.92372E-1 2.43148E-1 1.26885E-1 2.72361E-1
1.14987E-1 1.92372E-1 1.14987E-1 2.73001E-1 1.14987E-1 1.28988E-1 1.25751E-1 8.12395E-2 1.32398E-1 8.12395E-2 2.94539E-1 1.83517E-1 1.44564E-1 1.16782E-1 2.4151E-1 2.82723E-1 1.14987E-1 8.12395E-2 1.42809E-1 2.79857E-1 3.16877E-1 3.09115E-1 2.72837E-1 2.72837E-1 2.73156E-1 2.74277E-1 2.72996E-1 2.72837E-1 2.81059E-1 2.77494E-1 2.72996E-1 2.754E-1 2.72676E-1 2.7814E-1 2.72837E-1 2.73476E-1 2.73636E-1 2.72358E-1 2.72517E-1 2.72517E-1 2.73796E-1 2.83017E-1 2.19883E-1 2.22751E-1 3.3704E-2 1.6127E-1 2.39696E-1 2.20595E-1 1.42809E-1 2.41509E-1 2.89937E-1 2.20594E-1 2.20594E-1 2.43147E-1 2.63826E-1 1.26885E-1 2.56745E-1 1.28988E-1 2.39843E-1
