outputsolodemlog/flood.asc
ncols         319
nrows         495
xllcorner     219017.22331753
yllcorner     4610852.5305323
cellsize      500.0
NODATA_value  -9999
[rows 208 to 233 of 495, columns 0 to 58 of 319]
2.22037E-3 8.59813E-4 2.0776E-3 2.17667E-3 2.15264E-3 2.11736E-3 2.04087E-3 8.59813E-4 1.56606E-3 8.59813E-4 8.19972E-4 1.10225E-3 1.83634E-3 9.61613E-4 9.79893E-4 9.61613E-4 1.10225E-3 2.10457E-3 2.38824E-3 2.56753E-3 2.81884E-3 2.89369E-3 2.57889E-3 1.87113E-3 9.79893E-4 1.10225E-3 6.74661E-2 2.00395E-1 1.64201E-3 8.59813E-4 9.79893E-4 1.57519E-3 1.78763E-3 8.59813E-4 1.87114E-3 9.79893E-4 9.61613E-4 9.79893E-4 9.61613E-4 1.83625E-3 2.12337E-3 1.10225E-3 6.27244E-2 8.24794E-4 8.19972E-4 9.61613E-4 4.74923E-2 8.24794E-4 5.27036E-2 1.57518E-3 8.59813E-4 8.24794E-4 2.10454E-3 2.38817E-3 3.83037E-2 1.26893E-3 8.74997E-4 8.74997E-4 8.74997E-4
2.11519E-3 2.05282E-3 2.00353E-3 8.59813E-4 1.91086E-3 1.64208E-3 8.19972E-4 1.77733E-3 1.64209E-3 8.59813E-4 1.10225E-3 2.10464E-3 2.38838E-3 2.66391E-3 2.78004E-3 2.78232E-3 2.45233E-3 1.10225E-3 2.82185E-3 2.82615E-3 1.50431E-3 1.11808E-3 1.10225E-3 2.99601E-3 2.61896E-3 1.10225E-3 2.29596E-1 2.15407E-1 8.59813E-4 8.24794E-4 2.47128E-3 2.04053E-3 8.59813E-4 9.79893E-4 2.1234E-3 1.87114E-3 1.10225E-3 2.24029E-3 9.79893E-4 2.10453E-3 6.13698E-2 1.10225E-3 9.11728E-2 9.79893E-4 2.54249E-2 2.54249E-2 1.72892E-1 8.20013E-2 5.47351E-2 2.00338E-3 1.86344E-3 8.59813E-4 1.10225E-3 1.48191E-3 1.67099E-3 8.74997E-4 8.19972E-4 1.10225E-3 2.61498E-3
2.07667E-3 2.00353E-3 1.77726E-3 1.56603E-3 8.59813E-4 8.19972E-4 8.19972E-4 9.79893E-4 8.24794E-4 9.79893E-4 9.61613E-4 9.61613E-4 1.10225E-3 2.1046E-3 2.3883E-3 1.47863E-3 2.10457E-3 1.49724E-3 5.85315E-4 5.85315E-4 5.85315E-4 2.77956E-3 1.48075E-3 8.74997E-4 2.10453E-3 4.09129E-2 1.10225E-3 2.12505E-1 4.74923E-2 8.24794E-4 6.18664E-2 9.79893E-4 8.24794E-4 1.87113E-3 2.28283E-3 1.78761E-3 9.61613E-4 9.61613E-4 2.36817E-3 9.79893E-4 6.07343E-2 9.61613E-4 2.85125E-2 6.38059E-1 1.79762E-1 1.79524E-1 2.23764E-2 8.74997E-4 8.74997E-4 1.77716E-3 1.64201E-3 8.59813E-4 1.10225E-3 2.21075E-3 8.59813E-4 8.19972E-4 1.10225E-3 1.26894E-3 5.85315E-4
1.87116E-3 8.59813E-4 1.77727E-3 1.56603E-3 8.59813E-4 9.79893E-4 8.24794E-4 2.084E-3 9.79893E-4 1.57526E-3 9.61613E-4 2.10462E-3 2.56774E-3 2.61535E-3 1.41557E-3 5.85315E-4 2.10458E-3 2.56758E-3 2.66366E-3 2.71303E-3 1.4658E-3 5.85315E-4 8.74997E-4 5.85315E-4 5.85315E-4 8.74997E-4 1.10225E-3 1.81076E-1 2.16227E-1 2.54249E-2 9.13842E-2 5.35646E-2 9.79893E-4 2.12337E-3 2.06456E-3 8.24794E-4 1.10225E-3 2.0838E-3 8.90656E-2 4.74923E-2 2.14839E-2 6.18656E-2 1.55842E-1 5.60396E-1 2.23764E-2 2.27629E-2 2.13608E-2 9.79893E-4 9.79893E-4 9.79893E-4 8.24794E-4 8.24794E-4 5.85315E-4 2.15421E-3 1.64202E-3 8.59813E-4 5.85315E-4 2.38819E-3 2.61502E-3
2.11709E-3 1.64206E-3 8.59813E-4 1.56603E-3 8.59813E-4 2.12354E-3 8.24794E-4 9.61613E-4 2.41264E-3 8.24794E-4 8.24794E-4 2.10461E-3 2.38835E-3 2.56768E-3 2.28206E-3 5.85315E-4 5.85315E-4 5.85315E-4 1.10225E-3 2.10456E-3 2.38823E-3 2.5675E-3 2.28185E-3 9.61613E-4 9.79893E-4 1.10225E-3 1.11807E-3 2.85125E-2 6.51247E-1 1.55842E-1 5.90104E-1 1.77968E-1 1.77493E-1 8.14498E-2 5.06853E-2 1.64201E-3 1.10225E-3 2.10452E-3 2.08226E-1 3.37115E-1 9.79893E-4 1.96376E-1 5.22081E-1 5.98371E-1 7.81264E-2 1.55842E-1 2.23764E-2 5.27028E-2 8.10848E-2 5.42511E-2 1.86343E-3 8.59813E-4 5.85315E-4 8.74997E-4 1.56599E-3 8.59813E-4 1.11808E-3 5.85315E-4 5.85315E-4
8.74997E-4 8.19972E-4 9.79893E-4 9.79893E-4 9.79893E-4 2.32543E-3 9.79893E-4 9.79893E-4 2.47829E-3 1.64207E-3 8.24794E-4 9.61613E-4 9.79893E-4 1.10225E-3 2.10459E-3 2.407E-3 1.10225E-3 2.10457E-3 2.08389E-3 9.61613E-4 9.61613E-4 9.61613E-4 1.10225E-3 2.71277E-3 6.19137E-2 8.59813E-4 1.10225E-3 7.8748E-2 1.90773E-1 5.85682E-1 7.81264E-2 1.49918E-1 1.39393E-1 8.59813E-4 8.19972E-4 8.74997E-4 9.61613E-4 1.10225E-3 1.83819E-1 1.69222E-1 6.10197E-1 2.9267E-1 7.81264E-2 4.26207E-2 1.71014E-1 1.77612E-1 1.77138E-1 2.23764E-2 8.74997E-4 8.74997E-4 8.19972E-4 8.24794E-4 2.03078E-3 2.00342E-3 1.86346E-3 8.59813E-4 8.74997E-4 1.10225E-3 1.83626E-3
-9999 9.79893E-4 1.87117E-3 1.57522E-3 1.87118E-3 1.99409E-3 1.57523E-3 1.83631E-3 2.48456E-3 1.64207E-3 9.79893E-4 1.10225E-3 2.24048E-3 9.79893E-4 1.10225E-3 1.8363E-3 2.42573E-3 9.79893E-4 1.10225E-3 2.66362E-3 2.75814E-3 2.78183E-3 2.78631E-3 2.7885E-3 6.29629E-2 2.54249E-2 9.79893E-4 1.10225E-3 1.71973E-1 4.03357E-1 5.2622E-1 7.51812E-2 3.82355E-2 4.02719E-2 8.59813E-4 9.79893E-4 1.10225E-3 3.26883E-2 4.28104E-2 5.68792E-1 8.8086E-2 2.27629E-2 2.13608E-2 8.74997E-4 8.74997E-4 2.27629E-2 8.74997E-4 9.79893E-4 9.79893E-4 8.24794E-4 1.87112E-3 2.08066E-3 8.59813E-4 1.56599E-3 8.59813E-4 8.19972E-4 1.10225E-3 2.10454E-3 2.71284E-3
-9999 1.87116E-3 1.99397E-3 8.59813E-4 2.08103E-3 1.92203E-3 8.59813E-4 9.79893E-4 2.49083E-3 8.24794E-4 1.57524E-3 1.10225E-3 1.8363E-3 2.36853E-3 8.24794E-4 1.10225E-3 2.5676E-3 2.43785E-3 5.85315E-4 1.10225E-3 2.80982E-3 2.81419E-3 2.8185E-3 1.50394E-3 1.10225E-3 9.30841E-2 7.06159E-2 9.79893E-4 4.28104E-2 2.42741E-1 3.38208E-1 4.92326E-1 5.80242E-1 2.23764E-2 8.24794E-4 4.74923E-2 9.79893E-4 8.24794E-4 2.85125E-2 4.71746E-1 5.66964E-1 2.23764E-2 8.24794E-4 9.61613E-4 9.61613E-4 2.54249E-2 2.14839E-2 5.04537E-2 5.06852E-2 8.59813E-4 6.20565E-2 1.64201E-3 8.59813E-4 1.57519E-3 8.59813E-4 8.24794E-4 1.10225E-3 1.36433E-3 1.10225E-3
-9999 2.17096E-3 8.59813E-4 2.08273E-3 1.95767E-3 8.24794E-4 9.61613E-4 1.87117E-3 2.49477E-3 1.78772E-3 8.24794E-4 9.61613E-4 1.10225E-3 2.47599E-3 9.79893E-4 1.10225E-3 2.10457E-3 2.38825E-3 2.80302E-3 1.49088E-3 5.85315E-4 5.85315E-4 1.11808E-3 1.67099E-3 2.10453E-3 6.40753E-2 2.00625E-1 1.55842E-1 1.10225E-3 5.87767E-1 3.40364E-1 7.81264E-2 5.65559E-1 1.55299E-1 2.23764E-2 1.49918E-1 1.83888E-1 8.59813E-4 4.28104E-2 3.06733E-1 2.90413E-1 7.03451E-2 8.59813E-4 9.79893E-4 4.74923E-2 3.75443E-1 8.03873E-2 8.59813E-4 9.79893E-4 8.24794E-4 5.34004E-2 2.17953E-3 2.17606E-3 8.59813E-4 1.78763E-3 8.59813E-4 5.85315E-4 8.74997E-4 1.26895E-3
-9999 -9999 2.4758E-3 1.99397E-3 1.78768E-3 8.59813E-4 9.61613E-4 2.28295E-3 2.11081E-3 1.64205E-3 9.79893E-4 9.79893E-4 1.87118E-3 2.08632E-3 1.83629E-3 9.61613E-4 9.61613E-4 9.79893E-4 9.79893E-4 9.79893E-4 9.79893E-4 5.85315E-4 5.85315E-4 5.85315E-4 5.85315E-4 5.85315E-4 2.85125E-2 3.12393E-1 3.3704E-2 4.27271E-1 3.36501E-1 2.92596E-1 3.67809E-1 3.75484E-2 1.83888E-1 8.65836E-2 1.86664E-1 2.54249E-2 8.8086E-2 2.91071E-1 7.81264E-2 2.13608E-2 9.79893E-4 1.55842E-1 1.9689E-1 2.54249E-2 2.14839E-2 2.85125E-2 1.83888E-1 6.28688E-2 4.02719E-2 8.59813E-4 8.19972E-4 2.06858E-3 8.59813E-4 1.5752E-3 8.59813E-4 1.11808E-3 5.85315E-4
-9999 -9999 2.49014E-3 2.28292E-3 8.24794E-4 9.79893E-4 9.61613E-4 2.51958E-3 8.24794E-4 8.24794E-4 1.87117E-3 1.87117E-3 2.09159E-3 8.24794E-4 9.61613E-4 2.0839E-3 1.83628E-3 2.08386E-3 1.87114E-3 1.87114E-3 1.87114E-3 9.79893E-4 1.10225E-3 1.83626E-3 9.61613E-4 9.79893E-4 1.10225E-3 5.54395E-1 3.98725E-1 3.48818E-1 2.42741E-1 3.42161E-1 7.81264E-2 9.80176E-2 2.96417E-1 4.28104E-2 2.95937E-1 5.20901E-1 2.92096E-1 2.59139E-1 3.3704E-2 1.10225E-3 3.02472E-1 5.00926E-1 2.68227E-1 5.75755E-1 7.81264E-2 3.82355E-2 1.74063E-1 1.79526E-1 4.19115E-2 8.59813E-4 8.24794E-4 8.24794E-4 1.9107E-3 8.59813E-4 8.24794E-4 8.74997E-4 1.10225E-3
-9999 -9999 2.49216E-3 1.99391E-3 9.79893E-4 1.87115E-3 9.79893E-4 2.52556E-3 1.57521E-3 8.24794E-4 1.78767E-3 2.10021E-3 1.64204E-3 9.61613E-4 1.10225E-3 2.38824E-3 2.3673E-3 2.08384E-3 2.36827E-3 2.1234E-3 2.1234E-3 1.83626E-3 9.79893E-4 1.10225E-3 2.56741E-3 8.77317E-2 8.8086E-2 9.80176E-2 3.0921E-1 3.22562E-1 1.6127E-1 3.11683E-1 2.22751E-1 3.67809E-1 2.64963E-1 8.65836E-2 2.5947E-1 2.65208E-1 1.30398E-1 2.01211E-1 8.19972E-4 8.65836E-2 2.20044E-1 2.69982E-1 4.86355E-1 3.3704E-2 2.85125E-2 2.00778E-1 2.23764E-2 3.82355E-2 2.14839E-2 2.09768E-3 2.18139E-3 2.17433E-3 8.59813E-4 1.5752E-3 8.24794E-4 9.61613E-4 1.10225E-3
-9999 -9999 2.50643E-3 9.79893E-4 1.83627E-3 2.12342E-3 1.87114E-3 2.53148E-3 1.5752E-3 2.114E-3 2.19642E-3 1.64204E-3 8.59813E-4 9.61613E-4 1.83629E-3 1.10225E-3 2.10455E-3 2.4274E-3 2.42735E-3 2.2403E-3 2.28282E-3 9.79893E-4 2.24028E-3 9.79893E-4 1.10225E-3 7.87479E-2 6.22105E-1 3.48818E-1 3.28309E-1 3.12502E-1 1.45966E-1 3.12019E-1 1.30398E-1 2.97558E-1 3.22562E-1 4.27271E-1 3.00829E-1 2.5123E-1 5.26502E-1 2.23764E-2 8.8086E-2 4.27271E-1 3.06142E-1 3.67809E-1 7.93976E-2 2.13608E-2 8.8086E-2 5.65595E-1 7.81264E-2 1.72311E-1 5.52442E-2 8.59813E-4 8.19972E-4 1.56599E-3 2.07029E-3 2.00344E-3 8.59813E-4 1.10225E-3 2.08384E-3
-9999 -9999 2.46156E-3 1.87114E-3 9.79893E-4 2.36825E-3 2.19684E-3 2.28444E-3 2.20885E-3 1.64203E-3 8.59813E-4 8.19972E-4 1.10225E-3 2.38825E-3 2.28195E-3 2.08386E-3 1.10225E-3 1.83626E-3 2.78397E-3 2.88814E-3 6.33975E-2 1.87112E-3 2.54249E-2 8.77677E-2 2.54249E-2 2.85125E-2 1.71973E-1 2.5955E-1 1.32398E-1 1.6127E-1 2.83203E-1 3.12176E-1 1.45966E-1 1.6127E-1 2.68964E-1 1.45966E-1 2.66925E-1 3.67809E-1 3.21913E-2 9.80176E-2 2.66785E-1 8.8086E-2 2.71256E-1 5.26502E-1 8.59813E-4 2.54249E-2 5.64847E-1 7.81264E-2 3.0849E-1 6.24962E-2 8.59813E-4 1.56598E-3 8.59813E-4 8.74997E-4 1.89632E-3 8.59813E-4 8.19972E-4 1.10225E-3 2.10454E-3
-9999 9.61613E-4 1.10225E-3 2.46953E-3 1.87113E-3 2.2109E-3 8.59813E-4 9.79893E-4 8.24794E-4 1.78765E-3 1.64204E-3 8.59813E-4 5.85315E-4 9.61613E-4 1.10225E-3 2.3673E-3 2.56749E-3 2.82318E-3 1.5076E-3 1.10225E-3 2.10452E-3 2.23872E-1 2.26421E-1 2.27413E-1 6.38397E-1 8.8086E-2 3.48818E-1 2.6873E-1 2.84947E-1 9.26011E-2 3.42323E-1 3.27245E-1 2.20595E-1 1.45966E-1 1.6127E-1 3.04713E-1 2.88724E-1 3.56838E-1 3.16318E-1 2.80253E-1 3.94215E-1 3.07521E-1 1.45966E-1 3.98725E-1 2.20044E-1 2.71327E-1 2.81987E-1 7.81264E-2 1.80427E-1 4.00457E-2 8.59813E-4 2.08921E-3 8.59813E-4 8.24794E-4 8.24794E-4 8.19972E-4 9.61613E-4 9.61613E-4 9.61613E-4
-9999 1.10225E-3 2.38818E-3 2.24029E-3 2.70001E-3 2.18386E-3 8.59813E-4 2.08071E-3 2.0784E-3 1.64203E-3 8.59813E-4 8.24794E-4 9.79893E-4 9.61613E-4 2.10456E-3 2.38821E-3 1.49428E-3 1.11808E-3 8.74997E-4 1.10225E-3 2.78615E-3 5.68249E-2 2.27629E-2 4.28104E-2 5.87767E-1 3.82058E-1 1.87983E-1 2.83642E-1 2.92335E-1 3.17555E-1 2.00992E-1 1.6127E-1 3.27928E-1 2.17371E-1 1.28988E-1 3.04879E-1 1.28988E-1 3.16318E-1 2.5123E-1 7.81264E-2 1.43632E-1 2.78182E-1 2.5801E-1 2.94477E-1 2.92807E-1 2.92159E-1 5.13403E-1 3.3704E-2 8.74997E-4 5.26956E-2 2.18307E-3 8.59813E-4 2.07361E-3 2.15218E-3 1.64202E-3 8.59813E-4 1.10225E-3 2.08384E-3 2.10453E-3
-9999 -9999 9.61613E-4 9.79893E-4 2.41506E-3 8.59813E-4 2.16757E-3 1.64201E-3 8.59813E-4 8.24794E-4 1.57521E-3 8.24794E-4 1.87116E-3 1.10225E-3 2.38823E-3 1.41544E-3 2.11507E-3 8.74997E-4 1.10225E-3 1.47829E-3 5.85315E-4 8.74997E-4 9.79893E-4 3.82355E-2 9.80176E-2 2.99427E-1 3.13739E-1 1.45966E-1 1.45966E-1 1.43632E-1 3.16318E-1 1.6127E-1 2.4151E-1 3.89915E-1 3.59032E-1 3.01055E-1 2.20595E-1 2.63828E-1 1.45966E-1 1.25751E-1 1.42809E-1 3.00801E-1 1.30398E-1 1.25108E-1 2.63821E-1 1.39393E-1 2.27629E-2 1.63589E-1 4.19115E-2 8.74997E-4 8.19972E-4 8.19972E-4 8.74997E-4 8.19972E-4 1.91068E-3 8.59813E-4 1.10225E-3 2.38819E-3 2.75796E-3
-9999 -9999 1.10225E-3 2.88467E-3 1.86344E-3 8.59813E-4 8.74997E-4 2.1447E-3 2.23606E-3 2.04057E-3 1.64203E-3 9.79893E-4 1.92196E-3 8.59813E-4 1.11809E-3 5.85315E-4 2.03879E-3 1.10225E-3 1.36433E-3 2.03875E-3 1.10225E-3 2.10452E-3 2.15357E-1 2.16319E-1 1.27963E-1 9.80176E-2 3.29385E-1 3.18108E-1 2.42741E-1 1.6127E-1 2.79859E-1 3.21716E-1 2.0175E-1 1.44564E-1 1.42809E-1 3.93327E-1 4.01221E-1 2.67415E-1 2.25235E-1 1.30398E-1 1.45966E-1 2.66595E-1 2.88724E-1 1.6306E-1 5.6226E-1 4.00457E-2 8.19972E-4 1.67098E-3 8.19972E-4 8.19972E-4 9.79893E-4 9.79893E-4 8.24794E-4 8.24794E-4 8.74997E-4 8.19972E-4 5.85315E-4 5.85315E-4 1.10225E-3
-9999 -9999 9.79893E-4 2.43266E-3 8.59813E-4 8.19972E-4 5.85315E-4 8.74997E-4 1.91069E-3 2.1204E-3 2.16902E-3 2.15228E-3 1.64203E-3 8.59813E-4 8.74997E-4 1.11809E-3 8.74997E-4 1.11809E-3 1.26896E-3 1.10225E-3 2.38818E-3 1.3896E-3 3.26884E-2 4.26208E-2 8.74997E-4 2.31872E-2 4.27271E-1 3.21555E-1 3.49913E-1 3.19797E-1 2.00467E-1 1.44564E-1 2.01728E-1 1.32398E-1 1.81397E-1 2.01728E-1 1.42809E-1 4.08262E-1 2.20595E-1 1.30398E-1 3.02138E-1 1.14987E-1 2.11847E-1 7.81264E-2 2.27629E-2 8.19972E-4 8.19972E-4 8.74997E-4 9.61613E-4 9.79893E-4 4.74923E-2 2.09425E-3 1.64201E-3 8.24794E-4 9.79893E-4 8.24794E-4 9.61613E-4 9.79893E-4 5.85315E-4
-9999 -9999 2.55054E-3 2.04053E-3 2.00342E-3 1.86347E-3 8.59813E-4 5.85315E-4 1.671E-3 2.24027E-3 1.56599E-3 8.59813E-4 9.79893E-4 8.24794E-4 8.24794E-4 8.74997E-4 5.85315E-4 5.85315E-4 8.74997E-4 5.85315E-4 5.85315E-4 5.85315E-4 8.74997E-4 8.74997E-4 2.85125E-2 4.07773E-1 3.98742E-1 3.36839E-1 2.00992E-1 1.92276E-1 1.32398E-1 1.32398E-1 1.32398E-1 1.76267E-1 1.32398E-1 1.16782E-1 1.42809E-1 4.04076E-1 2.56746E-1 1.14987E-1 2.67994E-1 2.3588E-1 2.45455E-1 1.39393E-1 8.59813E-4 1.57518E-3 8.59813E-4 9.61613E-4 1.10225E-3 8.48661E-2 1.71849E-1 8.59813E-4 2.07356E-3 2.15215E-3 2.0034E-3 8.59813E-4 1.10225E-3 2.28284E-3 5.85315E-4
-9999 -9999 -9999 2.07834E-3 1.64202E-3 8.59813E-4 8.19972E-4 5.85315E-4 1.10225E-3 2.23483E-3 1.56599E-3 8.59813E-4 2.08253E-3 2.00346E-3 1.64203E-3 8.59813E-4 9.79893E-4 9.61613E-4 9.61613E-4 9.61613E-4 9.61613E-4 9.79893E-4 9.61613E-4 9.79893E-4 5.85315E-4 4.28104E-2 6.18091E-1 1.9515E-1 2.98312E-1 2.25799E-1 1.25108E-1 1.6127E-1 1.73612E-1 1.43632E-1 1.45966E-1 1.45966E-1 1.42809E-1 2.65473E-1 4.05592E-1 3.03303E-1 2.20595E-1 1.30398E-1 3.56838E-1 8.8086E-2 1.59401E-1 8.59813E-4 8.24794E-4 1.10225E-3 5.35645E-2 1.72541E-1 2.23764E-2 8.19972E-4 8.74997E-4 8.19972E-4 1.77717E-3 8.59813E-4 9.61613E-4 2.32514E-3 9.79893E-4
-9999 -9999 -9999 1.8963E-3 1.64202E-3 8.59813E-4 8.24794E-4 9.61613E-4 1.10225E-3 2.23113E-3 2.18163E-3 2.17625E-3 8.59813E-4 1.77721E-3 8.59813E-4 9.79893E-4 1.83628E-3 9.61613E-4 1.83627E-3 2.10454E-3 2.85104E-3 2.86938E-3 2.87412E-3 7.13599E-2 6.28641E-2 9.79893E-4 2.27629E-2 1.53881E-1 2.83642E-1 9.80176E-2 2.6873E-1 1.81259E-1 2.81214E-1 1.6127E-1 2.53166E-1 2.17371E-1 8.12395E-2 1.42809E-1 2.17371E-1 4.49269E-1 2.2846E-1 1.98921E-1 1.30398E-1 2.66634E-1 1.65056E-1 4.73057E-2 8.59813E-4 1.10225E-3 1.96233E-1 3.82355E-2 8.24794E-4 2.06455E-3 2.07835E-3 8.59813E-4 8.74997E-4 1.10225E-3 1.83626E-3 2.36716E-3 1.87113E-3
-9999 -9999 -9999 2.32512E-3 2.00341E-3 1.86346E-3 8.59813E-4 1.10225E-3 1.26896E-3 8.74997E-4 8.74997E-4 8.19972E-4 8.19972E-4 8.74997E-4 9.61613E-4 1.87115E-3 1.10225E-3 2.56751E-3 2.66353E-3 1.51029E-3 1.26894E-3 1.67099E-3 8.74997E-4 1.10225E-3 5.31136E-2 2.24445E-1 2.24991E-1 6.35013E-1 3.82355E-2 9.80176E-2 2.6873E-1 1.81259E-1 1.43632E-1 2.5666E-1 1.42809E-1 3.39575E-1 3.4046E-1 3.40626E-1 3.40785E-1 4.99183E-1 1.28988E-1 1.28988E-1 2.39703E-1 2.3783E-1 1.39393E-1 2.23764E-2 9.79893E-4 9.61613E-4 8.8086E-2 5.92656E-1 1.76663E-1 8.59813E-4 8.19972E-4 1.91067E-3 1.64202E-3 8.59813E-4 1.10225E-3 2.24028E-3 6.19134E-2
-9999 -9999 -9999 2.36819E-3 8.24794E-4 8.24794E-4 8.24794E-4 8.24794E-4 9.61613E-4 9.79893E-4 9.79893E-4 8.24794E-4 9.79893E-4 1.10225E-3 2.10455E-3 2.78192E-3 2.78883E-3 2.79109E-3 1.49558E-3 1.89633E-3 1.67099E-3 8.74997E-4 1.10225E-3 2.66345E-3 3.8063E-2 2.89104E-2 8.74997E-4 4.28104E-2 3.78425E-1 1.66588E-1 1.85122E-1 1.43632E-1 1.6127E-1 2.65474E-1 2.13582E-1 8.12395E-2 1.32398E-1 1.42809E-1 2.79858E-1 2.56658E-1 5.04282E-1 2.72841E-1 2.56746E-1 1.28988E-1 4.33705E-1 7.81264E-2 1.55842E-1 2.85125E-2 3.09251E-1 1.39393E-1 8.59813E-4 1.56598E-3 8.59813E-4 8.74997E-4 9.79893E-4 1.10225E-3 1.83626E-3 1.10225E-3 1.94436E-1
-9999 -9999 -9999 6.13698E-2 1.57518E-3 1.57519E-3 1.5752E-3 8.24794E-4 9.61613E-4 2.12341E-3 2.12341E-3 9.79893E-4 1.87115E-3 8.24794E-4 5.85315E-4 1.89635E-3 1.67101E-3 1.38967E-3 2.03879E-3 1.671E-3 8.74997E-4 2.10455E-3 1.36433E-3 1.11808E-3 2.15418E-3 8.74997E-4 1.10225E-3 5.31136E-2 6.18091E-1 3.40782E-1 3.41313E-1 3.41846E-1 3.10702E-1 2.11039E-1 2.01728E-1 2.36935E-1 1.30398E-1 9.26011E-2 1.16782E-1 1.42809E-1 5.0172E-1 2.73001E-1 2.6027E-1 2.60271E-1 1.30398E-1 2.27728E-1 5.89928E-1 3.22562E-1 2.4656E-1 1.39393E-1 8.59813E-4 8.24794E-4 8.24794E-4 9.61613E-4 1.87113E-3 8.24794E-4 1.10225E-3 5.63535E-2 3.94215E-1
-9999 -9999 -9999 1.93419E-1 5.35645E-2 1.78761E-3 1.57519E-3 8.24794E-4 9.61613E-4 2.32516E-3 2.28284E-3 1.57519E-3 1.99386E-3 1.64203E-3 8.59813E-4 1.67101E-3 8.74997E-4 2.03882E-3 1.89636E-3 8.74997E-4 5.85315E-4 5.85315E-4 5.85315E-4 5.85315E-4 2.07653E-3 1.10225E-3 2.10452E-3 5.98593E-2 4.4508E-1 2.16458E-1 9.26011E-2 3.43321E-1 1.98144E-1 2.22904E-1 1.32398E-1 2.25799E-1 2.50127E-1 7.81264E-2 1.6127E-1 1.70989E-1 1.42809E-1 5.40177E-1 5.41294E-1 5.08123E-1 1.98921E-1 3.98725E-1 2.5123E-1 2.80297E-1 1.45966E-1 7.51812E-2 1.57518E-3 1.57518E-3 8.24794E-4 9.61613E-4 2.32511E-3 8.24794E-4 1.10225E-3 5.31136E-2 2.925E-1
