outputsolodemlog/flood.asc
ncols         319
nrows         495
xllcorner     219017.22331753
yllcorner     4610852.5305323
cellsize      500.0
NODATA_value  -9999
[rows 52 to 77 of 495, columns 59 to 117 of 319]
2.14839E-2 9.79893E-4 9.79893E-4 2.08414E-3 8.59813E-4 9.79893E-4 1.57522E-3 1.92203E-3 8.59813E-4 1.87119E-3 9.79893E-4 9.79893E-4 1.10225E-3 2.10458E-3 2.47783E-3 8.59813E-4 5.85315E-4 5.85315E-4 5.85315E-4 5.85315E-4 1.26893E-3 1.11807E-3 1.67098E-3 1.71973E-1 6.32632E-1 6.7769E-1 1.70564E-1 8.8086E-2 4.01075E-1 4.1694E-1 3.67809E-1 7.47742E-2 3.82355E-2 9.61613E-4 9.86767E-2 6.01019E-2 8.59813E-4 8.19972E-4 9.79893E-4 1.99382E-3 8.59813E-4 9.79893E-4 8.24794E-4 1.10225E-3 2.3882E-3 2.3241E-3 2.57454E-3 8.24794E-4 1.56599E-3 8.59813E-4 1.77723E-3 1.64205E-3 8.59813E-4 1.10225E-3 2.10457E-3 1.48099E-3 8.74997E-4 1.89636E-3 1.10225E-3
7.81264E-2 6.01018E-2 5.27444E-2 8.59813E-4 8.24794E-4 2.08085E-3 2.04066E-3 8.24794E-4 8.24794E-4 2.12349E-3 1.87117E-3 1.87117E-3 9.79893E-4 1.10225E-3 2.43572E-3 9.79893E-4 9.79893E-4 9.79893E-4 1.10225E-3 1.11808E-3 5.85315E-4 5.85315E-4 5.85315E-4 1.26893E-3 2.27629E-2 1.57611E-1 5.60399E-1 3.52473E-1 2.70488E-1 3.7704E-1 3.67809E-1 7.51812E-2 1.55842E-1 2.54249E-2 1.83615E-1 4.19115E-2 8.59813E-4 9.79893E-4 2.45222E-3 9.79893E-4 8.24794E-4 1.92193E-3 8.59813E-4 9.61613E-4 9.61613E-4 1.10225E-3 6.49238E-2 2.04054E-3 1.86346E-3 1.64203E-3 8.59813E-4 9.79893E-4 8.24794E-4 8.24794E-4 1.10225E-3 2.07666E-3 5.85315E-4 8.74997E-4 1.11809E-3
2.77445E-1 1.77372E-1 1.86342E-3 1.64201E-3 2.47353E-3 9.79893E-4 1.57521E-3 1.57521E-3 9.79893E-4 2.28294E-3 1.78768E-3 2.12346E-3 1.83629E-3 9.79893E-4 1.10225E-3 2.44155E-3 1.87114E-3 1.87114E-3 9.79893E-4 9.61613E-4 9.79893E-4 1.10225E-3 1.11807E-3 9.61613E-4 5.85315E-4 8.74997E-4 2.85125E-2 5.05874E-1 4.40674E-1 1.30398E-1 2.53594E-1 1.39393E-1 6.35064E-1 4.88725E-1 8.8086E-2 8.8086E-2 2.14839E-2 4.0272E-2 6.07343E-2 5.35646E-2 1.95751E-3 8.24794E-4 8.24794E-4 1.10225E-3 2.38819E-3 2.61499E-3 6.527E-2 8.59813E-4 8.19972E-4 8.24794E-4 8.24794E-4 2.12345E-3 1.78768E-3 8.59813E-4 5.85315E-4 8.74997E-4 8.19972E-4 5.85315E-4 5.85315E-4
7.81264E-2 1.61087E-1 1.64201E-3 8.59813E-4 2.47544E-3 2.28284E-3 1.78764E-3 8.24794E-4 1.83627E-3 2.45244E-3 9.79893E-4 2.28292E-3 9.61613E-4 2.28291E-3 9.61613E-4 9.61613E-4 2.44749E-3 2.12339E-3 1.87113E-3 9.79893E-4 1.92188E-3 8.59813E-4 1.10225E-3 1.83625E-3 4.74923E-2 3.75484E-2 3.98725E-1 4.41874E-1 2.62687E-1 2.35129E-1 3.42793E-2 8.74997E-4 2.27629E-2 3.75484E-2 5.62971E-1 5.08105E-1 1.73248E-1 3.82355E-2 3.23746E-2 1.97792E-1 5.06852E-2 1.64201E-3 8.24794E-4 1.10225E-3 1.83626E-3 9.79893E-4 5.58061E-2 2.07837E-3 2.04057E-3 1.86347E-3 8.59813E-4 2.41228E-3 1.78767E-3 1.64205E-3 8.59813E-4 9.79893E-4 9.79893E-4 8.24794E-4 1.10225E-3
2.23764E-2 8.74997E-4 8.19972E-4 1.10225E-3 2.47937E-3 2.47334E-3 1.64202E-3 9.79893E-4 8.24794E-4 2.42945E-3 1.87114E-3 2.3252E-3 9.79893E-4 2.3683E-3 9.79893E-4 1.83626E-3 1.87113E-3 2.45525E-3 2.12337E-3 2.36819E-3 8.24794E-4 9.61613E-4 9.61613E-4 1.10225E-3 4.012E-1 3.48818E-1 4.80637E-1 8.8086E-2 8.74997E-4 1.33793E-1 8.59813E-4 9.61613E-4 1.10225E-3 1.71973E-1 3.18974E-1 2.56747E-1 2.8504E-1 2.70488E-1 2.5947E-1 4.29645E-1 2.14839E-2 1.87112E-3 8.24794E-4 9.79893E-4 1.10225E-3 2.07006E-1 1.92187E-3 1.86344E-3 1.64202E-3 8.59813E-4 9.61613E-4 2.47565E-3 1.57521E-3 8.59813E-4 9.61613E-4 1.87117E-3 1.78768E-3 9.61613E-4 9.79893E-4
4.98131E-1 1.64201E-3 8.59813E-4 9.61613E-4 2.43516E-3 2.47532E-3 8.24794E-4 1.92189E-3 8.59813E-4 8.24794E-4 2.43539E-3 2.36825E-3 2.45552E-3 2.3672E-3 1.87113E-3 9.79893E-4 2.61499E-3 2.88343E-3 7.3003E-2 6.47695E-2 8.59813E-4 1.10225E-3 5.98595E-2 2.0521E-1 3.86606E-1 3.27595E-1 2.98404E-1 4.8095E-1 2.54249E-2 3.82355E-2 8.24794E-4 9.79893E-4 6.93888E-2 3.42323E-1 2.20595E-1 2.93373E-1 2.60272E-1 2.25236E-1 2.69019E-1 2.46223E-1 8.8086E-2 7.23956E-2 8.24794E-4 1.57518E-3 1.10225E-3 3.56305E-1 8.59813E-4 1.57519E-3 8.59813E-4 9.79893E-4 8.24794E-4 2.0946E-3 8.59813E-4 9.61613E-4 9.79893E-4 2.03094E-3 8.24794E-4 1.10225E-3 2.28293E-3
6.24962E-2 1.56598E-3 8.59813E-4 1.10225E-3 6.74662E-2 9.1376E-2 2.32509E-3 8.24794E-4 1.78762E-3 8.59813E-4 1.10225E-3 1.493E-3 1.10225E-3 2.82307E-3 2.85315E-3 2.86004E-3 1.52377E-3 8.74997E-4 8.74997E-4 8.74997E-4 6.48215E-2 9.79893E-4 1.10225E-3 1.71973E-1 2.94347E-1 3.09637E-1 3.13583E-1 2.98016E-1 4.49625E-1 2.70488E-1 8.8086E-2 5.20901E-1 8.8086E-2 2.43149E-1 2.43148E-1 2.89642E-1 2.72365E-1 2.41923E-1 1.28988E-1 2.12829E-1 2.92595E-1 3.5031E-1 6.76718E-2 2.14839E-2 2.54249E-2 6.038E-1 7.65307E-2 1.64201E-3 8.59813E-4 2.08383E-3 2.48993E-3 8.24794E-4 8.19972E-4 9.61613E-4 2.47364E-3 1.78766E-3 8.59813E-4 9.61613E-4 2.41226E-3
8.19972E-4 8.19972E-4 1.10225E-3 1.26893E-3 8.74997E-4 4.66469E-2 2.00259E-1 1.95749E-3 8.59813E-4 8.24794E-4 9.79893E-4 9.79893E-4 5.85315E-4 8.74997E-4 1.89632E-3 8.74997E-4 8.74997E-4 8.19972E-4 9.61613E-4 9.61613E-4 1.10225E-3 9.7378E-2 1.10225E-3 1.71973E-1 2.94347E-1 2.81214E-1 1.43632E-1 1.6127E-1 2.4151E-1 4.50787E-1 2.20595E-1 2.39697E-1 2.4151E-1 2.87332E-1 2.68645E-1 1.26885E-1 2.99773E-1 1.28988E-1 2.60272E-1 1.10819E-1 2.67417E-1 2.58213E-1 4.69287E-1 8.8086E-2 6.44596E-1 1.49918E-1 4.19115E-2 8.59813E-4 9.61613E-4 9.79893E-4 2.10987E-3 1.64202E-3 8.59813E-4 1.10225E-3 2.48785E-3 8.59813E-4 9.79893E-4 9.61613E-4 2.47563E-3
8.19972E-4 9.79893E-4 9.79893E-4 8.74997E-4 5.85315E-4 1.10225E-3 3.76937E-1 8.59813E-4 1.57518E-3 9.79893E-4 1.87113E-3 1.57519E-3 8.24794E-4 5.85315E-4 8.74997E-4 9.61613E-4 9.79893E-4 1.10225E-3 2.10453E-3 2.32405E-3 5.31136E-2 2.08189E-1 2.23764E-2 1.10225E-3 1.71973E-1 2.94347E-1 2.95936E-1 2.17371E-1 1.42809E-1 2.4151E-1 4.51736E-1 1.42809E-1 2.83581E-1 2.87332E-1 2.96153E-1 2.98011E-1 3.00056E-1 2.20595E-1 2.67416E-1 1.28988E-1 2.73007E-1 1.10819E-1 2.3783E-1 2.15629E-1 3.19566E-1 5.26502E-1 3.3704E-2 8.24794E-4 9.79893E-4 5.34018E-2 8.59813E-4 8.19972E-4 9.61613E-4 9.79893E-4 2.09806E-3 8.59813E-4 1.83627E-3 9.61613E-4 2.48572E-3
2.54249E-2 4.74923E-2 1.7876E-3 8.59813E-4 1.10225E-3 2.10452E-3 5.43254E-1 7.93983E-2 8.24794E-4 1.87112E-3 2.06457E-3 1.86343E-3 8.59813E-4 9.79893E-4 9.61613E-4 9.79893E-4 2.12338E-3 1.10225E-3 1.11807E-3 1.10225E-3 1.00791E-1 6.41025E-1 2.23764E-2 2.14839E-2 4.28104E-2 2.6873E-1 2.94347E-1 2.96661E-1 2.69443E-1 1.26885E-1 1.28988E-1 4.51936E-1 1.42809E-1 1.44564E-1 1.42809E-1 1.60949E-1 2.4151E-1 3.01074E-1 2.66965E-1 2.20595E-1 2.41475E-1 2.42574E-1 2.19884E-1 1.25751E-1 2.83932E-1 3.05854E-1 1.39393E-1 3.23746E-2 9.28175E-2 1.57518E-3 8.59813E-4 8.24794E-4 1.10225E-3 2.50402E-3 1.64202E-3 8.59813E-4 1.10225E-3 2.56749E-3 2.49994E-3
1.71973E-1 5.84981E-1 8.59813E-4 9.79893E-4 9.61613E-4 2.54249E-2 4.28104E-2 3.10472E-1 2.23764E-2 4.30243E-1 8.59813E-4 1.57518E-3 8.59813E-4 1.83626E-3 9.79893E-4 2.0838E-3 2.28281E-3 8.24794E-4 9.61613E-4 9.79893E-4 2.85125E-2 1.53379E-1 4.90793E-1 2.23764E-2 2.85125E-2 4.60957E-1 3.09638E-1 2.83581E-1 2.87332E-1 2.99201E-1 2.99709E-1 2.99879E-1 4.92351E-1 4.58462E-1 8.12395E-2 8.12395E-2 8.12395E-2 1.26885E-1 3.01242E-1 2.7655E-1 1.98921E-1 1.14987E-1 1.92372E-1 2.90039E-1 1.28988E-1 1.25751E-1 2.97091E-1 2.23764E-2 1.73826E-1 2.00338E-3 1.86344E-3 8.59813E-4 1.10225E-3 2.51215E-3 1.64202E-3 8.59813E-4 9.61613E-4 1.10225E-3 2.50602E-3
-9999 8.8086E-2 8.24794E-4 4.66468E-2 2.4962E-2 3.34317E-1 3.98725E-1 2.74954E-1 5.0686E-1 7.81264E-2 7.77915E-2 8.59813E-4 8.24794E-4 1.10225E-3 2.28177E-3 1.10225E-3 9.06351E-2 8.59813E-4 9.61613E-4 5.35645E-2 9.79893E-4 4.28104E-2 3.89993E-1 2.23764E-2 1.53381E-2 4.28104E-2 5.30335E-1 2.79859E-1 1.73612E-1 1.42809E-1 2.60184E-1 1.42809E-1 2.4151E-1 2.9666E-1 4.61031E-1 1.26885E-1 1.42809E-1 2.4151E-1 2.53166E-1 3.11766E-1 1.14987E-1 2.12828E-1 1.28988E-1 2.90195E-1 2.3501E-1 2.59139E-1 1.25751E-1 5.52225E-1 1.49918E-1 1.64201E-3 8.59813E-4 9.79893E-4 9.79893E-4 2.12035E-3 1.64202E-3 8.59813E-4 1.10225E-3 2.38818E-3 2.51618E-3
-9999 2.66785E-1 3.82355E-2 2.5947E-1 2.70488E-1 2.6708E-1 2.745E-1 2.6416E-1 3.3704E-2 8.24794E-4 4.26207E-2 5.18655E-2 8.59813E-4 1.10225E-3 2.56742E-3 1.47948E-3 8.74997E-4 1.95335E-1 1.10225E-3 2.18813E-1 1.96611E-1 4.27271E-1 3.21175E-1 3.3704E-2 2.14839E-2 2.31872E-2 9.80176E-2 2.6873E-1 2.65474E-1 1.70989E-1 1.42809E-1 2.94539E-1 1.82552E-1 2.98521E-1 2.98689E-1 5.00743E-1 4.67223E-1 1.26885E-1 1.26885E-1 3.12631E-1 2.25235E-1 1.28988E-1 1.92372E-1 2.92018E-1 2.19884E-1 1.98921E-1 1.25751E-1 2.72383E-1 1.39393E-1 8.59813E-4 9.79893E-4 1.57518E-3 2.47535E-3 9.79893E-4 8.24794E-4 8.24794E-4 9.79893E-4 1.10225E-3 2.5223E-3
-9999 -9999 2.60272E-1 2.68779E-1 2.76734E-1 2.22751E-1 2.27629E-2 7.93976E-2 2.50302E-1 8.59813E-4 8.74997E-4 2.07649E-3 8.59813E-4 5.85315E-4 8.74997E-4 8.74997E-4 5.85315E-4 8.74997E-4 3.83928E-2 2.27629E-2 8.8086E-2 5.87255E-1 3.29853E-1 3.34317E-1 7.81264E-2 2.54249E-2 2.85125E-2 3.6102E-1 3.09637E-1 2.96492E-1 2.9666E-1 2.96829E-1 1.84127E-1 1.42809E-1 1.60949E-1 8.12395E-2 1.26885E-1 5.01463E-1 5.04435E-1 5.12858E-1 1.28988E-1 2.28461E-1 1.14987E-1 2.57829E-1 1.28988E-1 1.92372E-1 2.78346E-1 2.15629E-1 3.32937E-1 3.23746E-2 4.87199E-2 8.24794E-4 1.10225E-3 6.33052E-2 1.64201E-3 9.61613E-4 1.87113E-3 1.10225E-3 6.31111E-2
-9999 -9999 2.79002E-1 7.81264E-2 2.27629E-2 5.97712E-2 8.19972E-4 7.87479E-2 2.909E-1 4.19116E-2 8.59813E-4 1.67098E-3 8.19972E-4 9.61613E-4 9.61613E-4 9.79893E-4 9.79893E-4 2.54249E-2 2.17986E-1 1.02995E-1 2.08252E-1 9.80176E-2 2.84947E-1 3.34746E-1 3.98725E-1 1.34475E-1 1.53381E-2 9.80176E-2 1.63208E-1 2.62517E-1 1.42809E-1 1.78953E-1 1.16782E-1 8.12395E-2 1.42809E-1 2.63739E-1 1.42809E-1 1.83034E-1 1.42809E-1 2.20595E-1 5.12915E-1 1.28988E-1 2.92341E-1 1.28988E-1 2.25236E-1 1.10819E-1 2.45501E-1 1.28988E-1 2.61751E-1 4.90951E-1 1.34475E-1 9.79893E-4 1.10225E-3 9.35761E-2 8.59813E-4 9.61613E-4 2.2828E-3 8.24794E-4 2.52849E-3
-9999 -9999 2.39052E-1 5.26502E-1 2.23764E-2 8.74997E-4 5.85315E-4 1.10225E-3 2.90078E-1 4.19115E-2 8.59813E-4 8.74997E-4 9.61613E-4 1.10225E-3 2.78162E-3 6.93276E-2 1.02318E-1 5.73523E-2 2.23764E-2 2.89103E-2 2.27629E-2 1.11207E-1 2.40923E-1 3.31802E-1 2.8504E-1 3.98725E-1 7.51812E-2 2.85125E-2 3.52065E-1 1.71292E-1 1.92276E-1 1.16782E-1 1.42809E-1 2.79859E-1 1.73612E-1 1.42809E-1 1.82551E-1 1.16782E-1 1.42809E-1 2.98008E-1 2.98177E-1 5.12948E-1 2.92504E-1 2.63828E-1 1.92372E-1 2.78983E-1 1.28988E-1 2.39407E-1 1.10819E-1 2.70488E-1 3.58186E-1 1.55842E-1 2.14839E-2 9.36455E-2 2.4962E-2 9.79893E-4 8.92522E-2 2.14839E-2 1.81439E-1
-9999 -9999 1.32398E-1 7.47742E-2 9.61613E-4 9.79893E-4 8.24794E-4 5.85315E-4 2.27629E-2 1.7722E-1 8.59813E-4 8.24794E-4 1.10225E-3 1.44161E-3 5.85315E-4 8.74997E-4 1.89629E-3 8.74997E-4 4.5211E-2 2.27629E-2 5.85315E-4 8.74997E-4 1.10225E-3 5.87767E-1 3.33054E-1 2.70488E-1 3.98725E-1 7.51812E-2 4.27271E-1 3.45542E-1 3.71892E-1 1.6127E-1 1.44564E-1 1.42809E-1 2.4151E-1 2.94539E-1 2.96153E-1 2.96658E-1 1.83034E-1 2.22903E-1 8.12395E-2 1.42809E-1 5.13197E-1 2.72202E-1 1.28988E-1 2.45791E-1 2.72523E-1 2.20595E-1 1.10819E-1 2.3172E-1 1.30398E-1 2.54706E-1 7.81264E-2 4.18611E-1 8.8086E-2 4.48872E-1 4.58582E-1 5.88442E-2 8.59813E-4
-9999 -9999 1.28988E-1 3.22562E-1 7.51812E-2 3.20418E-1 6.24963E-2 8.59813E-4 1.10225E-3 1.57611E-1 1.7663E-1 8.59813E-4 5.85315E-4 1.67099E-3 8.19972E-4 5.85315E-4 8.74997E-4 5.85315E-4 8.74997E-4 9.61613E-4 9.61613E-4 2.54249E-2 2.54249E-2 9.80176E-2 3.32797E-1 3.45617E-1 2.70488E-1 3.98725E-1 7.51812E-2 1.43632E-1 3.22562E-1 4.27271E-1 2.94347E-1 2.79859E-1 1.73612E-1 1.42809E-1 1.44564E-1 1.42809E-1 1.44564E-1 1.42809E-1 2.4151E-1 3.37552E-1 1.42809E-1 5.14019E-1 2.79627E-1 1.14987E-1 2.39847E-1 2.41029E-1 2.48121E-1 2.47067E-1 2.45628E-1 2.22751E-1 1.30398E-1 3.98725E-1 2.92278E-1 1.9841E-1 2.27629E-2 8.19972E-4 9.61613E-4
-9999 -9999 2.49477E-1 2.48273E-1 2.75498E-1 4.86355E-1 4.73057E-2 8.59813E-4 5.85315E-4 1.10225E-3 1.85904E-1 1.64201E-3 8.59813E-4 8.74997E-4 9.61613E-4 9.61613E-4 9.79893E-4 9.79893E-4 9.61613E-4 9.61613E-4 7.0616E-2 6.58419E-1 3.32264E-1 3.03776E-1 3.48818E-1 3.10245E-1 2.53167E-1 2.70487E-1 1.45966E-1 3.98725E-1 2.3783E-1 3.98725E-1 7.93976E-2 1.6127E-1 2.65474E-1 2.53166E-1 1.42809E-1 2.96153E-1 2.96321E-1 2.96489E-1 2.36229E-1 1.42809E-1 2.36943E-1 1.42809E-1 5.18816E-1 2.72843E-1 2.41176E-1 1.10819E-1 2.12828E-1 1.98921E-1 1.14987E-1 1.25751E-1 1.25751E-1 2.93096E-1 2.45456E-1 1.39393E-1 8.59813E-4 2.54249E-2 9.79893E-4
-9999 -9999 1.32398E-1 2.27429E-1 2.88724E-1 1.49171E-1 8.59813E-4 8.19972E-4 1.10225E-3 2.38816E-3 1.85416E-1 2.00338E-3 1.86343E-3 8.59813E-4 1.10225E-3 2.38817E-3 2.77935E-3 2.42923E-3 9.79893E-4 1.02845E-1 5.05087E-1 7.81264E-2 8.65836E-2 2.54249E-2 4.27271E-1 3.3405E-1 3.4954E-1 3.51011E-1 3.20898E-1 2.88803E-1 1.45966E-1 2.3783E-1 2.35129E-1 5.45306E-2 3.42323E-1 2.4151E-1 1.78952E-1 1.42809E-1 3.65221E-1 2.34061E-1 2.22903E-1 1.42809E-1 2.96488E-1 2.96657E-1 5.14108E-1 2.76383E-1 2.35008E-1 2.35879E-1 1.14987E-1 1.10819E-1 1.92372E-1 1.92372E-1 2.64588E-1 1.30398E-1 2.70488E-1 3.70089E-1 8.59813E-4 1.55842E-1 1.34475E-1
-9999 -9999 -9999 1.16782E-1 2.70168E-1 8.59813E-4 8.19972E-4 8.24794E-4 5.85315E-4 5.85315E-4 2.28609E-3 1.56598E-3 8.59813E-4 8.19972E-4 1.10225E-3 1.26894E-3 1.83625E-3 1.10225E-3 1.28601E-1 5.85315E-4 8.74997E-4 2.4962E-2 9.80176E-2 3.09638E-1 2.09719E-1 4.48282E-1 1.32398E-1 1.6127E-1 2.4151E-1 3.26728E-1 2.88802E-1 1.45966E-1 1.45966E-1 1.45966E-1 3.16318E-1 1.28988E-1 1.42809E-1 2.33653E-1 1.42809E-1 1.44564E-1 2.94538E-1 1.8255E-1 1.42809E-1 2.17371E-1 1.28988E-1 5.18878E-1 1.98921E-1 1.14987E-1 2.28461E-1 2.19884E-1 2.65178E-1 2.72899E-1 1.10819E-1 1.45966E-1 2.85039E-1 1.45966E-1 8.8086E-2 3.30686E-1 1.75182E-1
-9999 -9999 -9999 3.98725E-1 3.16318E-1 1.49918E-1 1.64201E-3 1.57519E-3 8.59813E-4 1.10225E-3 2.21612E-3 2.1163E-3 8.59813E-4 8.24794E-4 5.85315E-4 5.85315E-4 1.10225E-3 3.78839E-2 8.74997E-4 1.10225E-3 5.31136E-2 2.16458E-1 5.76979E-1 2.08919E-1 2.27629E-2 2.27629E-2 9.80176E-2 2.6873E-1 1.84493E-1 1.42809E-1 3.5913E-1 3.28681E-1 2.17371E-1 2.4151E-1 3.62836E-1 3.63944E-1 2.33375E-1 1.42809E-1 2.4151E-1 1.78952E-1 2.8358E-1 2.63828E-1 1.42809E-1 2.4151E-1 2.63827E-1 5.18854E-1 1.14987E-1 2.35008E-1 1.14987E-1 3.00268E-1 1.10819E-1 1.92372E-1 1.28988E-1 1.92372E-1 2.28462E-1 2.15629E-1 2.67745E-1 7.81264E-2 2.13608E-2
-9999 -9999 -9999 1.98921E-1 2.40294E-1 3.74615E-1 7.65307E-2 8.59813E-4 9.61613E-4 1.10225E-3 2.21252E-3 5.66882E-2 2.00339E-3 1.64202E-3 8.59813E-4 1.10225E-3 1.38961E-3 8.74997E-4 1.10225E-3 5.31136E-2 5.67813E-2 1.10225E-3 1.27872E-1 7.93976E-2 2.13608E-2 8.8086E-2 8.8086E-2 1.6127E-1 2.52323E-1 1.42809E-1 2.01728E-1 2.83581E-1 3.61355E-1 2.31521E-1 1.44564E-1 2.01728E-1 2.01728E-1 2.4151E-1 1.70989E-1 1.70989E-1 1.42809E-1 2.66964E-1 1.42809E-1 2.4151E-1 2.70711E-1 5.18884E-1 2.37996E-1 1.28988E-1 1.10819E-1 2.65626E-1 2.12828E-1 1.10819E-1 2.25236E-1 2.31719E-1 2.12828E-1 2.40739E-1 2.15629E-1 7.81264E-2 8.8086E-2
-9999 -9999 -9999 -9999 2.35723E-1 1.55299E-1 8.59813E-4 8.19972E-4 1.10225E-3 1.47707E-3 8.74997E-4 8.74997E-4 2.10265E-3 8.59813E-4 8.24794E-4 5.85315E-4 1.671E-3 1.10225E-3 2.10453E-3 3.78838E-2 8.74997E-4 3.78837E-2 1.70067E-1 2.85125E-2 1.90773E-1 3.90977E-1 3.28131E-1 2.06114E-1 2.25799E-1 1.6127E-1 1.70989E-1 1.60949E-1 1.32398E-1 2.98312E-1 7.93976E-2 7.93976E-2 2.38295E-1 1.53881E-1 1.71292E-1 2.48715E-1 2.4151E-1 2.79858E-1 2.96825E-1 1.83153E-1 1.42809E-1 5.18893E-1 1.26885E-1 2.43148E-1 2.65773E-1 2.56746E-1 1.92372E-1 2.28461E-1 2.35009E-1 2.56747E-1 2.40884E-1 2.12829E-1 1.10819E-1 1.45966E-1 2.15629E-1
-9999 -9999 -9999 -9999 2.15629E-1 2.23764E-2 8.19972E-4 8.24794E-4 1.11807E-3 1.89632E-3 8.19972E-4 1.10225E-3 2.23987E-3 2.18498E-3 1.64202E-3 8.59813E-4 8.74997E-4 1.10225E-3 1.11808E-3 2.07651E-3 1.47705E-3 2.89104E-2 1.67098E-3 5.85315E-4 1.53381E-2 3.42793E-2 3.3753E-1 7.93976E-2 7.93976E-2 2.83642E-1 1.32398E-1 1.32398E-1 1.10242E-1 1.26885E-1 1.45966E-1 7.51812E-2 2.54249E-2 8.8086E-2 2.31872E-2 7.93976E-2 1.32398E-1 1.32398E-1 1.42809E-1 3.99856E-1 4.00035E-1 5.15285E-1 1.28988E-1 2.978E-1 1.14987E-1 2.67414E-1 2.63827E-1 2.37996E-1 1.28988E-1 2.74613E-1 2.25236E-1 1.92372E-1 1.10819E-1 2.25236E-1 2.86078E-1
-9999 -9999 -9999 2.7067E-1 2.62686E-1 1.65056E-1 4.73058E-2 8.59813E-4 8.74997E-4 8.74997E-4 8.19972E-4 1.38963E-3 1.67099E-3 2.11507E-3 2.05264E-3 1.64203E-3 8.59813E-4 1.10225E-3 1.36431E-3 1.44164E-3 8.74997E-4 8.74997E-4 8.74997E-4 2.10453E-3 9.44722E-2 1.2052E-1 2.27629E-2 4.28104E-2 2.46223E-1 4.27271E-1 2.42741E-1 1.45966E-1 1.45966E-1 1.45966E-1 2.28461E-1 1.30398E-1 2.46223E-1 2.46223E-1 1.87983E-1 1.87983E-1 1.45966E-1 1.45966E-1 1.6127E-1 3.45562E-1 2.4151E-1 2.83579E-1 5.49231E-1 5.4924E-1 5.1561E-1 2.45625E-1 2.40436E-1 1.14987E-1 2.20595E-1 2.42807E-1 2.19883E-1 1.92372E-1 2.28461E-1 2.58009E-1 3.32937E-1
