layers/tev_topoindex500m.asc
ncols         319
nrows         495
xllcorner     219017.22331753
yllcorner     4610852.5305323
cellsize      500
NODATA_value  -9999
[rows 319 to 347 of 495, columns 195 to 259 of 319]
9.645148 9.627869 10.62694 16.57913 9.824388 11.10015 10.26282 12.06537 11.19596 12.50956 10.59344 21.26108 10.0476 12.13958 12.39016 10.26943 9.352418 10.07588 8.411931 8.622052 11.214 9.924212 14.84878 13.94539 12.23366 9.056598 8.235034 9.659367 8.988401 8.62645 7.6973 10.56255 7.505446 7.931678 7.354601 8.213476 8.336104 10.80743 8.136354 9.013982 7.848336 7.304395 7.144189 9.133066 8.258612 8.046034 8.726127 8.57036 8.982071 8.032007 9.121137 14.44602 6.787184 8.029736 7.605592 6.997847 7.636052 7.231283 7.519826 10.64334 8.111858 9.533043 8.172366 9.008441 7.490294
9.535324 10.65105 11.25038 17.10959 14.03104 12.25875 12.27859 11.53074 11.49331 11.96486 10.66146 10.85539 19.34386 10.18402 11.16014 11.25056 12.59703 9.742573 8.756725 9.661889 12.21945 15.71309 17.06279 13.88106 11.69502 10.42969 10.18238 8.847213 7.834107 7.764067 10.7449 8.155169 7.519918 7.407954 7.832477 9.6653 10.72442 7.286207 8.455946 7.57284 7.010409 7.975433 7.089284 9.604538 8.149426 9.053044 8.382541 7.628294 8.978638 7.927625 7.850547 14.99068 8.738439 6.754955 6.980654 7.650717 8.063103 7.749424 7.296713 10.51716 8.226098 7.965665 8.53075 8.5088 7.475127
12.54819 13.26263 13.51649 17.03705 10.51694 14.58072 11.85452 12.55265 12.66422 12.13186 12.13958 20.57155 12.00292 11.3032 11.43872 17.85826 16.53503 15.39501 15.19305 15.54545 14.95116 9.952073 11.49331 12.25237 11.62363 10.34673 9.584201 9.356112 8.879625 11.28222 9.255423 7.572187 7.517529 7.305659 9.063487 11.26752 7.104256 7.827739 7.755853 7.080899 7.669389 7.763243 9.975966 7.965771 7.924552 7.582999 9.315843 9.753776 7.911817 8.056475 16.57256 13.89949 8.560189 7.678747 6.997767 8.088846 8.406557 8.118267 10.16663 7.51937 9.400494 8.583824 8.655857 7.887306 8.232728
9.867414 10.86163 9.752695 16.83837 11.40158 11.32714 14.96229 13.12236 14.16208 11.50795 11.44033 20.65998 11.18644 10.35666 10.9236 15.98437 9.624194 8.827467 11.08106 11.20624 10.72268 10.50815 9.903063 9.259561 10.11231 9.447868 11.57174 11.37194 12.2617 10.01241 7.916008 7.763096 8.292571 11.71832 11.95656 8.052962 7.394159 8.057458 7.340854 7.775061 7.861204 8.466764 10.59128 7.836948 7.566751 8.61921 7.826613 15.67488 16.01908 16.17027 8.444945 7.891267 15.19701 8.261166 7.504406 13.50216 14.3999 13.93943 10.81672 9.673548 7.069328 7.334713 7.749876 8.205935 8.102846
9.126161 9.984269 15.12982 10.37558 12.79747 11.38174 11.94076 14.80255 12.42922 12.19373 11.90604 14.87868 20.25975 10.10388 11.2324 19.92807 17.74436 8.88039 11.15401 10.06649 8.7999 9.694857 10.49721 9.538748 9.789362 12.70055 8.792529 8.13526 9.493686 11.92691 8.742485 7.845407 12.24929 8.295327 7.667494 7.712072 7.702714 8.57816 7.438338 8.242599 9.134382 10.22384 10.88019 8.585538 8.450735 8.081285 16.66373 10.80035 10.21594 8.441911 7.753762 8.637075 10.44716 14.08781 13.32727 7.69612 8.132805 8.319107 14.40419 8.029535 6.97697 7.690297 7.209988 7.81304 7.972607
7.868214 9.085273 14.77668 10.7671 12.51341 11.09539 12.56161 11.50058 14.42445 11.38755 12.98269 14.22606 12.13837 20.52417 18.99379 8.83181 8.602313 19.7101 8.877851 9.886952 8.583551 8.555944 8.548417 12.2164 12.25252 8.746528 7.979654 8.279804 8.176037 8.412078 10.58413 12.10811 7.974446 10.13186 9.932475 9.872632 9.319667 8.420851 7.527707 7.20932 8.112389 7.885296 11.82671 8.373342 10.6033 16.59857 11.66937 8.34901 7.599726 9.643624 8.467695 11.33699 11.53598 8.14764 9.08348 9.202499 9.20534 8.286976 13.49017 13.22387 8.944846 7.676918 7.676287 7.502486 8.612711
7.778495 14.32739 8.579515 8.892336 9.081577 10.17531 9.668782 11.33112 10.85766 11.3639 12.96274 10.95736 10.18895 9.665091 16.8437 8.945457 7.715611 7.558894 16.31451 17.17212 18.14818 9.623537 10.28313 13.59333 10.05067 9.586975 10.30022 9.163402 7.578564 7.889954 12.93746 9.019147 8.271598 7.968135 8.695353 8.572309 8.774599 9.328424 7.499917 8.436326 8.914719 9.793612 12.68753 9.659934 15.35183 7.418153 9.711894 10.23704 7.533025 8.309877 9.169637 9.298441 8.733969 10.66891 7.505948 8.759439 8.464173 7.650869 9.114864 8.429386 13.45548 9.297338 8.641556 8.464337 9.29266
9.551192 15.64139 11.19507 8.531264 8.081575 9.039096 8.020945 10.18077 9.545354 10.18559 11.71363 9.214993 8.589545 8.023714 16.69954 7.638711 7.730863 7.616015 7.305708 8.392327 8.7128 16.79467 13.54983 10.83372 16.72738 17.00583 16.1878 16.91853 13.06919 12.80401 10.11293 8.692748 7.680731 7.494223 7.485277 8.891747 7.556885 8.039246 7.359627 7.323673 7.582427 8.053041 17.22485 15.24763 7.412706 8.99022 7.263475 9.60985 10.26633 7.596688 8.626374 8.689368 7.649193 9.915211 8.090181 8.336148 7.629707 7.654271 8.700727 7.563456 13.13132 7.60843 7.135658 8.946292 7.16407
9.736046 13.87599 8.535707 12.4578 8.819979 8.178634 7.992208 9.664489 8.834241 9.565128 11.15373 8.418522 7.748491 7.687617 16.01583 9.218144 8.143901 8.327521 8.050597 7.47903 8.105417 7.70262 17.24271 16.53222 11.32714 9.833319 7.800029 7.808186 15.75286 8.878944 8.450929 7.956141 7.685363 8.102369 7.983885 8.981929 7.054986 7.176832 7.779994 7.874314 8.745667 16.37783 9.822608 8.002417 8.693704 7.271165 9.270823 9.927551 7.671937 10.3831 8.229216 8.11313 8.056924 9.131343 8.328051 8.232676 8.608666 8.719966 8.891986 7.940089 11.28039 13.70506 9.848916 7.315107 9.005728
15.05554 8.785757 8.495256 9.142638 10.98648 8.451388 8.250117 9.295926 8.344751 9.492762 11.22152 8.039121 8.483218 7.60536 15.45141 8.533545 7.354003 7.776002 8.584495 8.691751 7.668945 8.614926 10.31223 17.74765 8.78359 8.390675 7.478333 7.578033 8.718287 16.17235 16.94206 15.64716 8.67664 9.006452 10.06917 7.572613 7.87981 7.769041 7.184997 9.186178 9.984791 15.44321 8.408113 8.102901 6.945145 8.232187 7.97661 8.172143 9.849921 10.65136 8.123727 7.886168 7.663927 7.803133 9.635635 9.245552 9.532614 9.154882 11.64703 11.71544 9.700759 7.72402 14.4651 9.714031 9.875357
13.28071 7.924302 8.242912 10.43769 8.570652 8.384432 8.926548 8.5137 9.360513 9.36407 11.51758 8.525194 10.15873 7.611848 8.257639 16.22994 7.53111 8.441687 8.217209 9.763915 7.829568 7.568626 9.205396 9.22419 16.63676 7.430084 7.710348 7.785645 8.797701 7.493591 9.359571 8.402148 17.00856 11.70596 10.94234 8.958062 15.22176 15.08361 15.294 16.0472 16.06276 9.557156 8.729221 7.647627 7.809217 8.109007 7.554624 7.590796 8.398786 9.678587 10.82506 10.36556 8.617936 8.780087 8.591407 8.64602 10.5319 12.24829 11.1007 10.11397 8.348417 7.65203 12.3912 10.92218 7.680127
13.1599 8.472723 8.307008 8.275017 10.04145 9.225838 8.270814 8.414042 8.80736 11.02319 9.26135 9.808545 9.405161 7.548038 8.422213 14.75722 16.57544 9.175271 7.203445 8.126266 8.240291 9.522121 7.761818 8.708234 16.1051 7.604402 7.495636 8.563114 8.35631 7.390083 8.343608 7.309267 9.008381 15.93276 17.383 17.06137 12.44729 13.22021 13.07263 10.54219 9.138841 7.617525 7.519669 8.818658 7.656985 8.208217 8.844445 8.998017 8.311851 8.78515 7.986197 9.185956 7.384979 7.465961 9.017304 9.52109 9.971465 10.01164 7.923634 8.365398 8.437212 7.496748 8.584085 12.90938 10.26606
13.54408 8.319586 8.517344 9.255276 8.415376 8.149084 8.272148 7.933589 9.479254 10.04467 8.610283 8.822689 8.120143 8.62221 9.546079 13.5299 8.492649 17.4437 7.857082 7.433535 9.962767 8.489305 9.643667 7.805374 7.324753 16.60761 7.191065 8.462715 9.272414 8.594352 7.992786 7.525418 7.317675 8.607857 12.01308 12.2572 14.05672 11.23614 10.06631 9.204271 7.697937 7.612006 7.167355 7.929744 9.677759 8.329475 8.609298 8.856002 8.633254 8.161619 7.249896 8.32968 8.421961 8.016016 7.404954 7.660397 7.762448 8.726891 8.631354 7.534249 7.510903 7.35557 7.950394 9.010644 12.08326
14.11135 8.258614 8.589561 9.612156 10.46549 10.07568 8.959923 8.597975 8.084071 8.999827 9.49534 9.374593 8.364093 8.677004 13.96964 7.73179 8.201647 8.577577 15.27049 7.166421 8.185125 9.340439 8.89529 8.239371 7.909914 16.94987 7.915027 7.243307 7.429345 7.443727 7.658378 8.40266 8.220627 7.487024 8.292368 11.82714 12.68823 10.97321 8.171821 7.94536 7.200621 7.474921 7.851233 8.054816 8.350204 9.357652 8.717274 10.42929 8.859372 7.927829 7.412726 8.114172 8.026899 7.315119 8.037841 8.97506 10.93057 9.131989 8.747814 9.154279 8.728124 8.075387 8.344091 8.086963 8.161888
14.38748 8.452199 8.117314 11.58076 8.203606 8.532778 10.04128 10.34758 9.06653 8.709492 8.93563 8.356832 7.559206 8.423473 15.17696 8.172122 7.985699 7.357795 16.63314 8.643012 8.256218 9.348711 9.684941 8.298804 9.089447 10.07874 17.37593 15.89454 7.977134 8.336261 7.245337 8.045773 7.896338 8.585784 7.511477 9.084484 9.476786 10.47911 7.593986 7.716333 7.637867 9.701849 9.925581 9.071828 8.228476 9.012936 11.03079 8.258253 7.244033 7.366755 7.803798 8.420552 8.484996 7.54915 7.195453 8.946335 11.20955 10.60736 8.016799 7.973331 8.888257 9.341673 8.574534 7.759315 8.249875
8.943265 12.97713 10.51141 8.734666 8.034355 8.985631 9.394533 9.797224 9.93135 9.657544 8.022755 8.822526 7.649197 13.20281 8.819304 8.160952 7.79796 7.470962 8.739264 15.28118 7.291164 8.707001 9.384411 9.632293 8.100039 9.210815 8.243904 10.37935 16.48322 16.80497 18.50895 9.819188 8.531113 8.606846 8.00313 7.988185 9.177059 8.557135 10.43818 10.03676 9.568648 7.723952 8.251523 7.927902 8.026451 11.77722 9.929039 9.125902 8.835599 8.341437 8.138297 8.763799 8.727438 7.611353 8.009473 7.571884 10.17527 11.20868 13.30339 12.52286 8.47241 8.060989 8.584574 8.570756 8.347402
13.31137 12.86805 10.62257 9.538141 9.41184 9.345712 9.322632 8.985536 10.26621 9.055625 7.965373 8.693657 9.764965 13.76219 9.431107 8.206246 7.691462 8.030645 7.342353 16.06621 7.914271 7.960402 9.700688 8.860329 10.23912 8.443474 8.212575 10.04199 8.471176 7.97351 7.35832 16.40691 8.191222 7.867421 8.720426 9.594464 9.283981 8.963205 9.738979 8.505701 8.336823 8.103682 8.226232 8.317397 11.10035 9.553269 7.602191 7.468913 7.726899 7.896685 8.790946 8.856002 8.797091 8.442761 8.596827 9.296428 7.925284 7.859013 8.269582 8.342566 11.40897 8.636232 8.866613 8.25815 8.558002
12.34967 8.379041 12.38125 7.977156 7.866782 8.950646 8.935933 10.30737 9.013104 9.912639 8.364905 7.580046 8.461261 13.82548 9.443497 8.202046 7.722324 8.146686 7.358724 17.20333 9.065377 8.909482 9.137403 9.425962 9.282392 8.614069 11.99437 9.034132 8.516994 8.29117 7.474586 8.633871 16.25555 7.544577 10.20624 8.682662 11.12298 8.58941 8.489334 11.5082 10.60393 10.12951 8.738428 10.83214 8.159784 7.744577 8.922459 8.310681 7.826009 9.783673 9.07897 9.193769 9.32927 7.919819 8.419355 9.371324 9.09979 8.351836 7.823668 8.980531 11.85488 10.49557 10.0216 8.438136 8.044373
8.230416 8.617976 9.006006 11.77658 9.112682 7.971496 9.941669 8.418814 8.240222 10.55804 8.203032 8.677808 9.529001 12.33447 13.8199 8.239015 7.629764 8.197066 15.11661 9.425847 7.621293 7.761102 8.633775 9.306132 9.314068 9.337383 11.98635 9.338013 9.319107 9.166221 7.968471 9.754585 17.71747 8.300159 7.716131 8.467287 8.414577 9.535647 11.07789 8.072323 8.797157 9.779355 11.69634 10.21411 8.075434 7.904479 10.39643 10.0412 9.940455 8.445385 7.889982 11.44522 8.160409 9.299894 7.779829 7.887899 9.433464 9.742064 10.0016 9.622022 12.88593 11.85391 11.39096 9.203032 8.400546
9.269254 9.233545 8.385448 7.823395 10.84964 12.1874 11.21277 8.482605 8.198237 8.197313 10.5907 8.047873 12.37132 9.205935 15.36423 8.499836 7.576529 8.829972 7.519485 16.69078 9.037638 8.194538 7.860431 9.655191 10.99014 8.741392 8.952076 9.433406 10.57472 10.83144 11.00961 8.889582 9.415544 17.75098 8.80083 7.626539 7.874231 13.36384 11.30969 7.672235 8.000234 12.29063 8.1679 7.200666 10.30519 10.66238 9.432927 9.040991 8.362533 7.625313 8.081774 7.912353 8.323393 7.558139 9.032868 8.334436 7.994251 8.123007 10.71465 10.90636 13.62441 12.63301 14.13177 9.955403 8.559011
8.416908 9.816932 8.95563 8.219198 7.900816 8.448285 9.06997 8.299277 7.986338 9.456832 10.66725 12.12809 8.767084 8.757321 14.34834 8.233331 8.372903 8.730656 7.771683 9.211616 16.36268 9.488037 9.31097 8.370103 8.92313 8.958546 9.117578 9.713859 9.927873 10.55297 9.547773 8.160363 8.759104 9.574778 17.53752 13.27877 13.59493 9.479953 14.01114 13.13616 12.15804 9.643776 8.040537 7.213885 7.393186 7.665236 9.869217 9.828172 9.164849 8.731184 8.548337 7.698354 8.226106 8.509222 8.142268 10.29679 9.022005 8.981355 11.45527 10.93865 12.68998 11.47178 11.28582 11.27515 10.14328
10.16186 10.33721 8.306877 7.803857 8.275652 10.39765 8.538634 9.346475 8.179393 8.354902 10.01464 8.488235 8.452991 8.606637 14.41409 11.48509 8.575682 7.970777 8.624951 7.48959 9.373119 15.58732 7.561574 8.215948 9.727064 8.61693 10.93779 10.13958 10.36868 9.213953 8.782941 9.112326 8.680556 7.566548 11.7849 17.77732 8.927509 8.006035 8.002685 8.890513 12.83236 8.851104 7.576484 7.921535 7.806082 9.166962 7.599668 8.069208 8.480363 7.769549 8.234408 7.510211 8.403529 8.81419 9.93269 11.68051 10.032 9.954184 12.46844 12.80156 8.041661 8.550128 8.639602 8.062087 10.14623
9.871531 10.41293 9.537977 8.551583 8.34561 7.871239 8.407705 8.749621 9.48167 8.07298 9.140593 8.226683 8.673708 12.15 9.461025 13.42643 10.13083 7.940262 8.629789 7.907214 8.570086 16.92422 7.673676 9.628321 8.035298 10.74502 9.429496 8.772637 10.42833 9.615181 10.41962 9.069634 8.332944 8.234283 11.67338 9.714784 16.604 7.823738 8.795585 8.224047 8.337933 12.83768 10.67422 9.974707 9.276421 7.750773 7.847706 8.532207 8.217389 7.925737 7.833789 9.114729 8.079477 9.626699 11.44239 12.56972 10.71879 10.88011 12.04131 12.94254 8.09236 8.234984 8.552696 7.672182 7.403841
10.00786 9.509168 8.886514 10.9429 9.080819 7.826873 10.04198 10.0965 9.218557 9.27967 8.359491 7.927856 8.711071 9.239472 12.37998 13.35844 8.341073 10.2022 8.149974 9.284098 7.569205 8.998095 16.40966 11.72489 8.705614 10.81934 8.135247 9.349074 9.771921 10.32356 10.77155 9.802425 8.382466 7.621843 11.9501 8.530712 17.54131 9.545202 9.279585 8.864167 8.186503 12.0825 11.39478 10.973 10.66689 9.379603 8.617291 8.235944 7.283029 7.856149 7.912674 8.289748 10.44685 10.12581 7.887868 8.920158 11.99167 10.99804 12.43221 13.43594 8.68584 7.95808 8.54879 8.938452 9.32085
10.15822 10.5881 8.785351 11.71261 8.406096 10.38576 9.312085 8.159684 8.648379 8.433705 8.072772 9.564013 10.10534 12.17852 9.067657 13.65832 8.445359 8.825691 9.062213 9.662706 7.882431 8.517342 15.84236 7.697505 11.59722 11.05134 10.92065 12.25837 11.36114 10.19108 9.423813 8.837068 8.915385 11.81685 8.633223 7.984282 17.34477 7.568854 8.093562 9.003293 8.847086 8.28407 10.91202 8.090185 8.102282 9.971547 9.473336 7.799708 7.809122 7.520098 8.302761 8.803627 9.083233 8.964183 8.443086 7.899666 8.449467 12.42805 12.2368 13.83108 8.331326 7.78722 8.008653 8.6494 8.054823
9.138723 11.42552 9.139569 9.393775 12.25807 7.731034 7.670156 9.164364 10.2181 8.892475 9.083067 7.690215 8.767414 11.17556 9.380952 10.28549 12.89212 8.486528 8.344327 8.669599 8.003767 10.09993 15.52183 7.71289 9.414739 8.824361 8.611919 9.138869 8.977092 8.672498 9.342942 8.185086 12.38028 8.115294 7.726301 7.547129 17.60043 7.536989 8.388788 8.66247 8.782654 8.743747 9.952232 9.071804 7.817809 7.896003 7.853986 8.889725 7.764696 7.280614 9.038806 8.278979 7.749479 7.92515 8.260534 8.392194 8.289859 8.40278 14.19388 10.88228 8.977688 9.41424 8.616785 9.374154 8.104832
12.4484 9.439734 11.88911 10.37148 12.71039 9.049184 8.228184 8.608524 9.122839 9.143687 8.315825 8.475573 9.666968 8.641865 9.988948 17.34187 9.303354 11.93681 9.2284 8.595403 7.956738 10.11273 15.63535 7.613126 7.832204 8.043325 9.707961 8.72474 8.466903 9.087672 9.158656 8.951353 11.91467 8.609358 7.7224 8.818752 17.33863 8.41264 7.872864 10.2218 9.253831 9.788726 8.330989 10.98975 8.146364 8.480067 9.619028 7.472565 7.900927 7.430084 12.16344 7.91375 8.865708 8.40656 7.876155 8.709756 8.376784 8.794995 9.220416 14.77664 14.50052 8.710963 8.320556 9.999203 8.037793
8.275672 12.73458 9.282709 12.38649 10.79631 8.447068 7.554219 8.562908 8.771254 8.092083 8.645568 8.151235 8.154452 8.451652 11.0275 13.0438 8.997706 9.577065 11.07381 9.648875 9.894838 10.02998 11.54253 15.58738 10.71433 10.41261 8.317251 7.670712 8.444484 8.360253 9.50944 9.06423 11.97224 9.152851 8.516062 8.165506 9.750004 17.31672 9.889829 8.488374 8.037509 10.076 8.31631 10.41058 8.982499 11.04421 8.177603 8.469622 11.76086 11.64195 7.950071 12.94082 13.1541 8.153174 9.225948 7.992438 8.205073 9.438115 8.754762 10.24916 9.891434 14.33586 13.83275 8.364569 8.878417
9.451343 13.18317 8.824245 11.97519 10.66394 7.749975 7.67213 7.968654 9.538966 9.454073 8.851701 8.157101 8.35238 11.07865 8.848103 10.249 11.74613 9.319107 11.01514 8.848442 8.361085 7.802437 9.234536 16.35504 9.102426 7.629479 8.498087 7.608882 8.603916 8.625087 9.748505 13.12052 9.244882 9.699623 8.196605 8.219295 7.945059 9.193886 16.31836 7.950645 8.227512 8.129021 8.32305 10.43266 11.7698 8.98147 8.983339 12.63491 8.660951 7.978116 7.597489 8.690901 8.876925 12.90157 11.09614 9.705435 9.660733 10.44993 10.27265 9.140764 9.825071 9.67288 11.74427 15.01766 9.883877
