layers/tev_landuse500m1.asc
ncols         319
nrows         495
xllcorner     219017.22331753
yllcorner     4610852.5305323
cellsize      500
NODATA_value  -9999
[rows 342 to 398 of 495, columns 96 to 191 of 319]
39 39 37 28 28 28 28 28 28 28 28 28 28 28 28 28 28 28 28 1 1 28 28 28 28 28 28 7 7 35 7 7 35 7 35 35 35 35 35 35 36 35 35 35 9 1 1 35 9 35 33 35 35 35 1 35 35 35 35 35 35 35 35 35 35 35 35 35 35 35 35 1 1 7 21 9 7 7 21 21 21 21 9 9 9 9 9 9 9 9 9 33 9 9 9 13
9 37 37 37 28 37 28 28 9 28 28 28 28 28 28 28 28 28 28 28 28 1 1 28 28 28 28 28 7 7 35 35 35 35 7 7 7 7 35 35 7 35 35 35 35 9 1 9 35 35 35 35 35 9 9 35 9 7 7 7 7 9 1 1 35 9 7 7 7 1 1 1 7 21 21 1 1 7 21 21 1 9 21 1 9 9 9 9 9 9 9 9 9 9 9 11
35 28 28 28 28 28 28 1 28 28 28 28 28 28 28 9 28 28 28 28 28 1 28 28 28 28 9 28 7 7 35 35 35 35 7 7 7 7 37 37 1 35 35 35 35 9 9 9 35 9 35 35 35 35 9 35 35 35 1 1 7 1 1 1 7 1 9 7 7 1 7 7 7 21 7 1 35 7 37 7 9 21 21 21 1 9 9 9 9 9 9 9 9 9 33 34
28 9 9 28 28 28 28 1 1 28 28 28 28 9 28 9 7 7 7 28 28 28 35 35 35 35 35 22 37 37 35 35 35 35 7 9 7 7 37 37 1 1 9 35 9 35 35 35 35 35 9 35 35 35 35 9 35 35 35 35 -9999 7 7 7 37 7 7 9 37 7 1 1 7 7 7 1 7 7 7 7 9 21 35 35 21 1 9 9 9 9 9 9 9 33 34 33
28 9 28 28 28 28 37 1 28 28 28 28 7 28 28 28 28 7 35 1 28 28 35 35 35 35 34 35 35 35 35 35 35 35 35 35 35 9 37 37 9 1 9 35 9 35 35 35 35 35 35 9 9 35 35 35 33 33 35 9 35 33 -9999 7 7 9 9 7 9 1 7 1 1 1 7 7 7 7 7 21 1 35 7 7 21 37 9 9 9 9 9 9 9 9 33 14
9 28 28 28 28 28 1 1 1 28 7 7 7 7 7 7 7 35 35 7 7 7 1 9 9 9 9 9 35 35 35 35 9 9 35 35 9 37 37 1 9 1 35 35 35 35 35 35 35 35 35 35 9 35 35 35 35 35 35 35 35 35 35 35 35 37 35 7 1 1 1 1 35 35 7 1 1 1 21 21 7 1 21 21 21 9 37 9 9 9 9 9 9 9 9 34
28 28 28 28 28 28 28 28 28 28 28 28 28 35 35 7 7 28 9 35 35 35 7 35 33 9 9 9 9 9 35 35 35 35 35 1 1 1 1 35 35 35 35 35 35 35 35 35 35 35 35 35 35 9 35 35 35 35 35 35 35 35 35 35 35 35 35 35 7 35 35 1 9 35 1 35 21 21 21 21 7 7 21 21 21 21 9 9 9 9 9 9 9 33 9 33
28 28 28 28 28 28 28 28 28 28 28 28 28 35 28 28 28 28 35 35 35 35 35 9 9 9 35 35 35 35 35 7 7 7 1 9 1 7 7 35 1 35 35 35 35 35 35 35 35 35 35 35 35 35 9 9 35 35 35 35 35 35 35 35 35 -9999 35 -9999 35 35 35 9 1 1 7 35 7 1 21 21 21 21 21 1 1 21 9 9 9 9 9 9 9 9 9 9
28 28 28 28 28 28 28 28 28 28 35 35 1 35 35 35 28 35 35 35 34 35 35 9 9 35 35 35 35 35 35 35 35 35 9 33 9 7 35 21 9 35 35 35 35 35 35 35 35 35 35 35 35 35 35 9 35 35 35 35 35 35 35 33 35 35 35 35 35 35 35 7 35 37 7 1 35 21 1 1 1 1 21 21 21 1 9 9 9 9 9 9 9 9 13 9
1 28 28 1 1 35 28 28 28 28 28 35 35 35 7 7 7 35 35 35 35 35 35 35 35 35 9 35 9 9 9 35 35 35 33 35 21 21 9 9 9 35 35 35 35 35 35 35 35 35 35 35 35 35 35 35 35 9 35 35 35 35 35 35 35 33 35 35 35 35 35 35 37 35 35 35 1 1 35 7 7 21 21 21 7 21 21 21 9 9 9 9 9 9 1 21
37 1 1 9 1 35 37 35 35 28 35 28 37 37 7 7 35 7 7 7 35 35 35 35 35 35 35 35 35 9 7 35 35 35 35 35 1 21 9 8 9 9 9 21 9 35 35 35 35 35 9 1 1 35 35 35 1 1 1 35 35 35 35 35 35 35 35 35 33 35 35 35 9 35 35 9 35 9 7 7 7 7 7 21 7 21 21 1 9 21 9 9 9 9 9 9
1 9 1 1 1 1 1 1 1 1 1 35 37 1 35 35 35 7 35 35 35 35 35 35 35 9 35 9 7 7 7 35 1 7 7 9 9 9 35 9 9 21 21 21 21 35 35 35 35 35 9 1 35 35 35 35 35 1 35 1 9 34 9 21 21 35 35 35 35 35 35 35 35 9 9 35 35 7 7 7 7 7 21 7 37 1 1 1 21 21 9 21 9 9 9 21
1 1 1 9 1 1 1 1 1 1 1 37 35 35 35 35 35 35 7 35 35 35 7 7 7 7 35 35 35 1 35 7 7 7 7 9 35 35 9 9 9 9 21 9 21 21 35 35 35 35 35 1 9 9 35 21 9 1 1 35 1 1 35 21 21 35 1 9 35 35 9 35 35 35 35 35 35 35 7 7 21 7 21 7 7 21 1 1 21 21 21 1 1 1 9 21
28 1 1 1 9 1 37 1 1 1 7 7 35 35 35 35 35 35 35 7 35 35 35 7 7 7 7 35 35 35 7 37 7 7 9 35 35 9 1 9 33 33 9 21 21 21 35 35 35 35 35 9 33 9 21 21 9 9 9 9 9 1 9 1 1 1 1 1 9 9 1 1 35 35 35 35 35 7 7 7 21 21 21 7 21 21 21 21 1 1 21 21 21 1 7 9
28 28 9 1 1 1 1 1 1 7 7 7 35 35 35 35 35 35 35 35 35 35 7 7 7 7 37 7 7 7 9 35 35 35 35 35 35 35 9 9 33 9 9 21 21 21 7 7 35 35 35 35 33 9 9 1 9 9 1 1 1 9 1 34 1 1 34 34 1 1 1 21 9 35 35 35 35 35 7 35 35 35 35 7 21 9 9 1 21 21 21 1 21 9 9 9
28 9 9 28 28 9 28 28 1 1 7 35 35 35 35 35 35 35 35 35 7 35 7 7 7 7 37 37 9 33 35 35 35 35 35 35 33 33 9 1 33 33 33 9 21 21 1 7 7 35 35 35 1 33 9 9 1 9 1 1 9 9 1 1 1 9 9 9 1 9 9 9 1 35 35 33 35 35 7 35 35 21 21 21 21 21 21 21 21 21 1 1 1 9 1 1
28 9 9 9 9 28 28 28 9 7 1 1 1 1 1 1 35 35 35 35 35 7 7 7 7 35 35 35 35 33 35 35 35 35 9 33 33 35 35 9 33 33 33 9 21 21 21 7 7 35 7 35 1 1 33 9 9 1 1 1 1 1 35 9 1 1 34 9 1 1 1 1 1 9 35 36 35 35 7 35 35 21 1 28 28 21 21 35 35 9 9 1 9 1 33 33
28 1 37 1 1 28 28 28 28 28 7 7 7 7 35 35 35 35 35 7 35 35 35 35 35 35 7 35 35 35 35 9 9 35 33 35 9 35 21 9 9 33 33 9 21 21 28 1 1 7 7 35 35 35 1 1 37 9 1 1 9 1 1 35 1 9 9 1 1 1 1 1 1 1 35 9 35 35 1 35 35 35 28 28 21 21 21 35 35 7 7 1 35 9 35 35
37 37 37 1 9 7 7 7 7 7 7 7 7 7 35 35 35 35 35 35 35 35 37 35 35 7 7 35 35 35 35 9 35 33 35 35 21 21 21 9 33 33 33 9 21 21 28 1 1 7 7 7 7 1 35 1 1 35 9 9 1 1 1 35 1 35 9 1 1 1 9 35 33 1 1 9 9 1 35 1 1 35 35 21 21 21 21 1 21 21 7 7 7 35 7 7
7 9 37 1 1 1 9 28 28 35 35 35 35 35 35 35 35 35 35 35 35 35 37 35 35 35 7 35 35 9 9 35 35 35 35 9 21 21 21 9 33 35 33 9 37 21 28 28 1 7 1 7 7 35 35 37 1 35 9 9 1 1 1 1 9 1 1 1 9 1 35 35 35 35 1 9 35 35 35 35 7 7 21 21 21 21 1 1 21 21 7 7 7 21 7 7
35 1 1 1 28 28 28 28 28 28 35 28 35 35 35 35 35 35 35 35 35 11 37 35 35 34 1 9 35 35 9 35 35 35 9 7 7 7 9 9 33 35 33 21 21 21 1 1 1 1 7 35 35 35 35 35 1 35 35 1 35 1 1 1 9 9 1 1 9 1 35 35 35 35 35 9 35 35 35 35 7 21 21 21 21 1 21 9 9 21 21 21 1 1 21 21
4 1 1 28 28 28 9 28 9 35 28 28 28 35 35 35 35 35 40 35 7 35 35 35 34 1 1 35 35 35 35 35 35 35 7 7 7 21 21 9 9 33 33 33 21 21 21 1 1 1 7 35 35 35 35 35 1 35 35 1 9 35 35 35 1 1 9 9 1 1 33 35 35 35 35 35 43 35 7 7 7 21 21 21 21 21 9 21 33 21 21 21 1 7 21 1
4 1 1 9 9 28 28 28 35 9 28 28 35 35 35 35 35 40 40 35 11 7 35 35 35 35 35 35 35 35 35 35 35 7 7 7 7 9 21 9 9 33 33 9 21 21 21 1 1 7 7 7 35 35 1 1 35 35 1 35 9 35 35 35 1 1 1 1 1 9 33 35 35 35 35 35 35 7 35 7 21 21 21 21 42 1 21 21 33 9 9 9 7 21 21 7
35 35 9 28 9 7 7 9 9 9 9 28 28 28 7 35 35 7 7 35 7 7 35 35 35 35 35 35 35 35 35 35 7 35 35 21 7 9 9 1 9 33 35 35 35 35 21 35 35 7 7 7 9 9 9 1 35 1 35 35 35 9 35 1 1 1 34 1 1 9 33 35 9 9 35 35 9 9 7 35 21 21 21 9 9 1 21 21 21 33 21 9 7 21 37 37
4 35 28 28 28 28 4 9 9 9 35 9 9 9 9 1 35 35 35 35 7 37 35 35 35 35 35 35 35 35 35 35 35 35 21 21 21 7 7 9 33 33 33 1 1 35 1 35 1 7 7 7 35 9 1 1 1 1 35 35 1 9 9 35 9 9 9 9 1 13 1 33 1 35 35 35 21 21 42 35 1 35 21 21 21 21 21 21 21 21 33 9 9 21 7 7
9 9 28 28 28 28 4 4 9 9 35 9 9 9 35 1 9 35 35 35 7 37 35 35 35 35 35 35 35 35 35 35 35 21 7 9 7 7 1 33 9 33 35 35 1 1 1 1 1 35 7 9 35 35 35 35 1 35 35 1 1 1 9 35 1 1 1 1 1 1 35 35 35 35 35 35 21 35 28 28 35 35 21 21 21 21 21 21 21 21 33 33 33 33 9 1
9 9 9 9 9 9 4 7 9 35 9 35 9 35 1 9 35 35 35 35 7 35 35 35 35 35 35 35 35 35 35 35 35 7 7 7 7 7 9 33 33 33 35 1 1 1 35 35 35 35 7 7 7 35 35 1 35 35 35 1 1 1 35 35 1 1 1 9 1 1 35 -9999 1 9 35 35 21 35 35 35 35 21 21 21 21 21 21 21 21 21 21 21 21 33 33 9
9 9 9 9 9 4 4 7 7 9 9 35 9 35 35 35 35 35 35 35 7 35 35 7 35 35 35 35 35 35 35 35 35 9 35 35 35 35 9 33 33 33 35 35 1 1 35 35 35 1 1 1 1 9 1 1 35 9 35 35 1 35 35 35 1 1 34 34 9 1 36 39 9 35 35 35 28 21 21 21 21 21 21 21 21 21 21 21 21 21 21 21 21 21 33 33
9 9 4 4 4 4 6 6 9 9 9 4 4 4 4 35 34 35 7 7 7 35 35 7 35 35 35 35 35 35 35 35 9 35 35 35 35 9 9 35 33 33 1 35 35 1 35 35 35 35 35 35 35 35 35 35 35 33 9 35 1 1 9 34 1 1 9 9 35 35 35 35 9 35 35 35 21 7 7 21 21 35 35 35 35 37 37 21 21 21 21 21 21 21 33 33
9 9 4 4 9 4 4 9 9 9 9 4 4 4 9 9 34 4 7 7 35 35 35 35 35 35 35 35 35 35 35 1 9 35 35 35 9 35 9 1 35 35 35 35 1 35 35 35 35 35 35 35 9 35 35 35 9 35 35 1 35 1 34 1 1 9 9 9 1 35 35 35 35 35 35 21 7 21 7 7 21 35 35 35 21 1 21 21 21 21 21 21 21 21 21 33
9 9 9 9 9 21 7 7 9 9 3 1 4 4 9 4 9 9 7 7 7 35 35 35 35 35 35 35 35 35 35 1 35 35 35 35 35 35 9 9 1 35 35 35 1 35 35 35 35 35 35 35 1 35 35 35 9 1 35 35 1 1 9 1 1 1 1 1 1 1 1 1 33 35 35 7 35 35 7 21 21 35 21 21 21 21 1 21 21 21 21 21 21 35 1 21
9 9 9 9 9 21 7 7 7 9 3 1 4 4 9 4 9 7 4 35 35 35 35 13 36 35 35 35 35 35 1 40 35 35 35 35 35 9 9 33 1 35 35 1 35 35 1 35 35 35 35 1 35 35 35 9 1 1 9 9 1 1 35 35 1 1 1 1 1 1 1 35 35 33 35 7 35 35 21 21 21 35 21 21 21 21 21 21 21 21 21 21 35 1 1 1
9 9 9 9 21 4 7 7 7 3 1 9 1 1 4 4 4 4 35 35 35 35 35 35 35 35 35 35 35 35 35 35 35 35 35 35 9 9 9 33 1 35 35 1 35 35 35 35 35 35 1 9 35 35 35 9 1 1 1 1 35 35 35 1 35 1 1 37 35 1 35 43 35 35 33 35 35 21 21 21 35 21 21 21 21 21 21 21 1 21 21 7 7 7 21 1
9 9 9 9 4 25 25 25 25 25 3 3 25 26 4 4 4 4 1 35 35 35 35 35 35 35 35 35 35 35 35 35 35 35 35 35 9 9 9 9 1 35 37 1 35 35 35 35 1 37 1 1 35 1 9 7 7 1 7 9 35 7 35 35 35 35 35 35 1 1 35 35 35 35 35 35 35 35 21 35 35 21 21 28 28 28 21 21 21 1 1 35 1 28 21 21
9 9 4 25 25 25 25 25 25 25 25 25 25 7 7 7 4 4 1 7 35 35 35 35 35 35 35 35 35 35 35 35 35 35 35 9 9 9 9 9 1 1 37 1 35 35 35 35 35 37 1 1 1 1 1 7 7 7 7 21 7 35 35 35 9 9 35 35 1 35 35 35 35 35 35 35 35 21 35 35 21 21 21 21 21 21 21 21 21 21 21 21 28 21 21 21
9 9 25 25 25 25 25 25 25 25 25 25 25 25 7 7 7 4 4 35 35 35 35 35 35 35 35 35 35 35 35 35 1 1 1 9 35 9 35 9 1 1 1 1 35 35 35 35 35 1 1 1 1 9 1 7 7 7 9 21 7 35 35 7 7 9 35 35 1 1 35 35 35 35 35 33 35 37 37 35 21 21 21 21 21 21 21 21 21 21 21 28 21 21 21 21
-9999 -9999 -9999 -9999 25 25 25 25 25 25 25 25 25 25 25 25 21 9 35 35 35 35 45 35 35 35 35 35 35 1 1 1 1 1 1 1 9 9 9 9 35 1 35 1 1 35 35 35 35 35 35 1 9 37 37 1 1 7 21 21 7 7 7 7 7 7 7 35 1 35 35 35 35 35 35 33 35 35 35 35 35 21 21 21 21 7 7 7 21 21 21 21 21 21 28 28
-9999 -9999 -9999 -9999 -9999 25 25 25 25 25 25 25 25 25 25 39 39 8 35 35 35 35 35 35 35 35 35 35 35 35 1 1 38 38 9 9 9 9 9 9 35 1 1 1 1 35 35 1 35 1 1 37 1 37 1 1 7 7 21 21 7 7 7 7 7 7 7 35 1 1 35 1 35 35 35 35 33 36 33 33 35 9 35 9 28 28 7 7 7 1 21 1 28 21 21 21
-9999 -9999 -9999 -9999 -9999 -9999 -9999 -9999 -9999 25 25 25 25 25 25 39 39 13 45 9 35 35 35 36 35 35 35 1 35 1 1 1 37 9 1 9 1 9 9 35 1 35 1 1 35 35 1 1 1 1 1 9 1 9 1 1 9 7 9 37 7 7 35 35 7 35 35 35 1 35 43 35 35 35 35 33 33 33 33 33 35 35 9 35 21 1 1 21 1 1 1 1 21 21 21 21
-9999 -9999 -9999 -9999 -9999 -9999 -9999 -9999 -9999 25 25 25 25 25 25 39 39 9 45 9 35 35 35 35 35 35 1 1 35 35 1 37 1 1 1 1 1 1 35 35 1 35 1 1 35 1 1 1 1 1 1 1 9 9 9 1 9 7 9 21 21 7 7 35 7 35 35 36 35 35 1 35 35 35 35 35 33 33 33 35 35 35 35 35 21 21 21 21 1 21 21 1 1 21 21 21
-9999 -9999 -9999 -9999 -9999 -9999 -9999 -9999 25 25 25 25 25 25 25 39 39 45 9 35 35 8 35 35 9 35 8 35 35 35 1 1 1 1 1 20 20 35 35 35 35 35 35 35 35 35 35 35 1 1 1 1 21 9 9 9 7 7 34 21 7 21 7 35 7 35 36 36 35 43 35 35 35 35 35 35 33 33 35 35 35 35 35 35 21 21 21 21 21 21 1 1 37 21 35 35
-9999 -9999 -9999 -9999 -9999 -9999 -9999 -9999 25 25 25 25 25 25 39 39 39 45 35 35 8 35 35 35 28 9 35 35 35 35 35 1 1 20 20 20 20 20 35 35 35 35 35 1 1 35 35 1 35 1 1 37 37 1 9 1 9 7 7 1 21 7 35 7 7 35 35 35 35 35 35 35 35 35 35 35 35 35 35 35 35 28 28 28 21 28 21 1 21 21 1 1 1 21 35 35
-9999 -9999 -9999 -9999 -9999 -9999 -9999 -9999 25 25 25 25 25 25 39 39 45 35 9 35 9 39 39 28 35 47 35 35 35 35 35 1 1 20 1 1 35 20 20 35 35 35 35 1 35 35 35 1 1 1 34 1 1 1 37 1 1 9 7 1 7 7 7 7 7 35 35 35 35 35 35 35 35 35 35 35 21 28 35 35 28 28 28 28 21 21 21 21 7 21 21 21 1 21 21 21
-9999 -9999 -9999 -9999 -9999 -9999 -9999 -9999 25 25 25 25 25 25 39 39 45 9 9 35 35 39 39 35 35 9 35 35 35 35 35 37 1 20 1 1 35 1 35 20 20 35 1 1 1 35 35 35 35 1 9 7 1 1 1 1 35 9 9 7 1 7 7 35 35 35 35 36 35 35 35 35 35 33 33 35 21 28 21 28 28 28 28 28 28 1 21 7 7 21 21 1 21 21 21 21
-9999 -9999 -9999 -9999 -9999 -9999 -9999 -9999 25 25 25 25 25 25 25 39 35 35 35 35 9 39 39 9 35 35 35 35 35 35 35 9 9 20 20 1 35 1 35 35 35 35 1 1 1 1 35 35 1 1 7 7 37 1 1 35 9 35 35 9 7 7 7 35 35 35 35 35 35 35 35 35 35 35 35 21 28 28 28 21 28 28 28 28 28 21 1 35 21 21 21 21 21 21 21 21
-9999 -9999 -9999 -9999 -9999 -9999 -9999 -9999 25 25 25 25 25 25 25 25 35 35 35 35 35 8 9 9 9 35 35 35 35 35 35 8 22 9 1 20 35 34 34 35 35 1 1 1 33 33 35 35 35 1 7 7 7 9 1 1 7 9 35 1 1 7 35 35 35 35 35 35 35 35 35 35 35 35 35 35 28 28 28 28 28 28 28 21 21 21 21 21 21 21 21 21 21 21 28 21
-9999 -9999 -9999 -9999 -9999 -9999 -9999 -9999 25 25 25 25 25 25 25 25 1 4 4 35 35 9 9 9 35 35 35 35 22 35 8 8 35 35 9 9 34 34 7 35 35 9 37 37 1 1 9 35 35 1 7 37 7 9 9 35 7 7 1 35 1 7 37 35 35 35 35 35 35 35 35 35 35 33 35 35 35 35 35 28 28 28 28 21 21 21 21 21 21 21 21 21 21 28 28 28
-9999 -9999 -9999 -9999 -9999 -9999 -9999 -9999 25 25 25 25 25 25 3 25 1 4 4 4 35 35 9 35 8 8 8 41 35 35 35 35 35 9 9 9 6 35 7 9 9 9 9 1 1 1 21 21 35 1 1 35 7 37 7 7 7 35 1 1 7 7 35 7 35 7 35 35 35 35 35 35 35 35 35 35 35 35 35 28 28 28 35 35 35 21 21 21 21 21 21 7 7 21 1 9
-9999 -9999 -9999 -9999 -9999 -9999 -9999 -9999 -9999 25 25 1 1 3 3 3 1 1 4 4 35 35 35 35 8 8 8 35 35 35 35 35 9 9 9 9 49 7 7 9 9 9 1 1 1 1 21 21 35 35 35 35 7 37 7 7 7 7 7 35 1 7 7 35 7 35 35 35 35 35 35 35 35 35 35 35 7 35 28 28 28 28 22 21 21 21 21 21 21 7 7 7 21 21 21 35
-9999 -9999 -9999 -9999 -9999 -9999 -9999 -9999 -9999 25 9 4 4 1 7 3 1 1 1 4 35 35 35 35 8 8 48 7 9 9 9 35 9 9 35 48 48 7 7 9 9 35 1 1 1 1 1 21 35 9 35 35 35 9 7 37 37 7 7 7 7 7 7 35 35 36 36 35 35 35 35 35 35 35 35 7 35 35 35 35 28 7 22 21 21 21 21 21 21 21 21 7 21 21 35 35
-9999 -9999 -9999 -9999 -9999 -9999 -9999 -9999 -9999 -9999 4 4 4 4 7 3 3 3 4 4 35 35 35 35 56 49 35 37 9 35 35 43 35 9 21 9 7 7 7 7 9 35 35 1 35 35 21 21 9 35 35 35 35 9 7 7 7 7 16 16 7 9 35 35 35 35 35 33 35 33 35 35 35 35 35 35 35 35 7 35 7 7 7 28 7 21 21 7 7 21 21 21 21 9 21 9
-9999 -9999 -9999 -9999 -9999 -9999 -9999 -9999 -9999 -9999 -9999 4 4 4 7 7 7 3 3 4 35 35 35 35 56 7 35 35 8 21 35 13 9 21 35 21 37 7 1 1 7 35 35 1 35 9 21 21 9 35 35 35 35 35 9 7 7 16 9 49 9 8 45 45 35 35 35 35 36 35 35 35 35 35 35 35 35 35 35 28 28 7 9 7 7 7 7 7 7 21 21 21 21 21 21 21
-9999 -9999 -9999 -9999 -9999 -9999 -9999 -9999 -9999 -9999 -9999 4 4 4 4 7 4 3 3 4 35 7 35 56 56 49 21 35 21 35 28 48 9 21 7 7 37 35 1 35 7 35 35 1 35 35 48 9 9 35 48 35 21 9 16 35 8 9 48 8 45 40 9 45 45 35 35 36 35 35 7 1 35 35 35 35 35 35 20 21 21 21 21 21 21 35 7 35 7 7 22 21 21 21 1 21
-9999 -9999 -9999 -9999 -9999 -9999 -9999 -9999 -9999 -9999 -9999 4 35 35 35 35 35 35 35 35 35 35 56 56 56 49 35 35 21 41 28 48 9 8 7 7 7 35 7 35 7 35 35 35 35 35 35 21 9 36 35 35 35 9 16 9 8 35 9 45 9 45 45 45 45 35 33 36 36 21 7 21 35 35 9 9 35 20 20 35 21 21 21 21 21 21 35 35 7 7 7 21 21 21 1 1
-9999 -9999 -9999 -9999 -9999 -9999 -9999 -9999 -9999 -9999 -9999 35 35 35 35 35 35 35 49 35 57 35 35 56 56 35 35 21 8 35 35 9 9 7 7 35 35 35 35 35 35 35 35 35 35 35 9 41 21 9 35 9 35 9 35 35 35 9 45 50 45 45 9 45 45 35 35 35 36 28 21 21 1 35 9 9 20 20 35 35 35 21 21 21 21 21 21 1 7 7 7 7 7 21 1 1
-9999 -9999 -9999 -9999 -9999 -9999 -9999 -9999 -9999 -9999 -9999 35 35 35 35 35 35 16 20 20 57 35 35 35 35 35 35 35 35 35 35 9 9 9 49 35 35 8 35 35 35 7 35 35 35 35 35 21 49 9 35 35 35 35 35 9 16 13 45 50 45 45 45 45 50 45 35 37 21 21 21 21 21 35 35 35 35 20 35 35 21 21 21 9 21 21 21 21 7 21 21 21 21 21 21 37
-9999 -9999 -9999 -9999 -9999 -9999 -9999 -9999 -9999 -9999 -9999 35 35 45 35 35 35 35 21 35 35 35 35 35 35 35 35 35 36 35 35 49 9 35 21 21 49 35 35 35 35 35 9 35 35 35 35 9 35 35 35 21 35 35 35 9 9 45 45 45 45 45 45 45 45 45 38 36 21 21 21 21 37 21 35 35 35 35 35 35 21 21 21 21 21 21 35 35 7 21 21 21 21 21 21 1
