layers/tev_landuse500m1.asc
ncols         319
nrows         495
xllcorner     219017.22331753
yllcorner     4610852.5305323
cellsize      500
NODATA_value  -9999
[rows 399 to 455 of 495, columns 192 to 287 of 319]
28 21 28 9 9 9 9 34 9 9 9 9 9 9 34 9 9 34 9 9 9 1 1 1 9 9 13 9 33 33 9 9 13 13 13 33 33 33 1 1 1 9 9 4 35 35 35 35 35 35 35 35 8 8 9 9 9 34 9 14 9 9 9 33 33 33 9 9 9 33 33 9 9 33 9 9 9 33 33 11 11 7 7 7 7 36 8 8 8 8 9 1 1 33 35 33
21 28 28 21 9 9 34 34 34 33 33 9 33 9 9 9 9 9 9 9 9 9 9 1 9 13 33 13 9 9 1 34 1 9 13 33 33 33 1 9 1 1 1 1 35 35 35 35 35 35 35 35 35 35 8 38 34 9 14 9 9 33 33 33 33 33 33 9 9 33 9 9 33 9 13 9 9 13 33 33 33 33 7 7 7 7 8 8 8 9 1 1 1 1 35 38
21 21 28 21 9 9 9 33 33 9 9 9 9 9 9 9 33 9 9 9 9 9 9 9 9 13 13 13 13 9 1 21 1 1 9 13 13 1 9 9 9 33 33 13 35 35 35 35 35 35 35 35 35 35 8 9 9 34 9 9 9 33 9 33 33 33 33 33 9 9 9 9 9 9 13 13 9 13 33 33 33 33 33 33 7 7 7 8 8 1 1 1 35 35 35 35
21 1 28 21 21 34 9 33 33 33 9 9 34 34 9 9 9 9 9 9 9 9 1 9 13 13 13 13 13 1 9 21 37 9 13 13 13 1 14 34 9 14 33 6 35 35 35 9 35 35 35 35 35 35 9 9 9 9 34 33 33 33 33 33 9 9 9 9 9 9 9 9 9 9 9 9 9 9 33 33 33 33 33 33 33 33 33 45 35 35 35 35 35 35 35 35
21 21 21 28 28 21 9 33 9 9 34 9 9 9 13 9 9 9 9 9 9 9 1 13 9 13 13 13 9 9 1 21 1 9 9 13 14 14 9 9 9 14 9 13 9 35 9 16 35 35 35 35 9 9 9 9 9 9 9 9 33 33 9 9 9 9 9 9 9 9 33 9 33 9 9 9 9 9 9 33 33 33 33 33 33 33 33 45 35 35 35 35 35 35 35 35
21 21 21 28 21 21 34 34 9 13 34 9 9 13 9 9 9 9 9 34 34 9 1 9 13 13 9 34 34 13 9 9 21 9 21 1 34 1 1 9 9 37 1 9 9 1 9 9 9 35 35 35 35 9 9 9 33 33 9 9 9 9 33 9 9 9 9 9 33 33 9 9 9 9 9 9 9 9 9 33 33 33 33 33 33 33 33 45 45 35 35 35 35 35 35 35
21 21 21 21 21 21 34 34 34 34 9 34 9 9 9 9 9 9 9 9 9 34 1 21 21 21 13 13 13 13 1 9 21 1 1 9 9 9 33 9 1 1 1 1 9 33 9 9 9 35 37 35 35 35 35 9 9 9 9 9 9 9 9 9 9 33 9 9 9 33 33 33 33 33 33 33 9 9 13 13 33 33 33 33 33 33 33 33 45 45 35 35 35 35 35 35
21 21 21 21 21 21 21 1 34 9 13 33 33 9 9 9 9 9 34 34 1 1 34 35 35 1 1 1 35 1 9 9 9 9 1 1 9 9 33 1 1 1 21 9 34 9 33 9 33 9 35 35 35 9 35 9 9 9 9 9 9 33 9 9 9 33 33 9 9 9 33 33 33 33 33 33 33 9 13 13 9 9 33 33 33 33 33 33 33 45 45 45 35 35 35 35
21 21 21 21 21 37 37 1 9 13 13 34 33 34 9 9 9 9 9 21 21 21 21 35 35 1 35 1 1 9 9 9 9 9 1 1 1 1 33 1 9 9 9 9 9 9 9 33 33 35 35 35 35 35 35 9 9 9 9 33 33 9 33 9 9 9 9 9 9 9 9 9 9 33 33 33 33 9 9 9 9 9 33 33 33 33 33 33 33 13 38 45 45 45 35 35
21 21 21 21 21 21 37 1 34 34 34 9 9 9 9 9 9 9 9 21 1 1 21 9 1 1 35 1 9 9 9 9 9 1 9 1 1 1 1 1 1 9 9 9 9 9 9 9 9 9 16 9 9 9 35 1 4 9 9 9 9 9 9 33 9 9 9 33 9 33 9 9 9 9 33 33 33 33 33 9 9 9 9 33 33 33 33 33 33 13 13 13 35 45 45 35
21 21 21 21 21 21 21 9 9 1 1 9 1 9 9 9 33 9 21 21 35 37 1 21 35 35 1 9 9 9 9 1 9 9 9 9 1 9 1 1 1 9 1 9 34 9 9 9 33 9 9 9 9 9 9 34 34 9 9 9 9 9 9 9 33 9 9 9 9 33 33 9 9 9 33 33 33 33 33 9 9 9 9 9 9 33 33 33 33 33 13 13 35 35 35 45
21 21 21 21 21 21 9 9 21 21 21 21 9 21 9 9 21 21 21 1 37 1 9 9 9 9 9 9 9 9 13 34 9 34 9 9 1 1 9 9 1 35 1 9 9 9 9 33 34 9 33 33 33 9 9 34 37 34 9 9 9 9 9 9 9 33 33 9 9 9 9 33 33 9 9 33 33 33 33 33 9 9 9 9 9 3 5 33 33 33 33 13 13 13 35 35
21 21 21 21 21 21 21 21 13 21 1 1 9 21 9 35 21 1 1 1 9 9 1 9 9 34 9 9 9 9 13 13 34 9 9 9 37 9 1 1 9 1 35 9 9 9 34 9 13 34 5 9 5 9 9 9 9 9 9 9 9 9 9 9 9 9 9 9 9 9 9 9 9 9 9 9 33 33 33 33 33 9 9 9 1 1 1 1 6 6 33 13 13 13 13 35
21 21 21 21 21 21 16 9 34 9 9 21 21 21 35 1 35 1 9 21 9 34 34 34 9 9 34 1 34 34 9 13 11 9 9 1 1 9 1 1 1 1 9 9 9 9 9 9 9 34 34 34 33 34 9 9 9 9 9 34 34 9 9 9 9 9 9 9 9 9 9 33 9 33 9 9 33 9 33 33 33 9 9 9 3 1 1 8 1 1 6 33 33 13 13 13
21 21 21 21 21 16 9 9 9 9 1 1 21 35 35 35 1 1 9 21 9 9 9 9 9 9 34 1 34 9 9 34 11 34 9 9 1 1 9 9 14 9 9 9 9 9 9 1 9 33 34 33 9 9 9 9 9 9 9 33 9 33 34 9 9 9 9 9 9 9 9 33 9 33 9 33 33 9 9 33 33 33 33 9 3 3 8 9 8 1 1 6 6 33 9 9
21 35 21 35 9 9 9 9 9 9 34 21 21 35 35 35 1 1 21 21 34 9 9 34 34 9 9 1 9 1 9 33 11 34 9 34 9 9 9 14 1 1 9 9 9 9 9 9 9 33 33 34 9 34 13 9 33 9 33 33 9 34 34 9 9 9 9 9 9 9 9 9 33 9 33 33 33 33 9 33 33 33 33 9 9 1 9 9 9 8 8 1 1 5 33 9
21 21 21 33 9 9 9 9 9 9 21 35 1 35 35 1 1 21 21 1 34 34 33 33 34 34 9 9 1 1 9 34 33 9 33 9 34 9 9 9 37 9 1 9 9 9 9 9 9 9 33 33 34 34 11 9 9 9 9 9 9 9 33 33 9 9 9 9 9 9 9 9 9 9 33 9 9 9 9 9 9 33 33 6 9 9 9 9 9 9 9 8 8 8 5 33
21 21 21 33 9 33 21 9 9 33 35 35 1 1 35 1 35 21 21 21 34 33 34 9 9 34 1 9 14 1 9 34 34 34 9 33 34 9 9 9 9 9 1 1 9 9 1 9 9 37 11 9 9 33 33 11 11 9 34 9 34 33 33 33 33 33 33 9 9 9 34 9 9 33 33 33 9 9 33 9 9 9 9 9 9 9 9 9 9 9 9 8 8 8 8 5
21 21 21 21 9 9 9 9 9 33 21 35 9 9 1 21 1 21 21 21 33 34 9 34 9 34 1 1 14 33 33 9 9 9 34 9 33 9 9 9 9 9 1 9 9 9 1 9 9 34 34 34 34 34 33 33 33 34 34 34 33 33 33 33 33 33 33 33 33 9 33 9 9 9 6 6 33 9 9 9 33 9 9 9 9 9 9 9 9 9 9 9 8 3 3 1
28 21 21 21 21 21 9 34 33 37 21 35 21 21 21 21 37 21 21 21 21 34 9 9 9 1 9 35 35 9 9 9 9 14 14 9 9 9 9 9 9 9 1 37 9 1 1 1 1 9 9 11 34 34 34 9 9 33 9 9 9 33 9 33 9 33 9 9 33 33 33 9 33 33 34 34 6 33 33 9 33 9 9 9 33 13 9 9 9 9 9 9 9 1 1 1
7 7 21 21 1 21 1 34 33 21 1 35 21 21 21 21 21 21 34 34 34 33 9 34 9 9 35 35 35 35 9 9 9 9 14 9 9 9 34 9 9 9 9 1 1 1 1 9 1 1 9 9 33 34 14 14 33 9 9 9 9 33 9 9 9 9 9 9 9 9 9 9 9 9 9 33 33 6 33 33 33 33 9 9 9 9 9 9 9 9 9 9 9 9 1 1
7 7 7 1 38 33 1 9 33 21 1 35 21 21 21 21 7 7 21 33 33 33 34 35 9 9 34 34 35 35 9 9 9 9 34 14 9 9 9 9 9 9 1 9 37 9 9 9 1 1 9 9 9 9 33 33 33 9 9 9 9 9 9 9 9 9 9 9 9 9 9 9 9 9 9 9 9 9 6 33 33 33 33 9 9 9 9 9 9 9 9 9 9 9 9 9
21 21 21 21 21 1 34 9 35 1 1 33 21 21 21 7 7 7 7 7 35 35 7 21 21 7 33 33 9 1 1 9 34 9 9 14 9 9 34 33 9 9 1 9 9 9 1 1 1 9 9 9 9 33 9 9 9 9 9 9 9 9 9 9 9 9 9 9 9 9 9 9 9 9 9 9 9 33 33 33 6 6 6 9 9 9 9 9 9 9 9 9 9 9 9 9
37 36 21 1 38 38 1 33 1 35 33 33 21 35 35 7 7 35 35 21 21 21 21 21 9 9 21 33 37 9 34 9 34 9 9 14 14 14 34 9 33 9 9 9 34 34 1 9 9 9 9 9 9 33 33 11 11 33 33 33 9 9 9 9 9 9 9 9 9 9 9 9 9 9 9 9 9 9 33 9 33 9 9 9 9 9 9 9 9 9 9 9 9 9 9 9
37 36 21 37 1 1 37 1 1 36 35 35 35 35 1 1 1 21 21 21 9 9 9 9 9 9 9 1 37 9 34 35 9 34 33 34 14 34 11 34 34 33 9 9 9 9 1 9 1 9 7 7 9 9 33 14 11 11 9 33 9 9 33 9 9 9 9 9 9 9 9 9 9 9 9 9 9 9 9 9 9 33 33 9 9 9 9 9 9 9 9 9 9 9 9 9
7 21 21 21 33 33 1 1 9 35 35 35 35 7 21 21 21 9 9 9 9 9 9 9 9 9 34 1 1 9 9 35 1 9 34 33 34 34 9 9 9 9 1 9 9 9 1 7 1 7 9 9 7 9 9 14 9 34 34 9 11 9 9 9 9 9 9 9 9 33 9 9 33 9 9 33 9 9 33 33 9 33 9 9 9 9 9 9 9 9 9 9 9 9 9 9
40 21 21 21 33 33 33 9 9 35 7 7 7 34 34 21 9 9 9 9 9 9 9 9 34 9 34 34 1 35 9 9 35 1 34 1 9 9 1 9 9 9 9 9 1 1 1 9 7 7 7 7 7 1 9 14 33 33 14 9 11 11 9 9 9 9 9 9 9 9 9 33 9 33 33 9 9 9 9 34 33 9 9 9 9 9 9 33 9 9 9 9 9 9 6 6
35 21 21 21 21 33 33 9 9 21 7 7 7 1 34 9 9 9 9 9 34 34 9 9 34 9 9 9 34 35 35 9 35 1 13 1 1 1 1 9 9 9 1 9 38 1 1 9 7 7 7 7 7 7 7 1 14 1 9 34 9 9 11 9 9 33 9 9 9 9 34 34 9 9 9 34 9 34 14 33 33 9 9 9 9 9 9 9 9 9 9 9 9 9 9 9
35 35 21 22 22 21 33 9 9 1 1 1 1 34 34 9 34 9 9 34 9 34 9 9 34 9 9 9 9 34 35 35 35 35 35 1 1 1 9 9 9 9 9 1 9 9 1 33 9 9 7 7 7 7 7 1 9 14 9 9 33 33 37 33 9 9 33 9 9 9 9 34 9 9 9 9 9 14 14 9 9 9 33 9 9 9 9 9 9 9 9 9 9 9 9 9
21 35 21 21 21 21 33 9 33 1 1 1 1 9 34 9 9 21 34 34 34 9 9 33 9 9 9 9 9 9 9 9 1 1 1 1 37 9 9 9 9 9 9 9 9 9 1 9 9 1 9 9 7 7 7 7 9 9 9 34 9 33 33 33 9 9 9 9 9 9 9 9 9 9 9 9 9 14 14 33 9 9 14 9 33 33 9 9 9 9 33 9 9 9 9 6
9 9 21 21 21 21 21 21 21 21 21 34 9 34 9 21 1 9 21 9 1 9 9 9 9 9 9 9 9 9 1 1 1 1 1 1 1 9 9 9 9 9 1 9 9 1 9 33 1 1 9 9 1 7 7 1 9 9 33 33 9 33 33 9 9 9 9 9 9 9 9 9 9 34 9 9 9 34 14 14 14 14 9 9 9 9 9 9 9 9 9 9 9 9 9 9
35 35 21 35 35 35 35 21 21 9 21 21 13 13 21 21 1 21 21 21 1 9 9 34 34 33 9 9 9 1 1 35 1 35 1 1 1 1 9 1 9 9 1 1 1 9 1 1 1 1 1 1 37 37 37 9 9 33 9 33 33 9 33 33 9 9 9 9 9 9 9 9 9 9 9 34 14 34 34 34 34 9 9 9 9 33 33 9 9 9 9 9 9 9 6 6
9 9 21 56 35 43 9 9 35 35 21 9 9 1 1 21 1 21 1 1 1 9 9 34 34 34 33 9 9 1 1 35 34 8 34 9 9 9 9 1 33 9 9 9 9 9 1 1 33 1 1 1 1 1 1 9 33 33 33 33 33 9 9 9 9 9 9 33 33 9 9 9 9 9 9 9 14 9 9 9 9 9 9 9 9 9 9 9 9 9 9 9 34 9 33 6
35 9 35 21 21 21 35 9 35 21 21 21 21 9 21 21 1 21 21 21 1 1 9 9 9 9 34 9 9 9 34 35 34 8 9 9 9 9 9 9 1 1 1 1 1 1 1 1 9 9 1 9 9 1 1 9 33 9 9 9 9 9 9 9 9 33 9 9 33 9 9 33 9 9 9 14 14 9 9 9 9 9 9 9 9 9 9 9 9 9 9 33 9 9 33 9
35 35 9 35 9 7 35 9 9 21 21 21 21 21 33 21 21 1 21 21 21 1 9 9 34 33 33 34 9 9 1 1 34 34 9 9 9 9 9 9 9 14 9 9 9 9 9 1 1 9 9 9 9 9 9 33 9 9 9 9 9 9 9 9 33 9 33 9 9 9 9 9 9 9 34 1 9 34 9 9 9 9 9 9 9 9 9 9 9 9 9 9 9 9 9 9
35 20 35 21 8 21 9 9 9 9 21 21 21 21 1 1 1 21 1 21 21 21 1 34 34 1 1 9 9 1 9 37 1 1 9 33 33 9 9 9 9 9 1 9 9 1 9 9 9 9 9 1 34 1 1 1 33 9 9 9 9 9 9 9 9 33 9 34 9 9 33 9 9 9 34 1 9 9 9 9 9 9 9 9 9 9 9 9 9 9 9 9 33 9 9 9
35 1 9 9 21 9 9 9 21 21 21 21 21 9 21 21 21 21 21 1 9 9 9 9 34 34 33 9 9 9 1 1 9 9 9 9 33 9 9 9 9 9 9 9 9 1 33 9 1 1 1 1 34 34 9 9 9 33 9 9 9 9 9 9 9 33 9 9 34 33 9 9 9 34 34 1 9 9 9 9 9 9 9 9 9 9 9 9 9 9 9 9 34 9 9 33
1 35 9 21 21 21 9 35 9 9 21 35 9 21 21 9 21 21 21 21 21 1 9 34 34 13 9 9 9 9 1 1 9 9 9 9 9 9 1 1 1 1 1 1 1 35 9 9 9 1 1 1 1 33 33 9 9 9 9 13 9 9 9 9 9 34 34 9 33 33 9 9 9 9 9 9 9 9 9 9 9 9 9 9 9 9 9 9 9 9 9 9 9 9 9 14
1 1 35 9 21 21 35 35 9 35 9 9 9 21 9 21 9 21 21 21 1 9 34 13 13 9 33 13 9 9 1 9 9 9 1 9 1 9 21 9 1 11 9 9 9 1 9 1 1 1 1 1 1 34 33 33 9 9 9 9 13 9 9 9 9 9 1 11 11 9 9 9 9 9 9 9 9 9 9 9 9 9 9 9 9 9 9 9 9 9 9 9 11 14 14 9
35 35 1 7 9 9 21 35 21 9 9 35 35 21 21 9 21 9 21 21 1 1 34 9 9 9 33 6 6 9 9 9 9 9 1 9 9 9 21 9 1 1 9 1 1 1 9 9 9 1 1 1 1 34 13 33 33 33 9 9 9 9 9 9 9 9 1 34 34 9 34 9 9 1 9 34 9 9 9 33 9 9 9 9 9 9 9 9 9 9 9 11 11 14 34 14
35 35 35 9 9 7 9 21 35 21 35 35 7 35 9 21 21 9 9 9 9 9 21 9 9 9 11 11 11 5 9 9 9 9 3 3 9 9 9 9 1 1 3 9 9 9 33 13 9 9 1 1 1 1 13 1 1 9 34 34 9 9 9 9 9 34 34 1 34 34 9 9 9 9 9 9 9 9 9 33 11 9 9 9 9 9 9 9 9 14 9 37 35 9 34 9
22 7 7 7 9 7 7 49 35 35 35 35 9 35 35 21 34 9 9 9 9 9 34 9 9 33 33 11 14 14 9 9 9 9 3 9 21 9 1 1 1 21 5 9 1 9 9 11 11 33 9 9 1 1 37 1 9 13 33 33 33 33 9 9 34 34 9 9 34 34 34 34 9 1 9 9 34 34 34 9 9 9 9 9 9 9 9 9 9 9 34 34 34 9 34 9
22 22 7 7 22 7 7 37 41 9 21 35 9 9 21 21 21 21 9 9 9 9 33 33 9 33 33 6 5 9 9 9 9 1 3 21 1 21 1 1 1 21 5 1 1 9 9 7 9 33 34 14 14 9 28 1 1 37 33 33 33 33 9 9 9 9 9 9 9 9 34 9 9 9 34 34 34 34 34 34 9 9 9 9 9 9 9 9 9 9 9 9 9 9 9 9
22 22 22 22 22 22 7 35 21 49 1 9 9 35 9 35 21 22 9 9 34 9 9 9 5 33 11 11 6 5 9 9 9 9 21 21 1 1 1 1 7 21 9 9 1 9 9 9 7 3 34 34 9 14 28 28 1 1 9 33 33 33 33 9 9 9 9 9 9 9 9 9 9 9 9 9 33 33 33 33 33 9 9 9 9 34 34 9 9 34 34 9 9 9 9 9
22 22 22 22 22 22 9 9 35 21 9 35 9 21 21 9 21 1 1 34 9 34 5 5 5 6 5 5 5 5 9 9 9 21 1 1 1 1 1 1 7 1 9 3 9 1 9 7 9 5 5 34 9 9 28 28 28 1 1 1 9 9 34 9 9 9 9 9 9 9 9 9 9 34 34 34 9 9 9 9 9 35 14 14 13 9 9 9 9 9 9 9 9 9 9 9
28 22 22 22 22 22 22 22 35 35 21 21 35 9 21 9 21 1 9 9 9 34 9 9 9 9 6 5 5 1 5 9 9 21 21 21 1 1 1 7 7 1 1 3 1 1 9 9 9 6 6 6 6 6 9 9 28 28 28 9 33 33 34 9 9 9 9 9 9 9 34 9 34 34 1 33 33 1 1 1 1 35 35 8 34 9 9 9 9 9 9 9 9 9 9 9
22 22 22 22 22 22 22 9 9 1 35 9 21 21 35 21 21 21 9 9 34 13 9 9 6 5 5 6 5 5 9 9 9 1 21 21 21 7 7 7 1 21 21 1 3 1 7 7 1 12 12 6 6 6 9 9 9 9 9 9 9 33 34 34 34 33 33 34 34 9 9 9 34 1 1 33 33 33 37 1 35 35 35 34 34 9 9 9 9 9 33 9 9 9 9 9
22 22 22 28 22 7 22 9 7 22 22 1 9 21 21 21 21 9 21 34 42 34 5 9 9 9 9 5 5 5 5 5 9 21 21 1 1 7 7 7 7 7 1 7 3 7 7 7 1 9 9 9 9 6 9 9 9 9 9 9 9 1 1 34 35 8 8 34 34 34 9 9 9 1 1 1 9 9 9 9 9 9 9 9 9 9 9 9 33 9 9 34 9 9 9 9
22 28 22 28 22 7 7 1 1 22 22 22 7 7 7 7 7 7 7 7 2 9 5 1 9 9 12 12 5 5 9 9 9 14 21 1 1 7 7 7 7 7 7 1 1 1 1 7 7 6 6 6 6 6 14 6 6 9 9 9 9 9 9 1 8 8 37 37 17 37 37 33 9 9 9 9 9 1 34 9 9 9 9 9 9 9 9 9 9 9 9 9 9 9 9 9
22 28 22 22 22 22 22 35 22 22 7 22 7 7 7 7 7 7 37 38 2 1 9 9 9 9 1 9 12 5 9 9 9 14 -9999 -9999 -9999 7 7 7 1 1 7 21 1 1 21 7 7 7 21 21 21 9 9 6 9 9 5 5 9 9 9 9 9 17 17 37 37 37 33 33 34 9 34 9 9 9 1 9 9 9 9 9 34 9 9 9 9 9 9 9 9 9 9 9
28 28 22 1 22 22 7 22 22 9 7 22 35 35 7 7 7 7 7 1 1 1 22 7 9 9 1 9 5 1 5 9 9 -9999 -9999 -9999 -9999 -9999 7 7 7 7 7 7 21 1 1 7 7 7 7 7 21 3 21 9 9 9 9 14 9 9 34 34 9 9 9 17 8 37 8 33 33 34 33 34 9 9 9 1 1 1 9 34 34 34 9 9 9 9 9 9 9 9 9 9
7 22 28 22 1 22 22 7 7 7 7 22 7 7 35 7 7 7 3 3 7 22 22 9 22 7 1 9 5 5 9 -9999 -9999 -9999 -9999 -9999 -9999 -9999 -9999 4 7 7 7 7 21 21 7 7 7 1 1 1 21 21 21 21 21 21 14 14 5 14 14 14 14 6 9 9 9 9 37 33 33 34 34 34 34 9 9 34 9 9 9 9 9 9 9 9 9 9 9 9 33 33 33 9
22 22 22 22 1 1 7 22 7 7 7 7 7 35 35 7 7 7 7 7 7 7 7 7 7 9 3 5 5 5 -9999 -9999 -9999 -9999 -9999 -9999 -9999 -9999 -9999 -9999 7 7 7 7 7 7 7 4 7 7 1 7 21 21 21 21 21 21 21 21 7 7 14 14 14 5 5 9 9 9 37 8 9 9 9 34 34 9 9 9 6 9 34 5 5 5 9 9 9 9 9 9 33 33 33 33
22 28 9 37 37 22 7 7 7 7 7 7 7 7 35 35 7 4 7 7 9 7 7 7 7 9 21 21 21 21 -9999 -9999 -9999 -9999 -9999 -9999 -9999 -9999 -9999 -9999 -9999 -9999 4 4 7 4 4 7 1 9 7 1 7 21 21 21 21 21 21 21 7 7 9 9 9 6 6 33 9 9 9 33 6 5 5 9 9 9 5 6 9 6 9 9 9 9 9 9 9 9 9 9 9 9 12 12
22 22 22 22 37 22 22 22 7 7 9 7 7 7 28 35 4 4 7 7 7 7 7 7 7 9 3 7 7 -9999 -9999 -9999 -9999 -9999 -9999 -9999 -9999 -9999 -9999 -9999 -9999 -9999 -9999 -9999 -9999 -9999 -9999 -9999 -9999 21 1 1 7 1 21 21 21 21 21 21 21 21 5 6 6 9 9 5 6 6 9 5 6 5 6 5 5 5 9 9 9 6 6 5 9 9 9 9 9 9 9 9 9 9 9 9
22 7 21 22 22 43 22 22 22 7 7 35 35 35 35 4 4 4 7 7 7 7 7 1 7 9 3 3 -9999 -9999 -9999 -9999 -9999 -9999 -9999 -9999 -9999 -9999 -9999 -9999 -9999 -9999 -9999 -9999 -9999 -9999 -9999 -9999 -9999 -9999 1 1 1 7 7 1 1 21 21 21 21 6 6 9 9 5 5 5 9 9 9 6 6 6 6 5 5 14 5 5 9 5 6 6 11 14 9 9 5 9 9 9 9 9 9 9
22 7 7 28 22 7 22 7 22 7 7 35 9 28 4 4 4 4 4 4 4 7 7 7 7 9 7 -9999 -9999 -9999 -9999 -9999 -9999 -9999 -9999 -9999 -9999 -9999 -9999 -9999 -9999 -9999 -9999 -9999 -9999 -9999 -9999 -9999 -9999 -9999 -9999 -9999 1 7 7 9 21 21 4 21 6 6 6 9 5 9 9 9 6 9 14 6 6 6 9 14 1 9 5 9 5 5 5 6 14 14 9 9 9 9 9 9 9 9 9 9
