layers/tev_landuse500m1.asc
ncols         319
nrows         495
xllcorner     219017.22331753
yllcorner     4610852.5305323
cellsize      500
NODATA_value  -9999
[rows 399 to 455 of 495, columns 96 to 191 of 319]
-9999 -9999 -9999 -9999 -9999 -9999 -9999 -9999 -9999 -9999 -9999 35 35 35 35 35 35 35 56 35 35 35 35 35 35 35 35 35 35 35 35 8 9 35 35 36 28 35 35 21 35 35 9 35 35 35 9 9 35 9 21 35 9 35 9 9 45 45 45 45 45 45 45 45 45 37 21 21 21 21 21 37 38 7 7 35 35 35 9 9 21 21 21 21 21 21 9 21 21 21 21 21 21 21 21 1
-9999 -9999 -9999 -9999 -9999 -9999 -9999 -9999 -9999 -9999 -9999 49 35 35 35 8 35 35 56 56 56 35 35 35 35 35 35 49 9 49 9 35 35 9 35 35 35 40 35 35 35 35 35 35 21 35 35 9 21 9 9 9 9 35 9 21 45 45 45 45 16 45 45 45 35 35 21 21 37 37 37 37 37 7 7 35 7 9 9 9 21 9 9 21 21 21 9 21 35 35 35 21 21 21 21 21
-9999 -9999 -9999 -9999 -9999 -9999 -9999 -9999 -9999 -9999 -9999 35 16 35 35 35 35 35 56 56 56 35 35 35 35 35 35 8 9 40 40 35 35 35 35 35 35 35 35 35 35 35 35 35 35 35 37 35 35 35 35 9 9 35 35 45 45 45 45 9 45 45 45 45 35 35 21 21 28 28 28 37 37 35 35 35 7 7 9 9 9 9 9 9 21 21 21 21 35 35 21 21 21 21 21 21
-9999 -9999 -9999 -9999 -9999 -9999 -9999 -9999 -9999 -9999 -9999 35 6 35 35 35 35 35 35 56 37 36 35 35 35 35 35 49 8 8 49 35 35 35 35 35 21 35 9 35 59 35 35 41 35 9 37 35 8 9 35 9 9 35 45 45 45 43 45 45 45 45 45 35 35 35 35 35 21 35 7 7 7 7 7 37 7 7 9 9 9 1 21 9 21 9 9 21 21 35 9 21 21 21 21 1
-9999 -9999 -9999 -9999 -9999 -9999 -9999 -9999 -9999 -9999 -9999 35 35 35 35 35 35 35 35 35 35 35 35 35 35 35 35 49 8 49 40 35 21 35 35 35 35 35 35 9 35 9 35 35 35 35 35 49 9 35 35 40 9 45 45 45 45 45 45 45 45 35 21 9 35 35 35 36 35 35 21 7 7 7 7 37 28 7 7 7 7 1 21 21 21 21 21 21 21 9 9 9 21 21 21 21
-9999 -9999 -9999 -9999 -9999 -9999 -9999 -9999 -9999 35 35 35 35 35 35 35 21 35 35 35 35 35 35 35 35 35 35 49 8 9 9 21 35 9 35 35 9 35 35 9 35 35 35 49 35 9 35 35 9 35 35 35 9 45 45 45 45 45 45 45 21 35 9 35 35 35 9 8 8 35 21 35 21 21 37 7 7 21 21 21 7 7 21 21 21 21 21 21 21 9 9 35 21 21 21 21
-9999 -9999 -9999 -9999 -9999 -9999 -9999 -9999 49 35 35 35 35 35 35 35 9 35 35 35 35 35 35 35 35 35 36 35 9 49 49 9 8 8 8 35 35 35 35 35 35 35 9 9 38 9 38 35 35 35 35 35 35 45 50 45 45 45 45 45 35 9 9 35 8 9 35 35 35 35 35 35 35 21 21 37 21 21 21 21 21 21 21 21 21 21 21 35 21 33 33 9 9 1 21 21
-9999 -9999 -9999 -9999 -9999 -9999 -9999 35 35 35 35 41 41 35 35 35 35 35 35 35 35 9 9 9 35 35 35 35 9 49 49 8 38 9 9 35 35 35 35 41 9 35 9 35 35 35 38 35 41 35 35 35 35 45 45 50 45 45 45 35 35 9 35 35 8 28 35 35 8 35 35 21 35 9 35 35 37 21 21 21 21 21 21 21 21 21 35 21 21 33 33 9 9 21 21 21
-9999 -9999 -9999 -9999 -9999 -9999 -9999 35 35 35 41 41 35 35 35 35 9 35 9 9 35 9 35 35 35 35 35 35 35 35 38 38 35 35 35 35 9 35 35 9 9 8 35 35 9 35 13 35 35 35 62 62 35 45 9 45 45 45 35 9 35 35 35 35 35 35 35 35 35 21 35 21 9 9 9 9 21 21 21 21 21 21 21 21 21 21 21 21 21 21 21 1 7 9 21 21
-9999 -9999 -9999 -9999 -9999 -9999 -9999 -9999 35 35 41 35 35 9 35 35 35 35 9 35 35 9 35 35 9 41 35 35 9 35 8 38 35 35 35 9 35 9 35 35 9 35 9 35 35 9 35 9 9 35 62 62 36 45 45 45 43 35 9 35 35 9 35 35 35 9 35 35 35 35 35 21 7 7 9 21 21 21 21 21 7 21 21 21 35 21 21 21 21 21 21 21 7 7 21 21
-9999 -9999 -9999 -9999 -9999 -9999 -9999 35 35 35 35 35 35 35 35 9 35 9 9 35 21 35 35 35 35 35 35 35 48 48 48 35 35 9 35 35 35 9 9 9 35 35 35 9 63 35 35 35 38 35 62 8 50 50 45 45 45 35 35 35 35 35 35 35 35 35 35 35 35 35 21 21 7 7 7 7 21 21 7 7 7 21 35 35 21 1 1 16 21 21 7 7 7 7 21 21
-9999 -9999 -9999 -9999 -9999 -9999 -9999 35 35 41 35 35 9 35 35 9 35 35 9 35 35 35 9 35 9 35 9 35 35 9 9 21 38 35 35 35 35 35 35 35 41 9 35 35 35 41 41 9 38 8 9 8 45 45 40 37 9 35 35 35 35 35 35 21 35 21 35 35 35 35 35 36 7 7 7 21 21 21 21 21 21 21 35 35 7 7 1 36 7 8 35 35 7 7 21 21
-9999 -9999 -9999 -9999 -9999 -9999 -9999 -9999 9 35 35 35 8 35 35 35 35 35 35 35 35 9 35 9 9 35 35 35 35 9 35 35 35 35 35 35 35 9 35 28 35 35 35 21 41 35 35 35 37 8 38 45 45 45 50 8 43 35 35 35 35 35 35 35 9 35 35 35 21 35 21 7 7 7 9 21 21 21 21 35 7 37 7 7 7 1 1 36 7 7 7 7 7 7 21 21
-9999 -9999 -9999 -9999 -9999 -9999 -9999 -9999 9 35 35 45 35 35 9 35 35 35 9 35 8 35 35 35 9 9 35 35 35 35 41 9 35 49 35 37 35 35 35 41 9 9 41 41 9 35 35 35 8 8 49 39 45 -9999 36 45 9 35 35 35 35 35 21 8 21 9 35 35 9 35 8 38 37 35 21 9 21 21 21 21 7 7 7 7 7 7 7 7 37 37 37 7 7 7 7 21
-9999 -9999 -9999 -9999 -9999 -9999 -9999 -9999 9 35 57 8 9 35 9 35 35 35 35 35 13 35 35 35 9 35 35 9 35 56 56 35 41 35 41 9 40 35 41 35 41 13 41 35 35 35 9 35 56 37 8 39 43 45 9 35 35 35 35 35 9 40 21 35 9 35 35 35 35 35 38 38 35 35 21 21 21 21 21 35 35 21 7 7 35 7 7 7 37 33 33 7 7 35 7 7
-9999 -9999 -9999 -9999 -9999 -9999 -9999 -9999 35 35 35 9 35 35 35 45 35 35 35 35 35 35 35 35 35 35 9 35 56 56 56 9 35 41 35 21 49 41 48 21 8 35 41 35 35 35 35 43 43 35 35 9 38 37 43 35 35 35 35 13 8 41 35 35 35 35 9 35 35 35 35 35 35 35 21 9 9 21 21 35 21 21 35 35 35 35 7 37 35 33 33 35 7 35 7 35
-9999 -9999 -9999 -9999 -9999 -9999 -9999 -9999 35 35 35 35 35 9 35 20 35 9 35 9 8 9 35 35 35 35 9 56 56 56 35 35 35 35 35 35 13 49 9 41 13 35 35 35 35 35 35 35 35 35 35 8 50 38 8 56 43 35 59 35 35 35 35 22 35 35 35 35 35 35 35 35 35 35 21 21 21 37 35 35 35 35 35 35 35 35 35 37 35 33 33 35 35 35 35 21
-9999 -9999 -9999 -9999 -9999 -9999 -9999 -9999 9 35 35 9 35 35 35 35 35 41 9 35 8 35 35 9 35 35 35 56 56 41 35 35 35 35 9 35 35 35 13 43 9 9 37 9 9 35 7 40 35 35 55 8 50 38 8 35 35 35 35 22 35 49 35 35 35 35 20 35 35 13 21 49 8 37 21 21 21 35 35 35 35 35 35 35 7 7 37 35 35 35 33 35 35 35 35 35
-9999 -9999 -9999 -9999 -9999 -9999 -9999 -9999 -9999 35 21 9 35 35 35 35 35 35 35 35 35 35 9 9 35 35 35 56 56 21 13 35 35 21 35 8 35 9 8 9 49 37 37 41 9 57 35 35 35 13 45 8 43 38 38 35 36 35 35 35 35 8 35 35 35 35 36 35 35 35 35 35 9 42 21 37 35 35 1 1 35 35 35 35 7 37 37 35 35 35 35 16 35 35 35 21
-9999 -9999 -9999 -9999 -9999 -9999 -9999 -9999 -9999 -9999 -9999 35 9 35 35 35 35 35 9 35 8 35 35 35 35 35 35 56 56 35 9 35 35 8 35 13 42 13 8 35 9 9 37 37 35 13 57 9 9 41 45 8 36 8 49 8 8 8 35 35 35 35 35 35 35 35 35 56 41 35 35 35 8 21 35 35 35 35 1 1 35 35 35 35 35 37 37 35 35 1 36 35 35 35 35 28
-9999 -9999 -9999 -9999 -9999 -9999 -9999 -9999 -9999 4 1 1 1 9 35 9 35 35 13 21 41 35 35 35 35 35 35 35 35 35 35 35 13 35 38 37 37 9 9 35 35 9 49 67 37 35 35 35 35 36 58 58 9 49 49 49 8 49 35 35 35 35 35 35 35 35 56 56 35 35 35 35 35 57 40 7 7 35 1 7 35 35 35 35 35 35 35 35 7 1 36 36 36 35 37 28
-9999 -9999 -9999 -9999 -9999 -9999 -9999 -9999 1 4 1 4 4 4 1 1 35 35 9 21 41 35 35 35 35 35 49 9 35 35 35 35 43 35 9 37 56 37 35 35 9 9 9 37 37 35 35 13 9 36 50 8 36 8 38 38 38 49 35 35 41 35 35 35 35 41 35 56 56 40 35 35 35 40 40 40 41 7 7 35 35 35 35 35 35 35 35 7 7 1 16 16 35 38 37 7
-9999 -9999 -9999 -9999 -9999 -9999 -9999 -9999 1 4 1 4 4 4 1 1 35 21 35 20 20 9 35 35 9 35 35 49 35 35 9 37 37 35 38 35 35 35 9 9 35 9 9 37 17 13 35 13 36 36 30 30 36 65 38 38 38 38 35 38 35 35 35 36 21 36 35 35 35 35 41 35 35 40 49 41 8 7 35 35 35 35 35 35 36 35 7 7 7 1 16 16 38 38 37 7
-9999 -9999 -9999 -9999 -9999 -9999 -9999 4 1 4 4 1 4 4 4 7 9 35 21 20 9 35 35 35 8 35 9 41 35 35 38 35 9 37 35 35 35 35 9 9 8 49 49 9 49 38 38 38 56 17 45 30 30 8 38 38 38 17 56 38 9 35 36 40 35 38 35 36 36 35 35 35 35 35 35 42 41 1 35 35 35 35 35 1 1 36 37 7 37 37 37 16 16 37 36 36
-9999 -9999 -9999 -9999 -9999 -9999 4 1 4 4 4 1 4 1 9 35 35 45 21 9 20 35 8 8 9 8 49 35 37 37 48 8 38 35 35 9 35 57 38 38 9 49 9 49 38 49 38 38 56 13 40 45 36 38 38 38 56 38 38 38 9 38 36 38 35 38 35 35 48 35 35 35 8 35 35 8 35 35 35 35 36 35 1 1 1 7 37 37 37 36 16 34 16 16 36 37
-9999 -9999 -9999 -9999 -9999 -9999 1 3 3 3 4 1 4 35 35 9 45 9 9 9 9 49 9 8 8 9 8 35 35 9 35 49 41 35 35 9 56 67 38 38 38 17 49 17 38 49 38 38 40 50 64 8 36 9 38 38 38 38 8 38 38 38 17 38 38 49 8 8 8 35 35 35 35 35 35 35 37 8 35 35 36 35 35 7 21 8 36 36 36 36 36 34 35 1 7 7
-9999 -9999 -9999 -9999 -9999 -9999 1 1 3 3 1 4 35 35 8 45 45 9 35 35 35 35 35 35 35 35 35 35 35 9 35 35 49 35 35 35 57 36 38 67 56 38 17 17 56 38 17 50 8 40 40 17 40 38 38 17 38 38 38 17 40 17 35 56 38 38 38 43 35 35 35 35 40 36 35 41 40 35 35 35 35 35 35 37 37 8 8 40 40 1 35 35 1 37 7 7
-9999 -9999 -9999 -9999 -9999 9 4 4 3 3 16 16 45 8 45 9 35 35 35 9 9 35 35 35 35 35 35 35 35 35 49 9 35 49 35 9 35 38 38 67 35 11 17 17 40 38 38 38 40 38 38 17 17 38 17 38 9 38 50 8 56 35 35 56 38 37 36 36 36 36 36 8 35 35 35 48 48 8 35 35 35 35 35 7 35 35 35 16 8 35 35 35 35 37 1 35
-9999 -9999 -9999 -9999 -9999 1 1 1 1 1 4 16 13 45 45 35 35 35 35 35 35 9 35 13 35 9 9 35 37 13 49 35 35 8 9 35 42 38 38 38 49 49 17 17 17 56 40 38 38 38 17 17 17 38 38 38 45 9 9 50 64 38 38 56 36 8 36 36 41 36 8 36 35 35 48 48 48 35 35 35 35 45 40 45 35 35 49 40 70 70 35 35 35 9 20 8
-9999 -9999 -9999 -9999 -9999 4 1 4 1 1 1 13 45 45 9 35 35 35 35 35 35 35 35 35 35 35 9 35 37 35 35 35 49 49 38 13 56 38 38 11 11 38 38 56 17 50 38 38 38 38 38 17 38 38 38 38 8 1 38 56 56 50 38 38 56 45 16 50 40 35 50 8 36 36 35 35 45 45 45 35 35 35 35 35 35 35 35 35 35 35 35 43 9 35 9 35
-9999 -9999 -9999 -9999 -9999 4 1 4 4 1 9 49 45 45 35 35 35 41 35 9 35 35 35 35 35 35 35 38 38 38 38 56 49 49 56 35 13 38 38 11 11 38 55 17 38 38 50 17 38 17 38 38 38 38 38 38 8 1 67 38 17 8 9 9 58 45 36 8 38 8 41 45 50 50 45 45 50 45 45 8 35 13 35 35 8 35 9 35 49 35 35 43 9 21 35 35
-9999 -9999 -9999 -9999 -9999 4 4 4 4 4 35 8 45 35 35 35 35 9 35 35 13 21 35 35 9 35 38 35 35 35 35 35 49 49 35 38 38 38 38 11 13 38 17 38 38 38 50 17 17 17 38 17 38 17 38 38 8 1 1 17 38 38 38 38 38 45 64 36 45 37 41 45 45 44 8 45 42 59 42 49 21 8 35 35 35 35 35 21 49 35 13 35 28 35 35 9
-9999 -9999 -9999 -9999 -9999 4 4 9 9 35 9 45 13 35 35 35 35 7 35 35 21 41 35 35 35 9 45 72 35 35 35 41 35 38 9 40 40 40 38 13 38 13 38 38 38 38 38 38 17 38 38 38 38 38 38 38 65 38 40 55 56 56 38 38 38 9 8 36 36 37 43 36 35 35 35 59 35 35 35 35 8 35 57 35 35 21 35 35 35 49 35 35 22 28 21 16
-9999 -9999 -9999 -9999 -9999 4 4 4 9 35 35 45 9 9 8 73 28 35 35 35 8 13 35 35 35 45 72 72 35 35 35 35 38 38 35 9 38 38 38 38 11 8 38 17 38 38 38 56 38 38 38 38 56 67 56 62 62 38 8 38 38 38 38 64 8 63 63 8 8 37 35 35 35 35 35 35 35 35 35 35 13 21 21 57 35 35 48 35 35 35 35 9 35 28 35 9
-9999 -9999 -9999 -9999 -9999 4 4 45 22 35 -9999 9 35 35 73 43 28 13 28 8 35 13 35 35 35 45 35 35 35 35 35 57 38 38 35 13 17 38 56 38 38 38 38 38 38 38 38 38 38 17 38 65 56 56 17 62 74 36 8 8 8 57 63 43 8 37 38 36 35 36 35 35 35 35 35 35 35 35 9 35 35 35 8 49 57 35 35 35 35 35 49 35 35 35 22 35
-9999 -9999 -9999 -9999 -9999 4 45 22 45 45 35 13 41 73 35 35 35 9 9 8 35 35 35 35 45 35 13 35 35 35 9 13 38 35 35 49 59 38 40 38 38 38 38 38 67 50 38 38 38 38 38 38 65 38 38 74 38 38 74 38 38 38 38 36 36 38 37 8 8 36 35 35 35 45 20 35 8 35 9 42 41 21 49 49 41 35 35 35 35 35 49 35 35 35 35 35
-9999 -9999 -9999 -9999 -9999 45 45 45 45 45 45 35 35 9 75 35 35 35 8 8 28 41 35 35 13 35 35 13 35 20 41 13 35 36 13 49 38 35 37 17 49 49 17 17 17 38 50 38 38 38 68 38 56 38 65 74 74 36 8 38 38 38 17 38 17 37 36 36 8 48 36 35 8 35 45 35 22 8 35 64 42 35 49 9 49 35 45 8 35 35 35 35 35 35 35 1
-9999 -9999 -9999 -9999 4 4 45 -9999 64 8 45 9 9 35 35 35 28 9 35 35 8 35 35 49 57 13 35 16 35 35 36 13 40 8 13 35 35 38 37 17 17 17 17 17 38 38 38 38 68 17 56 38 56 38 38 38 38 38 17 40 56 38 38 38 17 38 35 35 35 36 44 35 35 35 35 49 35 9 35 35 8 35 35 35 16 45 45 35 35 35 28 35 35 37 35 1
-9999 -9999 4 4 4 4 45 36 45 45 45 34 9 35 9 9 9 35 35 35 73 35 35 35 35 35 37 17 35 35 13 9 65 41 35 67 35 38 38 40 17 17 17 38 38 17 38 56 38 17 17 40 38 38 38 65 38 38 38 17 8 38 38 38 17 38 57 35 36 36 37 35 35 35 35 35 35 49 49 35 48 48 35 35 35 35 45 35 35 28 28 35 35 37 35 35
4 4 4 4 4 4 -9999 45 45 45 35 35 35 35 34 9 8 35 9 9 8 35 35 35 35 8 37 37 16 13 35 49 35 35 40 56 9 13 38 38 38 38 38 56 38 38 38 38 38 38 41 38 38 38 38 38 38 38 38 17 38 38 38 38 38 17 17 35 35 20 37 35 35 35 35 35 35 35 7 35 35 35 35 49 35 35 35 45 45 35 48 35 35 35 35 35
4 4 4 4 4 25 4 4 45 45 64 35 8 35 9 9 9 13 8 9 13 35 13 35 35 35 49 49 41 35 55 56 35 9 48 35 17 38 56 35 35 38 38 38 38 38 36 38 38 38 43 41 65 38 38 38 38 17 38 38 56 36 38 38 38 49 20 35 36 35 37 35 38 35 49 49 49 35 35 35 21 36 35 49 49 35 45 45 45 45 7 7 7 7 35 35
-9999 4 4 4 4 4 4 4 4 45 45 35 35 8 9 9 11 9 14 13 63 35 45 35 35 16 16 35 48 48 8 35 35 35 35 9 40 38 35 35 35 38 38 67 38 38 36 36 38 17 8 8 8 38 38 38 38 17 17 40 56 56 40 38 38 36 38 38 43 8 37 37 17 35 35 38 35 35 40 41 48 48 48 35 28 35 36 35 35 35 35 7 7 7 35 35
3 3 4 4 4 4 4 4 4 4 41 45 9 35 35 9 9 8 13 9 16 63 63 35 61 61 16 16 35 35 13 35 35 35 35 8 35 35 35 38 38 38 67 67 38 38 38 36 38 38 43 13 41 35 35 8 38 38 38 38 56 8 40 38 38 36 38 8 35 35 37 37 37 56 38 38 37 37 35 49 48 48 48 22 35 35 35 35 35 35 35 35 22 35 7 22
3 11 4 4 4 4 4 4 4 -9999 45 45 35 35 35 9 9 9 8 8 8 63 63 61 61 61 16 16 16 35 35 35 49 35 36 35 49 38 35 57 35 38 38 17 38 50 13 38 38 38 17 35 35 8 35 8 8 36 65 38 38 38 38 8 38 36 8 36 37 37 37 36 37 49 37 37 35 44 41 49 8 37 37 37 49 49 36 35 35 35 35 22 35 35 28 28
-9999 3 -9999 -9999 4 4 4 4 4 4 45 30 35 35 35 35 8 13 11 35 8 63 63 61 61 16 16 16 8 8 36 35 35 35 13 35 38 38 38 13 38 38 38 38 13 36 38 38 17 38 38 56 38 41 35 35 8 8 57 38 38 38 38 40 38 36 49 36 37 35 37 37 42 8 37 35 49 35 40 37 37 37 37 41 1 49 22 36 35 35 7 22 7 35 35 28
-9999 3 3 4 4 4 4 4 4 4 30 30 45 35 35 35 35 35 16 35 35 63 63 16 36 35 35 35 35 56 35 35 35 35 35 35 36 38 38 38 38 38 38 38 38 13 38 38 38 17 9 8 8 17 68 41 8 40 40 17 56 38 38 56 38 38 38 35 35 35 35 38 35 56 37 35 49 22 21 37 8 22 41 22 22 8 22 22 35 16 35 22 7 35 28 28
-9999 -9999 -9999 4 -9999 -9999 4 4 4 4 30 30 45 -9999 35 16 56 56 35 35 35 35 36 48 16 49 56 49 8 35 35 35 35 35 9 35 8 8 8 38 17 8 21 38 -9999 8 38 43 38 38 35 9 35 35 35 41 35 35 35 44 35 38 35 38 35 17 17 55 55 35 35 49 56 35 35 22 49 22 41 22 22 22 35 22 22 7 7 21 22 16 8 7 28 28 28 22
-9999 -9999 3 4 4 -9999 4 4 4 4 4 30 8 45 45 56 56 8 35 35 16 16 35 57 8 8 35 35 16 35 35 43 35 9 9 35 35 35 13 13 38 8 38 36 17 17 43 8 38 38 35 8 38 35 35 35 21 37 37 37 17 35 35 35 36 35 43 37 37 35 48 35 48 35 35 35 42 22 35 22 22 22 22 41 22 21 22 41 22 22 49 8 28 28 28 22
-9999 -9999 11 14 14 -9999 4 4 4 4 4 30 30 45 13 35 35 35 35 35 35 16 16 35 36 16 8 49 35 16 16 16 16 35 35 9 35 38 17 38 36 35 43 50 38 17 8 17 17 38 35 9 8 42 35 35 41 37 37 37 37 35 35 35 49 49 37 37 35 35 35 42 35 36 35 35 8 22 22 22 22 22 22 22 49 22 22 8 28 22 35 22 22 22 28 28
-9999 -9999 -9999 11 -9999 4 -9999 4 4 4 4 30 -9999 4 45 45 8 45 8 8 35 35 35 35 36 16 35 49 16 35 16 16 13 56 35 35 35 38 45 36 36 43 8 65 38 38 56 49 35 8 8 38 38 35 48 35 35 21 35 37 37 35 48 35 35 43 35 37 35 35 35 35 21 22 22 35 22 21 21 49 21 22 22 22 22 22 22 35 28 22 22 8 8 22 28 22
-9999 -9999 -9999 -9999 8 -9999 4 4 -9999 4 4 4 30 4 45 45 45 49 49 41 45 36 35 35 -9999 35 41 35 8 16 8 16 13 8 43 -9999 13 45 45 45 40 45 -9999 49 48 39 56 49 38 38 56 22 56 21 48 35 21 41 35 68 37 37 40 49 35 49 35 35 35 57 37 22 22 22 35 21 43 21 22 22 21 22 22 22 21 22 22 22 22 22 35 8 38 22 28 22
-9999 -9999 -9999 -9999 -9999 30 4 4 4 -9999 4 4 30 30 4 45 49 45 45 49 45 45 45 35 35 35 13 28 8 8 45 45 45 8 49 56 56 45 45 -9999 45 17 38 38 48 49 17 38 38 38 8 38 38 35 35 35 35 35 35 35 44 40 35 35 43 35 35 35 36 37 35 37 22 36 41 40 22 8 9 22 22 22 22 22 22 22 21 22 22 21 22 21 22 7 28 22
-9999 -9999 -9999 3 30 30 4 4 4 4 4 4 30 30 4 4 45 41 49 45 8 45 64 45 13 45 45 45 45 45 45 45 43 45 45 40 55 50 58 45 38 8 49 35 48 17 17 38 38 49 9 8 38 8 8 35 35 35 35 35 16 36 40 35 36 35 35 21 43 37 35 41 41 8 49 22 21 22 56 22 22 22 7 22 22 22 22 21 41 21 21 21 22 7 28 7
-9999 -9999 -9999 -9999 -9999 30 -9999 4 -9999 4 4 30 30 30 4 4 45 45 64 45 45 45 45 45 13 45 45 45 45 45 45 45 45 43 40 40 40 13 58 38 38 38 17 13 40 8 8 38 56 56 56 49 35 35 35 35 35 35 35 35 35 35 40 40 35 36 35 37 37 37 37 21 22 22 41 49 21 21 7 21 21 37 7 22 21 21 21 7 9 21 21 22 22 22 22 7
-9999 -9999 -9999 -9999 -9999 30 30 4 30 -9999 30 30 30 30 4 4 45 45 36 45 8 41 45 36 45 45 45 45 45 45 45 45 45 45 45 45 45 58 38 38 17 38 38 43 49 35 38 38 56 56 56 35 35 16 35 35 22 35 35 35 35 21 43 44 40 36 22 37 8 37 21 21 49 22 41 22 22 35 21 21 37 21 20 22 21 37 38 37 21 1 22 22 22 21 21 22
-9999 -9999 -9999 -9999 4 -9999 30 30 30 30 -9999 30 30 30 4 4 45 36 8 45 45 36 36 45 45 45 50 50 45 45 45 45 45 45 45 45 45 35 35 38 38 38 49 35 42 35 8 38 56 56 56 35 36 35 35 35 48 57 35 35 35 35 35 36 36 30 37 37 37 35 37 49 49 49 22 41 22 9 37 37 37 21 21 21 21 21 9 21 9 1 1 1 1 1 21 21
-9999 -9999 -9999 -9999 4 -9999 30 30 30 -9999 30 30 30 30 30 45 45 36 50 50 50 45 45 45 45 8 45 45 45 45 45 45 45 45 45 45 50 35 35 35 35 8 43 35 35 35 35 8 56 56 56 56 36 35 60 35 36 8 35 35 35 35 40 41 30 30 38 37 37 8 57 35 8 21 21 22 21 21 37 37 38 14 21 9 37 9 9 9 9 37 37 9 9 1 21 21
