layers/tev_topoindex500m.asc
ncols         319
nrows         495
xllcorner     219017.22331753
yllcorner     4610852.5305323
cellsize      500
NODATA_value  -9999
[rows 58 to 86 of 495, columns 65 to 129 of 319]
9.827949 8.035907 9.150585 9.854743 8.911293 12.48924 9.434071 12.37073 13.12337 13.04312 12.54635 8.33189 8.456749 8.422007 13.77886 9.740854 8.959802 9.019327 9.857796 11.21402 12.31267 12.47839 15.49111 9.32496 8.109165 8.813454 8.326795 9.699231 10.78278 15.87768 12.8104 13.30716 9.806939 10.30336 10.44413 9.006567 9.277942 8.215439 8.199851 13.61494 9.578483 8.515127 8.163259 8.897939 10.75561 8.119045 8.01704 8.169714 10.2011 9.320896 8.540497 7.859678 9.973001 8.872667 7.929677 7.965982 8.60198 10.11765 8.583887 9.187585 8.495729 9.300585 8.891986 8.318573 7.926636
12.94725 9.589486 7.914863 8.803322 9.191669 11.66348 9.349371 8.612576 9.256383 8.0112 8.366401 10.07756 8.468449 8.578135 8.521027 13.63203 10.4894 8.996523 9.540347 10.91144 10.87246 11.06183 11.97578 16.40989 9.673495 9.973744 9.698544 11.23471 13.16815 11.48379 16.16416 10.38387 11.78529 9.950753 11.26642 10.53992 9.107805 8.384533 13.29507 10.00335 8.803577 7.998769 8.209804 8.27477 11.15991 8.45504 8.386588 8.01812 11.45563 7.928832 8.331411 7.698849 10.63555 8.904372 8.248231 8.766022 8.733361 8.164377 9.213098 10.19179 10.52832 8.981422 11.03517 8.854955 11.40502
13.3741 7.96018 8.764329 8.228009 8.828555 9.064169 9.21577 9.899008 10.06084 9.519732 9.082826 8.903112 9.155325 10.52741 8.973576 13.5677 8.863754 8.772804 8.937767 9.967846 12.34165 11.781 11.30029 12.0945 18.64404 11.64686 12.8054 13.03937 13.79141 14.66945 17.27438 11.68682 12.42288 10.25468 12.52864 9.460118 10.18533 9.75026 13.92888 9.304515 8.272213 8.122414 8.259611 12.00241 7.782978 7.98933 8.515888 7.977621 11.22153 8.33189 8.825283 7.819484 11.05975 8.121727 9.196575 9.54895 8.396702 9.999293 8.120414 7.995553 9.354256 8.346406 9.767102 9.473582 10.35915
12.96093 9.17607 8.123163 8.748119 10.37799 9.347084 8.489322 8.903478 8.373805 8.038813 9.499689 9.556714 9.142977 8.50638 10.50678 14.97647 8.677942 10.2734 8.417994 9.138545 10.50934 13.03937 14.02159 11.28739 11.64686 18.64503 11.32887 12.18646 11.67372 12.74548 12.29028 17.73162 13.48079 11.43872 13.42616 11.91788 10.91278 9.892802 14.23426 9.96032 9.291761 8.776538 12.37324 8.682662 7.748162 8.427634 8.170816 11.55545 8.434433 8.834137 8.181679 9.345405 11.75481 8.11179 10.04358 9.875758 10.44947 8.584517 8.716798 10.10298 9.260386 8.106234 9.421596 9.439092 9.449177
8.655383 12.52794 8.091216 11.65842 8.27462 8.991225 8.672729 9.097625 8.21665 9.348517 9.714488 8.506251 8.45577 8.645245 8.678184 9.579504 13.73702 8.966787 8.815907 9.391683 10.16864 11.41704 13.14184 14.73455 15.12951 15.1623 18.35939 18.5145 11.87473 12.7169 11.83036 11.32714 16.66468 14.81807 11.35143 10.42983 10.92321 14.88497 9.547209 9.161551 9.771545 8.940546 12.39961 9.234357 8.983339 8.584895 7.975795 12.91382 8.293952 9.04488 7.935256 7.834514 12.05111 8.011136 8.884073 9.927079 10.87578 8.728858 8.33608 11.48261 8.545576 8.222432 11.48379 9.387643 8.81509
8.394917 13.16046 11.81868 8.827955 11.2551 8.264157 8.877941 8.609118 10.34583 9.286858 12.23649 8.324031 8.303478 9.534056 8.793494 8.518131 13.99323 8.491371 9.883685 8.50386 9.519175 10.41701 12.44898 11.55191 13.57276 11.73607 12.31143 14.04774 18.66705 12.01685 11.45403 11.75803 12.58759 17.12983 10.72344 11.64832 10.39124 14.98044 11.65304 10.77337 8.893894 12.37379 9.372756 8.420807 8.334867 8.277797 8.057837 12.04929 8.35432 9.193019 7.736204 8.998919 12.44106 7.956972 8.714418 12.2855 7.98454 8.68018 11.72748 8.675127 8.236639 8.494492 8.871778 8.400993 9.378181
14.51491 14.00273 8.107469 8.413676 9.636969 10.76527 9.061141 8.876925 10.97436 11.24706 8.61294 13.88312 9.066924 12.4187 12.5775 8.696415 13.97107 8.400913 9.19073 9.433289 8.397528 9.220155 10.96547 12.52233 11.67372 13.64228 14.13798 14.62881 14.59155 19.29279 18.521 11.11643 11.21903 17.18556 12.32235 10.6886 11.37982 15.38345 11.18836 10.36868 9.452392 12.74042 8.798724 7.69117 8.112192 9.069634 12.62489 8.287659 7.635128 8.291062 7.819267 8.198244 12.95576 8.041901 8.34901 11.8995 7.979895 8.307896 11.59854 7.917799 8.641264 8.896836 9.567076 9.171855 8.578241
7.989147 8.385608 12.82586 7.86092 8.641792 10.23026 8.570951 8.561063 8.699322 9.727596 8.765388 8.833631 13.18698 9.15625 9.108768 13.66285 15.83687 9.755332 8.58915 9.334507 8.88823 9.472371 10.51008 12.56945 13.45524 13.92047 15.16593 11.463 12.32746 11.91218 11.17391 17.91477 18.30681 19.06903 11.48379 12.5455 10.9823 15.57155 10.31194 10.60582 13.51851 9.791716 8.300341 7.84906 9.287018 8.701702 9.316782 12.4862 8.391395 8.125685 8.664505 8.519467 13.18365 8.40028 8.141521 12.47394 11.75683 12.53236 8.502383 8.992404 8.251361 10.73719 10.0486 8.541657 9.448956
8.278145 8.563114 13.87165 8.296617 8.978961 9.497467 8.647997 9.285229 8.542419 8.311255 8.359596 8.728353 13.23569 12.94145 12.7382 9.234175 10.72585 15.1849 8.744317 9.359729 10.17758 8.570096 9.381718 10.7311 9.802425 12.49562 11.27017 11.463 11.22885 13.47665 10.9529 13.51785 11.50795 12.61091 19.52494 11.43442 15.93261 10.6688 11.76084 10.16696 13.8584 9.391256 10.71386 10.03173 8.859482 8.06055 8.576803 12.75162 7.972491 8.322983 9.505382 8.469334 12.24137 8.762991 14.48453 9.291195 8.02592 8.707896 9.545055 8.445961 10.75582 10.39937 7.870018 9.802425 8.520189
9.347394 7.93835 13.01162 8.502498 8.132266 9.129068 10.28313 8.481167 10.91703 11.52212 12.30038 12.28367 9.140612 9.801507 8.487387 9.438347 8.318594 14.2672 11.01003 8.776737 8.878881 9.414739 9.458012 9.229399 10.46713 9.2742 9.953398 12.18049 12.53304 11.21214 13.24015 11.11305 11.25204 14.70149 16.05531 19.78971 16.30796 12.76804 11.34246 14.32307 10.21735 12.0026 9.331185 9.907224 8.381679 8.745952 8.367395 12.37688 8.067568 8.027457 10.24779 9.091541 14.12956 12.33569 8.043035 8.208217 8.799021 8.525455 8.980218 11.73616 10.63428 7.851363 8.539502 8.974449 9.751013
8.505426 9.019037 8.110017 13.05431 7.823938 8.439954 9.043929 10.63522 8.564864 8.188887 9.360795 8.271399 9.411057 8.849267 9.277534 8.920659 8.360569 8.978768 15.24423 10.26637 8.603797 9.322632 9.193381 10.82734 9.549913 8.997151 10.00393 10.3574 11.2324 13.18468 13.43609 13.73695 13.74653 12.59919 12.05233 12.01005 19.00347 13.66023 10.93057 14.65448 12.89086 10.71159 9.673385 11.02617 8.898415 10.06574 8.540235 12.48527 8.431389 13.27647 14.06926 13.23545 8.256737 8.31027 9.116582 8.572868 7.961847 7.997866 12.70324 9.317677 7.957543 8.478285 7.973919 8.151391 10.57702
8.773824 8.763277 8.163382 9.724868 12.36153 7.755867 9.418667 8.940207 8.274217 8.335128 8.537188 8.514239 8.275757 8.81782 8.829074 8.346174 8.42468 8.539607 12.76581 16.27127 10.01826 8.873409 9.667237 10.58713 10.66374 9.775083 10.01845 10.68665 11.6405 11.01261 12.02202 11.27792 11.97107 11.43656 12.42922 17.7566 11.61215 19.78319 15.52026 11.15523 13.58465 13.4784 12.89147 12.05955 11.75264 9.844041 8.982753 9.092073 14.47071 8.727381 8.341002 8.576606 9.43454 8.371409 8.110848 8.061288 12.03627 12.71482 8.52548 8.309279 8.306995 8.29621 9.167343 9.233356 8.412828
8.863176 8.235271 8.425481 7.913699 13.80783 8.371501 8.186623 9.201421 8.894213 8.634414 9.007524 8.853547 8.4925 8.145734 8.951867 12.3856 13.5795 12.97565 8.61793 15.0612 11.28293 10.23171 9.043929 9.671244 11.08916 9.954615 9.466671 8.695701 10.01805 11.18831 11.28263 13.61072 13.5502 13.68688 17.88052 11.67028 17.48712 11.8595 19.71254 13.86688 14.20963 10.70323 11.37812 10.76033 9.95639 9.760072 9.555615 14.83108 10.51895 8.829806 8.822919 8.87079 8.306749 9.860537 8.609681 12.79323 9.122524 8.783931 8.647835 9.18506 8.665033 8.314023 10.88524 8.72253 8.187951
7.749479 8.50211 8.553143 8.98319 13.03459 9.411006 8.946183 8.742686 8.320392 9.197591 10.65279 10.64369 8.140042 11.98259 12.33523 8.695236 9.319854 9.618563 8.701631 13.28795 15.57558 17.36233 15.43495 10.83098 9.568855 10.41828 9.396597 10.00271 8.88039 9.835327 12.67819 11.50795 17.15532 17.26657 13.23047 11.74793 13.66807 14.04774 19.7442 15.63799 13.24784 12.38613 10.34178 10.18332 10.7754 10.62102 15.116 10.03287 10.35928 8.811215 8.524014 9.006676 9.411233 10.82748 9.408903 12.97732 9.327751 9.493686 10.17156 8.429523 8.305443 8.520957 11.30301 8.3778 8.92025
8.03392 8.662963 8.985806 7.97365 12.63466 8.939451 7.747597 8.447546 8.100997 8.934534 9.294639 8.934635 12.71234 8.676737 8.684493 9.003458 8.848684 10.40407 13.31729 9.137069 8.609741 9.359509 11.04243 15.74887 11.14205 9.342257 8.90903 8.768023 8.93119 9.201371 10.65828 17.41292 11.16635 12.04322 13.99721 14.20728 11.30029 11.89983 11.83036 20.00466 11.96332 11.01261 12.15624 11.50058 15.51499 15.27633 10.06718 10.01381 10.78442 8.424883 8.496802 12.14303 11.74215 9.639056 13.3995 8.828479 8.807259 9.685135 10.388 9.254176 8.54616 11.7241 8.538321 8.686076 10.16697
8.56569 8.692025 11.34291 8.006823 11.14031 11.97898 7.703308 8.056111 8.648452 7.68841 8.160265 10.88894 8.355278 9.0759 9.404847 11.5513 11.86678 12.6235 8.438664 8.8034 8.514047 9.532507 13.11917 12.07489 16.40659 15.81216 10.34965 10.07979 15.37342 16.16982 16.63638 10.68429 11.72736 13.35736 13.14018 13.81551 11.4135 11.66857 13.53969 20.18795 11.32371 12.99572 10.80197 15.84567 10.49819 10.90325 10.10075 10.80197 11.463 9.947221 11.74467 9.008525 12.07489 13.25945 9.11268 10.3104 9.358063 8.952076 10.73664 9.073784 12.00798 8.590559 8.533196 10.99853 9.046476
9.506734 7.925714 9.342942 8.310237 10.89422 12.37122 9.324927 8.399954 10.87805 7.817856 9.627859 8.052625 8.462811 9.027429 12.13752 8.804564 11.71759 8.893748 9.934638 8.579515 8.570485 9.002963 12.81885 9.898513 11.32714 12.03898 15.44517 14.93704 9.344198 9.238064 9.320251 9.431875 10.33448 10.81357 10.11888 13.12925 11.21903 11.80619 15.00509 20.75815 13.67363 10.94241 10.76033 15.95717 11.67679 10.4199 11.72211 12.11376 11.26558 12.9675 9.502789 8.80794 8.850775 13.81225 13.32814 8.997576 8.76886 9.890849 10.99215 13.67005 13.51066 11.70173 11.77493 9.904188 8.759752
7.782171 8.439183 8.905866 12.51211 8.240502 8.086487 12.19143 7.655221 8.606958 8.432744 8.501109 7.968804 8.497952 10.82675 9.405234 11.34147 10.54825 9.018492 10.09796 10.831 12.14534 12.53679 9.514904 8.830639 10.82287 11.12047 9.936024 9.441994 8.922877 8.641024 8.424197 8.369252 8.327303 9.52537 9.523061 10.7621 12.65936 13.76577 11.70576 19.85767 11.79839 12.19835 15.96434 12.16644 11.32844 12.27456 12.57476 11.80958 13.11327 11.13239 9.065351 8.880106 10.12961 13.64072 9.279024 16.39116 8.872543 9.017539 13.46858 8.891047 10.00346 8.836606 8.80442 9.123489 9.585675
7.875876 8.705769 9.552682 9.274001 8.619408 8.292987 12.17041 11.0577 8.863127 8.416105 8.438424 7.689469 8.454184 10.11202 10.52581 8.581675 8.602076 8.371148 8.636291 8.727895 10.45607 8.70287 9.428934 9.034449 9.351521 10.44289 11.10524 9.442789 8.677631 8.779054 9.30689 9.757377 10.319 8.972456 8.888021 8.891562 9.017539 16.09411 17.63923 19.81283 11.94076 16.7646 10.9236 12.63259 12.26216 12.65647 10.6786 13.59237 11.57738 10.84724 9.70605 10.92163 13.86158 8.471035 9.028835 8.962231 14.19636 14.33502 10.15417 8.502724 10.20023 9.604619 8.659993 9.08178 9.398597
8.910091 8.226295 8.450255 8.150477 8.455482 10.02859 8.89677 10.11734 10.50018 8.709157 9.684102 7.650038 9.415206 10.38469 7.94878 7.732341 7.733615 8.563233 9.731192 10.57383 9.009193 8.87262 9.694659 9.227507 9.991796 10.22853 10.30385 9.755365 10.61848 8.517068 9.064057 9.136189 8.557798 8.675062 8.98185 9.43658 9.459706 15.95837 9.912111 11.09244 18.79033 21.71541 19.88257 13.42235 13.46845 10.52832 11.26065 13.98989 11.45182 10.98316 11.81733 14.13611 8.62499 8.682549 9.358063 9.469224 10.80197 8.82315 8.661459 9.556714 8.812015 10.80101 9.541117 8.87457 9.346376
7.784626 8.070529 8.474104 8.35171 8.894891 9.547047 8.154286 9.846462 9.50657 8.121093 9.374037 8.513544 9.365717 8.273387 9.38296 8.917977 8.341755 7.761027 8.00738 9.219983 8.761786 9.126556 10.73895 9.331758 9.264216 15.63706 15.43958 15.60344 9.928503 9.494877 10.44795 10.2785 9.741993 9.863966 16.32157 17.87204 15.92792 9.366515 8.465137 9.167756 9.240401 12.60256 12.87961 20.0829 11.03517 10.69781 14.19026 10.64357 11.73434 12.19156 15.05918 10.29822 9.217162 8.780745 9.679337 8.842979 10.57045 8.84728 9.745571 8.728324 11.49674 8.783718 10.55446 10.17926 8.498635
9.223791 8.572568 8.734338 7.911317 8.492483 8.541106 8.082086 9.284575 7.898998 8.950181 8.545207 8.65479 8.732585 8.605256 8.467678 8.147389 9.015605 7.955612 8.37083 9.698189 8.347936 8.6637 9.151426 11.5082 17.92895 9.905065 9.10001 10.44844 16.35071 16.52606 19.45539 17.2457 17.31624 15.57132 8.385448 8.845646 8.781643 8.203015 8.477592 8.263107 9.190965 11.04893 11.52816 16.88754 20.12889 14.93373 10.56487 10.56901 13.11677 15.43603 11.55666 9.501636 9.339783 8.613683 8.957398 11.86947 9.168854 9.789521 9.481154 12.4393 8.618305 8.714781 9.520288 9.766418 10.94597
7.982855 9.019479 8.554075 8.409887 7.727579 8.052281 8.450994 8.125902 8.414209 9.156317 8.191223 8.087899 8.320341 9.315653 8.772304 9.040573 8.085029 7.924393 8.319222 9.176539 11.31716 15.14866 16.6991 14.79942 9.564634 8.470528 8.58202 9.878118 10.31284 10.29067 14.68985 10.32171 13.21189 9.322749 8.205315 8.35063 8.505482 9.341283 9.053593 8.539731 8.800748 13.3067 13.43055 13.68471 10.81978 20.34058 11.55871 12.82118 10.77383 15.70433 11.09295 11.54132 9.852706 8.957112 11.9226 9.360403 8.918047 8.808835 12.54596 8.401434 8.860316 9.83439 8.837091 8.697679 12.87445
10.0788 9.333646 8.031962 9.817697 8.932132 8.385778 8.108889 8.954873 8.92268 8.848002 7.599333 9.074479 8.822125 7.823996 10.01542 10.07389 7.833201 7.73492 7.857861 8.238923 10.02526 14.95178 9.037227 8.171405 8.385448 9.423506 8.622276 9.242876 11.11756 14.16135 9.433396 8.909605 12.83965 9.728049 8.30127 9.112043 8.526702 8.245617 9.45255 10.34879 14.41327 8.926364 8.668651 13.07338 9.681529 12.25424 19.89304 13.45324 10.7281 16.3293 13.99671 13.28966 12.76849 12.18218 8.809743 8.792128 8.896836 9.586046 11.57252 8.325477 10.21232 9.789716 8.832726 10.26028 12.83152
11.98746 12.05204 11.25653 9.596236 8.327374 7.73691 8.479377 7.836005 8.363332 7.665104 8.549687 10.59024 8.392505 7.706954 7.777692 10.81506 7.821327 8.51475 8.138651 9.755291 14.49222 8.744787 8.856874 9.13456 8.847134 8.412185 8.635989 15.09971 13.98766 8.821953 9.81963 9.325393 12.29028 8.39677 9.267681 8.72053 12.58226 13.54004 13.50862 12.87893 8.77343 9.763386 12.43652 8.842399 9.017653 10.1315 9.755068 20.30259 15.95407 11.83989 10.85472 11.05353 10.04163 10.39432 9.515088 9.277878 10.67298 11.63321 8.099278 9.552533 8.57655 8.634849 11.4493 10.1353 14.75126
8.562997 8.067019 7.869419 8.582006 8.76309 8.279834 9.183533 7.629664 8.108061 8.562015 8.339492 11.00415 8.063664 7.620296 9.094721 15.59975 15.60736 15.63224 15.46704 14.40807 7.815833 7.807805 8.364938 8.507966 9.028953 13.40225 14.53521 10.4391 8.885103 9.833955 11.6298 13.29961 8.600006 8.673138 9.167802 14.30195 9.278251 8.904654 8.261632 8.569173 9.19073 13.10251 8.120117 7.969272 7.846622 9.125527 10.78327 17.72635 13.31479 10.7281 12.99022 12.36919 11.88808 10.17736 8.898053 9.482704 12.3938 8.83936 8.683865 8.960605 9.531414 11.08512 10.48331 13.66747 9.545789
8.396172 8.575032 8.379586 8.322145 9.548486 8.500512 10.05594 7.724109 8.086474 7.646266 9.746572 8.205563 10.67654 8.023404 16.59459 8.154859 7.964588 10.6459 7.807442 8.836825 8.725615 8.36869 7.844131 8.859362 13.76063 8.383211 11.20198 8.644559 9.993716 9.686737 9.06354 9.429399 11.19669 10.11474 13.08824 9.651225 8.042504 8.138136 8.688931 9.008776 13.12746 8.365985 9.315392 8.467627 7.839002 10.05419 8.323093 9.96431 17.63552 13.92645 11.22567 10.42726 13.81271 13.46168 12.43041 12.29101 9.151599 8.675852 8.898161 8.710025 8.618374 9.386326 9.636412 14.90317 14.84308
9.521425 8.010661 9.385363 8.098404 9.098569 10.80648 8.340577 7.904789 8.436467 7.642688 7.810451 9.833112 14.16529 14.06406 11.30041 8.317327 8.300491 10.18308 7.576503 8.376811 8.448395 8.390881 7.680722 13.49852 7.851155 7.885519 10.53923 8.984062 9.04662 8.603403 10.21565 11.01018 9.15913 10.72654 13.14872 8.41907 8.994936 8.82926 8.28427 12.93933 8.367729 7.810451 8.474809 8.138211 9.215814 8.049789 8.80794 9.316539 10.43791 18.59099 14.41813 14.12785 9.680057 11.19596 9.318696 8.366341 8.740952 10.58478 9.317804 10.10672 8.660817 11.00599 14.09122 9.50885 8.24232
11.40713 10.34941 8.538031 8.067568 9.071033 8.299256 11.02121 8.141788 9.086076 7.750989 9.403206 14.65252 7.84152 7.69592 11.18765 8.508144 10.2534 8.328857 7.680605 8.120332 7.943688 7.768641 13.07878 8.633203 7.707777 7.900816 10.16191 8.271357 8.309477 9.273015 9.091516 8.940459 9.378741 14.18169 8.619316 10.65828 8.630542 10.96793 12.08666 8.538634 9.559704 7.80348 8.202806 8.233713 8.006233 7.977546 8.610641 8.695116 8.923496 17.09607 11.52048 10.3574 11.20228 9.266086 10.2925 9.015291 9.09158 8.951822 8.822642 9.559156 10.33967 14.21354 8.100283 8.457098 9.269929
