layers/tev_topoindex500m.asc
ncols         319
nrows         495
xllcorner     219017.22331753
yllcorner     4610852.5305323
cellsize      500
NODATA_value  -9999
[rows 0 to 28 of 495, columns 65 to 129 of 319]
-9999 -9999 -9999 -9999 -9999 -9999 -9999 -9999 -9999 -9999 -9999 -9999 -9999 -9999 -9999 -9999 -9999 -9999 -9999 8.592314 9.254913 8.338299 7.555411 12.03839 9.043589 -9999 -9999 -9999 -9999 -9999 -9999 -9999 -9999 -9999 -9999 -9999 -9999 -9999 -9999 -9999 -9999 -9999 -9999 -9999 -9999 -9999 -9999 -9999 -9999 -9999 -9999 -9999 -9999 -9999 -9999 -9999 -9999 -9999 -9999 -9999 -9999 -9999 -9999 -9999 -9999
-9999 -9999 -9999 -9999 -9999 -9999 -9999 -9999 -9999 -9999 -9999 -9999 -9999 -9999 -9999 -9999 9.146535 7.974219 9.338949 8.65796 9.040361 9.762595 8.313319 12.51154 8.669023 8.538008 9.477207 10.41109 10.67501 11.93459 -9999 -9999 -9999 -9999 -9999 -9999 -9999 -9999 -9999 -9999 -9999 -9999 -9999 -9999 -9999 -9999 -9999 -9999 -9999 -9999 -9999 -9999 -9999 -9999 -9999 -9999 -9999 -9999 -9999 -9999 -9999 -9999 -9999 -9999 -9999
-9999 -9999 -9999 -9999 -9999 -9999 -9999 -9999 -9999 -9999 -9999 -9999 -9999 -9999 -9999 10.06767 7.634218 7.732209 8.589706 8.422729 9.430479 9.841627 10.86663 12.70365 8.547161 8.04206 8.798954 7.807817 10.48449 9.778963 8.378359 8.225352 9.985812 -9999 -9999 -9999 -9999 -9999 -9999 -9999 -9999 -9999 -9999 -9999 -9999 -9999 -9999 -9999 -9999 -9999 -9999 -9999 -9999 -9999 -9999 -9999 -9999 -9999 -9999 -9999 -9999 -9999 -9999 -9999 -9999
-9999 -9999 -9999 -9999 -9999 -9999 -9999 -9999 -9999 -9999 -9999 -9999 -9999 9.099309 8.171292 8.134809 8.241412 7.994038 8.577585 8.685279 7.758854 8.944256 8.814422 9.096848 11.94426 8.346174 7.835588 9.536294 9.633385 8.881544 8.482889 7.536178 8.614032 8.620052 -9999 -9999 -9999 -9999 -9999 -9999 -9999 -9999 -9999 -9999 -9999 -9999 -9999 -9999 -9999 -9999 -9999 -9999 -9999 -9999 -9999 -9999 -9999 -9999 -9999 -9999 -9999 -9999 -9999 -9999 -9999
-9999 -9999 -9999 -9999 -9999 -9999 -9999 -9999 -9999 -9999 -9999 8.627851 10.50097 9.173255 8.657563 8.272834 7.719903 7.706519 8.06134 8.548929 8.174384 7.931237 8.183852 11.89216 10.00173 8.744485 8.35749 9.204129 9.322481 8.384782 7.82231 7.876059 8.162898 9.583087 9.877571 -9999 -9999 -9999 -9999 -9999 -9999 -9999 -9999 -9999 -9999 -9999 -9999 -9999 -9999 -9999 -9999 -9999 -9999 -9999 -9999 -9999 -9999 -9999 -9999 -9999 -9999 -9999 -9999 -9999 -9999
-9999 -9999 -9999 -9999 -9999 -9999 -9999 -9999 -9999 -9999 7.943095 10.8561 7.965982 7.726976 8.403999 8.264923 8.869573 7.753588 8.652251 8.814925 8.961942 8.335597 9.203142 11.78053 8.241096 8.838001 9.252823 8.728515 8.712177 8.414801 8.472816 7.927059 11.04356 12.39854 12.95332 8.623527 -9999 -9999 -9999 -9999 -9999 -9999 -9999 -9999 -9999 -9999 -9999 -9999 -9999 -9999 -9999 -9999 -9999 -9999 -9999 -9999 -9999 -9999 -9999 -9999 -9999 -9999 -9999 -9999 -9999
-9999 -9999 -9999 -9999 -9999 -9999 -9999 -9999 -9999 13.73536 8.413011 11.10721 8.451862 7.999526 8.059829 8.590203 9.388562 8.910219 8.051502 9.988379 8.751995 8.982816 8.163854 11.74758 8.593557 7.752721 8.322309 7.750093 8.143384 10.11548 9.862969 10.70294 11.44408 8.32727 9.239823 9.288992 10.24509 -9999 -9999 -9999 -9999 -9999 -9999 -9999 -9999 -9999 -9999 -9999 -9999 -9999 -9999 -9999 -9999 -9999 -9999 -9999 -9999 -9999 -9999 -9999 -9999 -9999 -9999 -9999 -9999
-9999 -9999 -9999 -9999 -9999 -9999 -9999 -9999 8.781134 8.163268 14.52296 8.188272 7.969235 7.917686 8.72053 11.68006 11.11072 8.487959 10.60973 8.946108 8.365398 9.458268 8.912211 11.32002 9.285365 8.103081 8.3113 7.929675 9.133073 7.927364 9.693378 8.000654 10.9347 8.651981 8.742311 8.750189 8.262003 8.68611 -9999 -9999 -9999 -9999 -9999 -9999 -9999 -9999 -9999 -9999 -9999 -9999 -9999 -9999 -9999 -9999 -9999 -9999 -9999 -9999 -9999 -9999 -9999 -9999 -9999 -9999 -9999
-9999 -9999 -9999 -9999 -9999 -9999 -9999 8.365652 8.064857 8.334282 14.08422 8.693526 12.56089 9.358473 11.21425 8.578542 8.255888 11.67023 9.514686 8.178529 8.125034 9.23441 8.49218 10.70143 8.30874 9.381065 9.564116 9.459738 7.9179 9.043979 7.79523 10.43526 9.422805 7.79772 7.95602 8.059989 8.544882 10.49314 -9999 -9999 -9999 -9999 -9999 -9999 -9999 -9999 -9999 -9999 -9999 -9999 -9999 -9999 -9999 -9999 -9999 -9999 -9999 -9999 -9999 -9999 -9999 -9999 -9999 -9999 -9999
-9999 -9999 -9999 -9999 -9999 8.281551 8.85659 8.195132 8.660949 11.75732 8.537539 13.51097 8.977327 13.67081 9.605213 7.765482 7.912062 8.355929 8.441048 8.761621 8.98086 8.272229 10.08297 9.746721 9.850677 8.871142 8.878764 9.027464 8.881218 7.995008 9.265074 9.661365 9.057772 9.377657 8.30899 8.41258 9.069322 8.661026 9.224283 -9999 -9999 -9999 -9999 -9999 -9999 -9999 -9999 -9999 -9999 -9999 -9999 -9999 -9999 -9999 -9999 -9999 -9999 -9999 -9999 -9999 -9999 -9999 -9999 -9999 -9999
-9999 -9999 -9999 -9999 8.729049 8.446742 8.403018 9.38454 10.91589 8.267105 8.10265 12.58408 9.206232 12.18126 8.390624 8.315608 8.926763 7.856849 9.502563 9.651759 7.801809 7.957231 8.683097 9.414927 8.383493 8.320792 10.41154 8.864655 9.822152 9.534294 9.239697 7.931847 8.411051 8.728362 7.958112 7.693536 8.697604 7.964166 9.279269 -9999 -9999 -9999 -9999 -9999 -9999 -9999 -9999 -9999 -9999 -9999 -9999 -9999 -9999 -9999 -9999 -9999 -9999 -9999 -9999 -9999 -9999 -9999 -9999 -9999 -9999
-9999 -9999 -9999 -9999 8.95414 8.556627 7.83787 8.095117 10.21631 8.65479 10.16146 12.24309 9.842379 11.4845 12.02592 12.40799 12.00106 11.22234 10.62724 8.073142 9.741913 9.461991 8.928689 9.63371 9.082434 8.621991 8.467695 8.533888 9.652131 9.014827 8.334793 7.963605 8.455684 8.00241 8.496703 8.500904 7.874853 9.174347 10.36316 -9999 -9999 -9999 -9999 -9999 -9999 -9999 -9999 -9999 -9999 -9999 -9999 -9999 -9999 -9999 -9999 -9999 -9999 -9999 -9999 -9999 -9999 -9999 -9999 -9999 -9999
-9999 -9999 -9999 9.884513 8.341389 7.719139 8.180102 8.797506 7.810527 10.08237 8.357398 8.469282 12.14324 9.17045 10.77805 8.520089 9.521207 9.372065 9.286683 10.00842 8.014455 8.218325 9.599831 8.461199 8.508764 8.066174 8.016946 9.336494 9.052634 8.614707 8.594352 7.969385 8.299979 9.320343 9.641728 9.046766 9.748218 10.05027 13.29608 -9999 -9999 -9999 -9999 -9999 -9999 -9999 -9999 -9999 -9999 -9999 -9999 -9999 -9999 -9999 -9999 -9999 -9999 -9999 -9999 -9999 -9999 -9999 -9999 -9999 -9999
-9999 -9999 -9999 9.887949 7.346804 7.580612 9.385474 7.674919 7.519662 9.219117 7.981236 10.00387 10.18672 8.671829 9.689478 8.786784 9.688051 10.60827 9.074926 10.3991 7.736092 9.851114 7.666538 8.205332 8.627762 8.493094 8.54492 9.853565 8.055469 8.55007 8.336948 7.59122 7.637487 7.568435 8.316225 10.15993 8.534062 12.72102 10.63275 -9999 -9999 -9999 -9999 -9999 -9999 -9999 -9999 -9999 -9999 -9999 -9999 -9999 -9999 -9999 -9999 -9999 -9999 -9999 -9999 -9999 -9999 -9999 -9999 -9999 -9999
-9999 -9999 11.515 9.241223 8.513239 7.591892 7.977372 8.248874 8.205278 8.432499 7.568727 9.043082 10.10186 8.140166 7.946209 9.159621 8.539731 10.75836 8.867455 10.78125 9.965968 7.544515 8.216091 7.787443 8.799353 8.889083 9.060879 9.964193 8.695118 9.142604 9.117329 8.633851 7.629907 8.256288 7.990133 12.62375 12.6315 7.852919 9.86213 8.466887 -9999 -9999 -9999 -9999 -9999 -9999 -9999 -9999 -9999 -9999 -9999 -9999 -9999 -9999 -9999 -9999 -9999 -9999 -9999 -9999 -9999 -9999 -9999 -9999 -9999
-9999 -9999 11.58843 8.945908 8.330772 7.911794 8.456499 8.375448 8.034355 9.029549 8.187268 8.193607 8.324722 8.780298 7.768744 7.596107 8.366913 10.53294 8.855179 11.92549 10.64552 8.976879 7.522643 8.22024 9.033794 10.02748 8.504201 10.79702 8.336105 9.947561 8.414856 9.501786 8.954202 11.57581 12.11845 10.7367 9.510911 7.740562 8.325132 9.423485 -9999 -9999 -9999 -9999 -9999 -9999 -9999 -9999 -9999 -9999 -9999 -9999 -9999 -9999 -9999 -9999 -9999 -9999 -9999 -9999 -9999 -9999 -9999 -9999 -9999
-9999 -9999 8.772346 8.764729 7.894704 7.682336 8.734494 8.816135 8.327423 7.607311 8.171458 8.536817 8.109881 8.59074 8.782155 7.960703 7.472268 8.512904 10.51884 8.534301 13.05301 7.963248 7.677637 8.762426 10.39804 7.767849 8.587284 8.501783 11.13074 8.87411 9.12716 10.00947 10.93767 9.862399 8.789953 10.59328 8.053279 8.980165 7.847062 8.413817 8.682976 -9999 -9999 -9999 -9999 -9999 -9999 -9999 -9999 -9999 -9999 -9999 -9999 -9999 -9999 -9999 -9999 -9999 -9999 -9999 -9999 -9999 -9999 -9999 -9999
-9999 9.471105 8.012462 8.300353 8.136416 8.495948 9.380596 11.06163 10.42199 9.405223 8.345087 8.83113 7.870498 7.734339 7.709284 8.587911 8.427575 7.857072 8.599865 8.361461 8.869145 12.27107 12.58809 8.388122 10.8426 8.278645 7.725363 8.725744 11.19029 8.338772 9.015385 8.866697 8.632992 9.369561 8.091584 9.533612 10.12752 7.998661 8.161377 8.274866 8.223491 -9999 -9999 -9999 -9999 -9999 -9999 -9999 -9999 -9999 -9999 -9999 -9999 -9999 -9999 -9999 -9999 -9999 -9999 -9999 -9999 -9999 -9999 -9999 -9999
-9999 10.90592 9.040531 8.160973 8.242609 11.85316 11.18222 8.300066 8.544996 8.975241 7.725759 10.21362 8.34449 9.790449 7.601038 7.999372 7.661896 8.582244 9.212944 9.422682 13.9467 14.03398 8.754952 13.17179 13.18531 12.36647 11.93822 11.69562 9.196336 8.651603 8.54429 8.320223 8.011336 9.109167 8.868587 8.211167 9.635497 9.005902 9.7041 8.545955 8.414108 -9999 -9999 -9999 -9999 -9999 -9999 -9999 -9999 -9999 -9999 -9999 -9999 -9999 -9999 -9999 -9999 -9999 -9999 -9999 -9999 -9999 -9999 -9999 -9999
8.318473 15.16726 8.35119 8.425491 12.17108 8.963965 8.619952 8.371745 8.306159 8.78105 7.845166 8.704376 7.515033 7.816202 9.987952 7.503769 7.866005 8.63505 8.22155 14.41673 8.602847 10.15858 9.492097 8.067824 8.643994 9.727962 8.500494 11.09295 9.462449 8.640749 8.296065 9.045815 9.372065 8.485131 8.39413 8.612887 8.631515 9.862605 8.38695 8.796737 8.978442 -9999 -9999 -9999 -9999 -9999 -9999 -9999 -9999 -9999 -9999 -9999 -9999 -9999 -9999 -9999 -9999 -9999 -9999 -9999 -9999 -9999 -9999 -9999 -9999
9.864821 13.82843 13.29351 12.46771 8.104421 8.930962 11.53249 11.30443 10.40822 9.071441 8.110923 8.165938 8.652044 10.25821 11.35329 8.180798 7.697928 7.924101 9.579654 14.52849 8.033803 7.845766 8.429004 8.695018 7.485688 8.208756 8.394983 9.338109 8.396579 8.34649 8.888756 8.226683 9.260015 10.77612 9.062143 9.648815 9.42998 8.866525 8.709205 9.697499 9.723292 -9999 -9999 -9999 -9999 -9999 -9999 -9999 -9999 -9999 -9999 -9999 -9999 -9999 -9999 -9999 -9999 -9999 -9999 -9999 -9999 -9999 -9999 -9999 -9999
10.06922 9.059721 7.714549 12.33983 8.61482 12.12465 8.300937 8.118473 9.124032 8.655857 8.75613 8.295712 9.455791 7.957475 9.478345 12.64046 8.584664 7.872491 8.009848 13.70985 8.280557 7.626691 7.705773 7.701464 7.795354 7.660883 7.642349 7.91674 9.614226 9.124163 9.761406 9.580394 8.391168 9.145507 8.415371 9.498146 8.967537 8.733961 8.028536 10.22509 10.05688 -9999 -9999 -9999 -9999 -9999 -9999 -9999 -9999 -9999 -9999 -9999 -9999 -9999 -9999 -9999 -9999 -9999 -9999 -9999 -9999 -9999 -9999 -9999 -9999
9.591574 7.387837 7.906152 7.724666 13.12043 9.528381 11.38837 8.574219 7.968727 8.843733 8.591908 8.78826 7.65987 8.347463 8.415635 8.476522 12.30387 8.782737 13.58211 7.93293 8.133747 7.971766 8.647511 8.020267 7.999526 8.573938 8.838563 8.219505 8.54616 11.36934 10.20378 8.017112 8.189675 9.292778 9.271354 9.837223 10.04668 8.847095 8.742362 8.458301 11.16144 -9999 -9999 -9999 -9999 -9999 -9999 -9999 -9999 -9999 -9999 -9999 -9999 -9999 -9999 -9999 -9999 -9999 -9999 -9999 -9999 -9999 -9999 -9999 -9999
9.385481 7.596176 8.108128 8.735476 10.61143 7.902035 10.56084 9.928329 8.520886 7.905995 8.050705 8.320341 7.866395 7.96461 8.231245 7.898731 7.761068 11.92717 13.57632 7.684761 7.625644 7.857189 8.177386 8.12999 9.028634 8.049635 9.565691 9.582127 9.800257 10.47239 13.74752 8.927027 9.054653 9.12805 8.489855 8.752453 10.52179 8.910426 8.149084 8.149974 -9999 -9999 -9999 -9999 -9999 -9999 -9999 -9999 -9999 -9999 -9999 -9999 -9999 -9999 -9999 -9999 -9999 -9999 -9999 -9999 -9999 -9999 -9999 -9999 -9999
8.001507 8.022609 8.355206 9.402008 8.915675 7.594444 8.886438 10.0862 9.255354 8.839676 8.541178 8.149722 8.313897 8.991972 7.971775 7.858687 8.62439 9.255033 14.54398 8.416693 7.532289 7.672301 9.302448 10.14294 8.432256 7.747454 8.428706 7.870292 7.583943 7.720107 8.166574 12.46254 7.828401 8.386719 8.102999 7.718479 10.60198 9.14743 7.729291 8.986382 -9999 -9999 -9999 -9999 -9999 -9999 -9999 -9999 -9999 -9999 -9999 -9999 -9999 -9999 -9999 -9999 -9999 -9999 -9999 -9999 -9999 -9999 -9999 -9999 -9999
9.590538 8.036136 8.347081 9.126377 7.556061 8.245743 8.176257 8.261582 9.590409 8.066574 8.984914 8.147389 8.867862 9.236657 10.10079 10.41714 8.391789 8.141058 14.75647 12.2727 8.65698 8.651472 11.11662 7.921294 7.751839 8.595907 7.5224 8.559904 8.644623 7.964372 8.458529 12.54408 8.636185 7.930005 7.873194 8.78897 7.970785 11.16494 9.643481 -9999 -9999 -9999 -9999 -9999 -9999 -9999 -9999 -9999 -9999 -9999 -9999 -9999 -9999 -9999 -9999 -9999 -9999 -9999 -9999 -9999 -9999 -9999 -9999 -9999 -9999
8.599725 8.868812 7.738825 8.432148 7.857355 7.780384 7.764598 7.858411 8.928522 10.11888 8.5066 9.845307 7.888229 8.580338 9.126782 9.601688 10.89526 10.94301 15.07348 8.661234 13.13368 13.15095 9.271559 8.132414 10.85927 7.669436 8.133094 7.704251 8.355507 7.776355 7.851981 8.94212 11.81811 8.530696 7.753489 7.804879 9.75921 14.76085 13.98392 -9999 -9999 -9999 -9999 -9999 -9999 -9999 -9999 -9999 -9999 -9999 -9999 -9999 -9999 -9999 -9999 -9999 -9999 -9999 -9999 -9999 -9999 -9999 -9999 -9999 -9999
8.65936 7.741261 7.846241 8.923046 9.62856 8.71279 9.500786 9.316875 8.602995 8.813878 8.807632 8.013285 8.647016 7.721412 8.211818 8.968209 9.512314 10.03268 15.65169 8.178414 8.378945 8.994173 11.65392 11.17555 8.675157 10.62179 8.35113 8.224144 8.229786 10.22649 10.39736 10.33541 12.58108 9.370642 9.016092 13.88976 13.18004 9.231931 8.008144 8.684361 -9999 -9999 -9999 -9999 -9999 -9999 -9999 -9999 -9999 -9999 -9999 -9999 -9999 -9999 -9999 -9999 -9999 -9999 -9999 -9999 -9999 -9999 -9999 -9999 -9999
8.210382 8.048828 8.003266 7.961517 8.967516 7.798609 8.679362 8.161577 8.215196 7.818573 10.62727 7.912113 7.854856 8.368602 7.925361 7.434681 8.613485 9.354949 15.87861 8.725431 8.257759 8.53979 8.621003 8.471831 8.196447 10.47386 9.123994 8.67721 9.315917 8.689778 8.62338 8.87759 8.74484 14.06307 13.20838 8.752673 7.876447 8.10718 9.057316 10.63529 -9999 -9999 -9999 -9999 -9999 -9999 -9999 -9999 -9999 -9999 -9999 -9999 -9999 -9999 -9999 -9999 -9999 -9999 -9999 -9999 -9999 -9999 -9999 -9999 -9999
