layers/tev_topoindex500m.asc
ncols         319
nrows         495
xllcorner     219017.22331753
yllcorner     4610852.5305323
cellsize      500
NODATA_value  -9999
[rows 174 to 202 of 495, columns 65 to 129 of 319]
16.81575 16.80379 17.15034 17.64053 12.34119 11.42339 11.70198 10.1392 9.069918 10.06927 11.09749 11.54333 11.80184 10.21066 12.51264 9.896931 11.31976 14.71112 18.1526 14.57072 14.14171 9.94236 11.51293 11.61829 11.0008 12.52233 11.30936 10.28549 10.52372 11.16285 10.6129 12.69037 12.48962 10.86351 9.346828 8.02212 9.842556 8.464016 9.42024 9.467047 12.57966 12.8763 14.06087 14.69249 11.30915 10.2245 10.27006 9.074984 10.81786 10.8296 12.02135 10.49869 11.34063 12.2113 12.78765 12.05927 17.10298 11.29023 10.37122 13.11002 12.19726 11.98707 10.08974 10.5468 11.00895
9.303234 9.560829 9.975654 10.02211 17.22978 9.990334 9.116769 10.37595 9.060992 10.72602 9.710585 9.913079 9.646657 9.534045 9.613162 11.99262 9.860398 18.4855 10.05 10.07094 13.15627 14.88389 11.08333 10.50815 10.94321 11.66348 11.0035 11.09539 15.3342 14.01893 13.02786 10.89653 9.821475 10.8011 9.946025 8.746112 9.713859 7.8214 8.761672 10.32036 11.00232 11.66267 12.44824 16.06542 11.21034 10.21602 12.55265 9.147266 11.73829 11.46004 13.18801 11.55161 12.16631 13.12063 12.78335 11.70209 16.58364 13.39223 14.87046 13.17117 9.512314 9.405161 9.522804 10.47697 11.39121
9.423813 10.55741 11.30266 18.84031 9.919207 8.9016 9.540535 9.746448 9.452716 11.07833 9.278708 9.764899 9.127901 10.0485 10.5108 16.77452 17.85853 9.617376 11.27587 10.09018 12.03927 12.97391 15.97075 15.91018 15.23896 14.99793 11.41094 14.79058 10.18053 11.74662 8.892344 8.516288 8.649288 7.83963 9.445103 8.728124 9.037678 8.243241 8.593415 9.907224 10.89442 10.03952 10.49852 15.73845 9.989179 9.61828 10.42983 9.876906 8.888506 11.71419 12.12573 12.61514 14.05256 13.80043 12.25201 16.32659 9.618563 9.686818 10.58821 11.43528 9.892216 9.743243 10.7877 9.758498 9.632035
10.24421 11.51119 11.86877 17.80462 9.646044 9.797143 10.322 9.533281 10.71718 10.17844 9.252194 10.02547 11.26334 12.06711 17.47326 13.39322 12.02375 9.949929 9.648575 10.86249 12.05927 12.43983 10.86969 12.27723 10.21084 11.19581 14.24725 11.67631 9.263994 8.95342 10.31989 8.422028 8.198475 9.352318 8.596808 8.729279 9.002909 8.931276 8.708865 9.466708 10.75915 12.17323 13.02026 15.55955 9.99581 9.570292 10.77369 9.236277 9.140807 8.573833 12.25481 11.80337 13.75662 12.0023 11.68655 16.9493 10.29126 11.07311 9.937305 10.51067 9.489212 9.944309 9.184423 10.68322 9.622824
9.705494 9.145858 10.41731 17.43599 9.087359 12.75532 12.5313 11.07415 9.973233 9.786189 9.394064 8.937191 9.7459 18.36992 12.90172 9.529291 11.8975 9.638173 10.57243 10.17758 11.08525 11.5318 9.484691 10.61033 10.35666 9.577 9.331758 9.416274 10.06149 8.352613 9.162952 9.094269 8.483084 8.148988 8.041765 9.219419 9.507661 8.44678 8.530436 8.840934 10.3673 11.15492 13.22765 15.80058 9.884936 10.96343 10.34431 8.938568 9.636412 8.931305 8.815544 13.30759 13.20526 12.60429 11.63396 18.4355 10.96696 10.35051 10.86969 10.61621 9.861593 10.05661 10.73374 9.907101 11.76087
9.149674 9.607862 10.74929 17.86295 12.01232 9.279254 9.514744 10.77181 11.79839 9.668361 10.62455 8.904534 16.81715 11.72709 10.04123 13.20973 9.865656 12.02538 12.00731 9.17112 9.416916 9.814758 9.713228 9.059487 9.109595 8.792746 9.310725 9.509941 8.946056 8.675062 10.41154 8.971107 8.984496 8.937274 8.616144 9.160135 11.09251 8.277387 8.985232 8.869898 10.24412 11.10684 13.34815 15.6124 10.44732 12.25997 10.59097 9.470358 9.779101 8.916766 9.512165 13.57041 13.27801 12.89922 10.17758 17.09362 10.12011 10.95006 10.72602 12.00241 9.589984 10.39846 9.56906 11.57739 13.0359
9.836572 10.57621 11.36945 17.95253 9.377343 9.809813 9.215315 9.73862 9.768168 10.03583 9.020301 10.90809 17.68541 9.767559 10.91521 9.787733 11.88179 9.260665 8.929377 10.14036 8.36013 8.852568 8.826352 8.459347 9.099309 9.627926 9.046318 8.979717 8.781157 8.550557 8.824708 8.503459 10.64546 9.839888 8.904738 9.425607 12.26139 9.263549 8.711267 8.488755 9.773653 10.86984 13.47656 15.9506 11.51732 12.35581 9.714475 11.83036 10.69874 9.148679 10.37261 14.62938 13.49654 13.76359 16.41656 9.661719 10.72602 10.11428 10.51592 12.19495 9.635767 9.470946 10.18027 9.892802 15.94217
9.813558 8.931305 9.991945 17.69353 9.453244 10.43905 9.643496 9.44116 8.829179 8.737649 9.992825 17.96153 8.931491 9.555603 9.620768 8.322847 9.095593 11.2568 9.794848 8.396814 9.167736 7.8741 8.098567 8.377237 9.12481 9.569367 9.960128 10.0481 9.584393 10.42988 9.015944 8.606689 9.053948 11.79752 9.366158 9.275366 9.656506 12.03135 9.557052 8.94968 9.238599 12.0696 13.63135 17.51782 12.78267 10.62128 9.392802 9.725 11.03576 10.41072 11.43536 15.48565 13.63891 13.24579 16.23913 10.69586 10.44851 9.829795 11.56561 9.790079 13.29893 12.74426 9.762781 15.95629 12.38879
9.064566 8.832726 9.943226 18.58353 10.87368 9.242077 8.854209 8.523571 9.122498 16.32506 18.16033 10.86629 9.856095 8.862256 8.485307 8.421625 8.426147 9.537389 10.02782 8.675206 7.884204 8.558063 8.216067 8.581016 9.459821 11.55867 9.319854 11.39855 10.6671 8.403825 8.951405 8.555978 8.90735 12.63964 9.67288 9.486642 10.72651 12.73222 10.86617 9.728864 10.87579 10.03029 13.9722 14.6044 11.93358 9.239049 10.17293 9.631628 11.07045 11.40247 12.75021 15.30106 12.59873 16.32531 10.34868 11.49331 10.76957 11.14727 9.584353 10.56487 9.913486 10.00996 15.68776 11.12298 10.0464
8.736834 10.10052 11.35953 14.0483 17.99209 17.05768 16.72121 16.68926 17.47705 11.94288 14.54788 9.097072 8.897131 9.656124 8.798209 8.87406 9.359645 8.495275 9.293636 8.070076 9.052552 8.886003 8.077481 8.571469 9.62504 11.96084 12.14441 13.08992 10.11063 8.961224 8.68328 8.352609 9.082042 12.76011 9.703697 9.255823 12.51778 10.44289 10.35939 11.33213 10.149 10.05879 14.28137 13.86183 8.719507 9.619412 10.03567 9.090674 11.38695 11.77966 13.1735 14.24059 16.31905 9.75351 10.49721 11.74793 9.657544 12.63061 10.97192 10.76986 9.452392 15.66205 12.06065 11.48681 11.34548
9.461232 10.52242 14.19027 11.43657 10.93116 12.621 12.5938 13.01622 11.93666 9.528913 11.05478 14.30711 8.89871 8.88894 9.415303 8.478221 8.559394 8.856397 8.616144 9.913589 8.464732 9.163931 8.292066 8.663488 9.941364 9.532709 9.164119 13.90485 9.599679 8.717358 8.697302 8.75451 8.788685 12.50037 9.542863 10.01344 12.91156 10.76089 9.897721 11.54794 11.8595 12.30274 14.87845 13.68192 8.926477 8.920015 10.44109 19.07179 16.14484 11.82773 13.88667 14.08949 16.44213 9.773769 10.19179 10.89738 10.72804 13.91474 9.790637 10.09266 10.18591 16.32639 9.863436 10.34347 10.14057
12.68808 13.30482 12.3989 10.44821 9.31097 9.789999 11.37943 12.35887 11.56141 9.248511 9.768742 10.10194 14.23891 11.93348 11.66268 10.92099 10.14266 9.231261 9.025491 8.498388 9.143813 9.610806 8.325891 8.781399 8.753547 9.077545 10.04917 14.70046 9.179863 8.894891 9.694857 8.664404 8.841352 9.263549 12.85854 9.810247 13.64342 13.93267 13.47955 13.38144 13.62785 13.82979 13.9522 14.40848 8.795573 8.728438 16.89126 9.109279 8.915047 15.8515 15.09023 14.48343 16.70512 11.23482 10.33267 9.802343 10.72976 9.622994 14.74089 9.788726 11.53974 15.29748 12.39601 12.13394 9.995209
10.02526 11.40425 11.07311 10.20014 8.758626 8.943954 10.84101 11.85002 9.563964 10.99525 9.485948 9.228128 14.61615 8.9166 8.695745 8.381965 8.246489 8.245609 10.2734 8.104093 9.83856 9.910309 8.486434 8.350988 10.21344 11.86966 10.04268 10.08974 13.17169 9.732243 10.45215 9.712321 9.810476 9.63835 13.4817 14.23905 16.80114 14.55146 13.8211 14.01681 15.12921 17.65859 15.54321 13.80103 15.22772 16.35305 10.53837 9.017437 8.951509 15.49284 12.77195 16.5331 10.34277 9.216149 9.789521 11.17012 10.34202 9.751735 9.450287 13.58824 15.82496 9.568139 9.887254 10.65636 11.4804
9.911501 12.20552 12.63653 9.428354 8.450929 9.038936 10.70418 9.34164 12.02457 10.85593 10.50281 10.55389 14.5371 10.08962 9.297368 8.54863 8.605137 8.29385 8.690131 8.37451 8.6447 11.08512 9.439289 8.692025 9.878403 10.0386 12.3421 12.68174 14.94105 15.7175 15.16466 15.30899 16.25929 16.62207 16.90936 16.45591 15.98056 15.98566 15.97291 15.85418 15.87451 15.88716 15.89283 16.09586 16.43622 12.34786 9.658385 9.045652 9.021311 15.43879 16.15278 9.092627 9.377797 10.66237 10.16074 9.698095 9.732829 9.694659 9.872258 17.1384 9.857471 11.7697 10.03223 10.04123 9.295705
10.11562 13.03482 12.15864 9.121048 8.356709 8.954633 9.982972 9.413723 11.47622 9.530131 9.716999 9.432382 8.922033 13.53807 9.755068 9.569367 8.745974 9.569055 8.97339 8.27252 8.11005 9.002963 12.67726 12.64392 9.486642 10.18262 15.18791 14.1296 13.78639 9.881078 8.339038 9.419207 9.064001 9.691471 9.846644 12.54577 10.15475 10.08555 13.3268 9.747325 13.59903 13.58997 8.834632 9.264182 9.321912 11.06459 8.885299 9.883877 9.015994 17.27955 9.18421 10.99014 10.33795 10.1315 11.34805 9.80628 11.18247 9.58025 10.96938 16.13759 9.740998 9.896931 11.18872 9.46355 11.07311
11.85437 15.20181 11.07051 9.789298 8.226641 9.126144 8.572038 11.40472 9.769142 9.044306 9.378986 9.625111 9.147266 14.20061 8.803854 9.351521 10.62195 8.39983 9.254073 9.578077 8.30268 10.80954 9.334956 9.552682 15.52004 14.58596 9.556458 8.681367 7.795637 8.46969 8.538378 8.536101 7.965159 8.877077 8.676564 11.95459 10.0715 12.91504 9.976463 10.26344 13.83837 11.91906 8.940896 8.946647 8.520077 9.06654 10.06696 9.285026 16.0965 9.202699 9.719779 11.80367 11.84569 10.28872 9.707466 11.75583 10.42498 11.84499 18.3731 9.639764 11.636 11.18618 9.825071 9.787535 9.483998
11.10056 15.1115 9.691033 8.441385 8.954093 9.109565 8.754551 10.57235 9.114452 9.75026 9.755291 11.40418 11.25733 14.03947 12.40217 11.24821 9.358113 8.52085 8.699241 8.914437 10.93833 9.39237 9.903288 15.3136 13.79202 9.309017 8.577416 8.323814 8.693455 8.807985 8.370141 8.070771 7.961871 8.131954 10.84225 9.350288 9.676043 9.480554 12.99249 10.58478 13.81565 8.973701 11.33105 11.20533 8.884373 8.494964 9.654327 8.488059 9.544861 17.18942 11.48765 10.67158 9.824388 10.54536 9.245847 11.93847 10.66512 10.69089 15.54583 9.234463 9.519871 10.03482 10.27397 10.99633 8.919428
11.68329 14.12588 10.94579 8.680362 8.446113 8.602439 9.646836 8.730665 9.851558 8.940095 10.40808 9.064659 8.921753 12.21947 9.011456 12.39595 9.537761 8.910304 8.588025 8.58871 11.6051 9.242876 10.43959 13.88148 9.331727 15.87145 8.685586 8.36212 8.471445 8.637489 9.314276 9.353349 8.094876 9.803232 8.840743 8.186646 8.601491 11.88409 10.00004 12.93147 9.343292 8.846973 8.667366 8.69753 9.634448 8.602847 8.53804 8.25994 8.979934 10.30651 16.73606 9.689353 9.694659 9.506313 9.135937 10.32032 12.15864 16.21984 9.868258 9.231064 9.673953 10.61497 9.420452 10.15195 10.7551
10.85539 13.84287 9.06698 10.76044 9.883252 8.998475 8.995668 9.597248 9.434071 9.595571 9.650983 11.47224 12.77348 9.009997 8.857 10.71064 9.203266 11.463 11.46541 11.51215 9.269816 11.72338 14.46155 8.64443 8.674806 10.3325 13.2948 11.40288 11.37409 10.94133 9.220895 8.448853 8.452837 9.022767 8.219975 9.50887 10.25916 11.03765 12.6526 9.172369 8.614707 8.210053 8.121656 8.03373 8.752963 8.437854 8.38378 8.34354 8.377394 9.51856 17.10414 9.317154 10.28415 9.193019 9.300262 9.77881 18.08909 11.94076 13.0464 13.09116 11.77194 11.16729 9.243999 9.922546 8.902288
12.21822 14.08382 11.35047 11.12289 10.51284 8.2893 8.445359 10.84477 9.129919 11.73544 11.99995 12.00449 9.524958 9.500919 10.63161 9.362212 9.652252 10.9365 9.420756 9.278823 9.285026 9.443426 13.33259 9.150422 8.714734 9.510007 10.07108 12.80576 8.899381 8.68043 9.182806 8.349493 8.979024 8.220772 9.245298 8.011627 8.548475 8.922199 10.96269 12.23776 10.54541 9.664649 9.246074 8.311697 8.466084 8.071194 8.705193 9.677591 8.557676 9.766931 13.82307 17.72651 11.25056 10.28158 10.35883 11.19167 15.47409 9.522851 11.03295 9.698095 11.98598 9.179088 9.524958 9.818194 8.870246
11.62007 14.42303 9.375705 9.605266 8.889505 10.01143 8.894528 9.406048 9.073327 9.82443 9.242956 9.151449 12.80999 9.285054 10.10097 9.89703 10.62165 9.829795 9.978435 8.928906 13.70988 13.96378 10.40934 8.58915 8.649143 9.051287 9.416329 9.393613 12.78691 8.776013 8.733817 8.485208 8.430085 8.946617 8.236671 8.060768 7.788406 8.321375 10.5691 8.556606 11.68208 8.921157 7.97957 8.337216 8.914714 8.445888 8.955471 8.633711 11.5783 11.65644 9.414099 11.61315 17.29073 12.10756 12.27507 16.53376 10.10127 9.762555 9.633199 10.0536 9.636881 11.4697 10.49329 9.214231 11.01105
11.38358 14.15169 11.33521 9.975089 9.52909 8.982895 9.372832 8.484341 10.03952 9.337335 9.793679 10.06715 11.44269 9.519917 9.710109 9.975538 10.01344 9.316782 8.882488 10.38181 14.00419 11.67082 8.995977 10.09395 8.399569 8.305046 8.65967 7.974219 10.50949 12.84523 9.564928 9.407187 8.176197 10.85876 9.887254 8.948021 8.548437 9.882579 8.705939 8.714185 10.07254 9.836327 8.712637 8.819613 8.507524 7.778833 8.64893 10.97878 8.759762 8.524218 10.35305 9.383411 8.660892 16.7629 13.93894 15.68502 11.52208 11.76947 9.949326 9.513917 9.249213 11.08001 11.19596 9.215341 9.494877
9.121581 13.85641 10.37269 9.055992 8.868477 11.33472 9.976369 9.301015 9.110239 9.686299 10.23601 11.61829 9.799087 9.893096 11.97043 11.4403 12.0177 13.38665 12.94776 12.91458 11.14496 9.381022 11.17166 10.45613 8.857096 8.106923 7.959356 8.902444 9.230647 8.205211 12.15495 8.822534 8.413661 8.447791 9.614295 8.919106 8.230229 8.811902 8.217579 7.914281 9.80058 8.280787 8.473532 9.053575 7.996446 8.576356 8.360222 9.570856 9.456138 8.885573 9.835785 9.421672 8.636917 16.34457 12.20169 14.99261 8.826004 9.35545 11.85055 9.971971 10.86556 10.38387 10.09838 9.352817 9.954283
10.0576 14.18139 9.901791 11.85379 11.35623 8.901883 9.526778 8.297047 8.651386 11.02282 10.8332 9.67225 9.89782 11.00929 10.19019 9.201494 12.06165 11.2653 8.661093 9.087981 10.71419 8.408379 8.807589 8.770148 9.703504 7.782896 8.625407 8.452814 7.730257 7.888267 10.49314 9.622189 9.312992 9.127345 10.72704 8.769739 9.249038 8.971428 8.810046 8.102083 9.55132 8.67574 9.760673 8.914946 8.089029 9.425249 11.01093 11.27066 8.833855 9.825478 9.633898 9.079389 8.496035 16.53201 15.66176 9.130984 9.019327 10.07333 9.319854 9.703697 9.438115 9.334956 11.61215 9.240641 8.96348
17.50495 17.72026 12.90531 10.18144 9.560918 9.002616 8.881102 9.874041 9.071179 9.085506 10.10883 10.71767 9.844507 9.544958 11.64569 12.68036 9.229893 9.200635 11.4402 8.740239 8.572597 10.81347 8.426898 8.368207 9.065632 7.768548 8.19831 8.165394 7.979006 9.465219 9.221381 8.183727 8.754952 8.184816 11.7424 8.995685 11.78184 8.564395 9.625397 8.030326 9.579779 9.207896 8.644043 9.839784 8.587593 9.78221 9.371132 8.770091 11.55573 13.97503 14.58646 9.082535 10.50662 18.27581 9.987224 9.507354 8.878829 9.471368 9.875486 10.20405 9.58917 10.66785 9.178267 9.354382 10.14735
15.12101 13.46894 15.9204 9.706841 9.096215 11.34951 10.87103 8.719039 9.498146 8.304049 9.433289 10.18878 9.801365 10.90798 9.331376 11.78248 9.632035 10.72401 10.30003 9.667783 9.787218 9.743171 10.53028 9.025137 8.046736 8.80442 9.583193 8.341597 8.827741 8.882384 9.981932 10.9213 9.443505 8.324927 9.19073 11.12615 11.50844 7.863194 9.50885 8.601251 10.42994 8.876529 8.856014 8.94202 10.95715 9.371788 9.337496 8.906301 8.877851 13.84489 9.995449 12.86664 17.78303 10.71576 10.15195 10.80608 9.997041 8.985806 9.765335 10.12212 9.643347 12.87866 9.131839 9.973578 8.721084
11.75498 12.76889 16.1166 9.161572 11.29158 9.445143 9.4024 10.25762 8.636346 8.92795 8.270131 9.236909 10.76033 9.640472 9.249213 12.44464 9.783822 10.46025 10.18595 9.602697 9.244855 9.518202 8.479796 8.732945 8.225091 8.793397 8.317989 8.816055 8.228223 9.167596 8.413178 8.946702 9.023556 8.463725 8.896152 12.5513 9.066812 8.226389 8.790971 7.960632 11.20163 8.517344 10.00491 8.924929 9.928805 11.84795 9.367833 12.43872 12.43003 11.28898 9.615181 9.204327 12.30872 17.54149 17.43663 11.88638 9.468888 10.25903 8.791348 9.415303 9.47991 9.173321 12.29526 9.359476 8.879654
10.31103 10.75317 16.83682 12.12256 9.600497 9.215947 11.68879 9.84322 9.897469 8.533422 9.504047 8.167207 8.561828 9.7041 9.183926 11.11442 9.566914 10.30923 9.976463 11.76215 10.90267 9.832806 9.100271 8.286172 8.728047 8.911032 9.323129 8.542524 8.404378 8.851018 10.44093 9.135011 10.72015 8.986957 9.031831 13.58808 8.15067 8.784731 8.368207 9.375234 11.74265 9.677667 8.955413 8.746528 8.52548 8.549729 11.91912 9.145682 9.527108 9.244855 9.261994 12.91183 9.117246 8.755144 9.474792 17.55473 9.718603 11.73303 10.05663 8.91014 10.19179 10.15703 13.9763 9.856743 9.160418
10.25468 11.85329 17.80336 12.10111 11.1261 10.9833 9.880332 12.03063 10.78026 10.45219 8.522306 8.332162 9.284123 8.443317 9.474792 10.58468 10.09456 9.819292 9.661411 13.7202 10.38575 9.653403 9.362077 8.46368 8.875525 9.385474 10.00808 8.309915 8.570526 8.579055 9.010964 11.50356 9.893096 11.53974 8.592299 13.27285 8.968287 8.466276 8.478336 8.827769 9.112372 11.74511 8.342001 8.177402 8.546418 9.727526 8.760423 9.489998 9.529575 9.452138 10.99584 9.049425 9.864821 8.65309 9.927741 11.75509 17.52357 9.764975 9.212897 9.514651 10.79479 9.36917 9.965137 12.49352 12.76288
