outputallcorrectTI_nofloodareas_nofloodcontrols_BK50/flood.asc
ncols         319
nrows         495
xllcorner     219017.22331753
yllcorner     4610852.5305323
cellsize      500.0
NODATA_value  -9999
[rows 156 to 181 of 495, columns 180 to 239 of 319]
8.78767E-2 9.00753E-2 2.71558E-1 9.79497E-2 2.08862E-2 6.90885E-2 5.20592E-2 1.73722E-2 2.93813E-2 6.87625E-3 6.79501E-2 6.16287E-3 2.08398E-3 1.93984E-2 2.18863E-2 3.02593E-1 8.46278E-2 8.67731E-2 3.51167E-2 5.53173E-2 2.48298E0 1.9385E0 1.53616E-1 5.64313E-2 4.73608E-2 5.50516E-2 6.10855E-2 6.71173E-2 5.22727E-2 2.19138E-2 2.02923E-3 6.79462E-2 9.65314E-2 7.62781E-2 2.94122E-3 1.95699E-2 8.35552E-2 1.13429E-2 8.18614E-2 8.07727E-2 5.15942E-2 1.89228E-4 2.90422E-3 9.19376E-3 -9999 -9999 -9999 -9999 -9999 -9999 -9999 -9999 -9999 -9999 -9999 -9999 -9999 -9999 -9999 -9999
3.72251E-1 5.36575E-3 1.67323E-2 6.02365E-2 2.39814E-2 2.51257E-2 3.62689E-2 2.82031E-2 8.86708E-3 7.96339E-2 3.92915E-3 4.56877E-3 1.55561E-2 5.50023E-2 1.75821E-1 3.54204E-2 2.70793E-1 8.72769E-3 8.57405E-2 2.47382E-2 2.2479E0 1.04417E0 7.72023E-2 1.16228E-1 4.38162E-2 2.99384E-3 6.6147E-3 8.92029E-3 5.73649E-2 3.37101E-2 1.87068E-2 1.37674E-3 5.04178E-3 1.32554E-1 5.71286E-3 1.31636E-1 2.53189E-2 2.66628E-2 9.90007E-3 1.0477E-3 5.22987E-3 1.9973E-2 2.90116E-4 3.79825E-3 2.7372E-3 -9999 -9999 -9999 -9999 -9999 -9999 -9999 -9999 -9999 -9999 -9999 -9999 -9999 -9999 -9999
8.88663E-2 1.5238E-1 5.94891E-2 2.46748E-2 8.10024E-2 2.84515E-2 1.38421E-1 6.98494E-2 5.88563E-2 8.68536E-2 3.40645E-3 5.16958E-2 1.25342E-2 1.43416E-1 8.34996E-3 2.70008E-2 1.0858E-1 1.07776E-1 6.56893E-3 2.68218E-2 2.2593E0 4.21824E-1 1.65105E0 9.834E-2 2.78206E-3 1.51964E-2 1.38186E-1 6.40706E-2 3.31126E-3 5.32463E-3 2.30903E-2 4.8518E-3 5.88179E-3 9.11961E-2 8.05719E-2 6.01628E-3 6.93127E-2 7.08761E-3 1.82572E-3 9.49012E-4 2.13874E-3 2.28531E-4 1.30462E-3 1.79191E-3 9.34719E-5 -9999 -9999 -9999 -9999 -9999 -9999 -9999 -9999 -9999 -9999 -9999 -9999 -9999 -9999 -9999
5.01273E-2 4.37818E-3 5.52391E-2 9.48152E-2 3.30074E-3 1.25323E-2 5.73563E-2 8.69714E-2 3.41523E-2 2.52344E-2 5.67022E-3 2.35888E-2 4.25536E-2 2.67629E-2 6.61754E-3 2.04149E-2 6.54613E-3 1.06652E-1 7.84199E-3 2.959E-2 4.35388E0 1.63149E0 7.82703E-2 2.01122E-1 7.38339E-2 6.84722E-2 1.0185E-2 1.35732E-3 2.50426E-2 2.50554E-4 2.88139E-3 4.04313E-2 8.23023E-2 3.43562E-3 1.30206E-3 7.51609E-3 3.75353E-2 1.1342E-1 4.89918E-3 2.03086E-3 9.15026E-4 4.89478E-4 1.83087E-2 8.28646E-3 3.15229E-2 7.62853E-2 -9999 -9999 -9999 -9999 -9999 -9999 -9999 -9999 -9999 -9999 -9999 -9999 -9999 -9999
2.50795E-2 2.08404E-3 8.4316E-3 6.54746E-2 1.08793E-2 2.18971E-2 8.51285E-3 2.65792E-2 2.16559E-2 5.37594E-2 1.24725E-2 2.81434E-2 4.98956E-2 4.52324E-2 3.64981E-2 5.18217E-2 1.76736E-1 2.31839E-1 1.12461E1 1.021E1 1.93453E0 9.54111E-2 1.94374E-1 1.2389E-1 1.99701E-3 9.45891E-4 1.52862E-3 4.5707E-3 2.75946E-2 1.87007E-2 3.23278E-3 2.85326E-2 2.54494E-3 5.17896E-2 3.09665E-4 5.63323E-3 6.19375E-4 1.06162E-1 1.81948E-2 3.9597E-2 3.12208E-2 9.14686E-4 1.21221E-2 3.20534E-3 5.95506E-3 6.59415E-3 1.04499E-2 -9999 -9999 -9999 -9999 -9999 -9999 -9999 -9999 -9999 -9999 -9999 -9999 -9999
2.11939E-2 6.26962E-2 4.16841E-2 1.00534E-1 2.1414E-1 5.4051E-3 1.06278E-1 2.04843E-2 2.08474E-2 3.79108E-2 5.76794E-2 6.1215E-3 1.0658E-1 1.14834E-2 4.13137E-3 1.37644E-2 1.29213E-1 6.44246E-1 6.18055E-2 5.81927E-2 5.98208E-2 1.99776E0 1.04166E-1 1.81848E-2 2.41042E-2 9.85111E-3 6.84802E-3 2.8638E-2 4.50178E-3 4.69032E-3 1.62328E-3 5.50497E-2 3.18678E-3 3.40526E-2 1.36601E-4 8.61331E-4 1.69179E-6 4.58572E-4 7.05037E-2 3.69555E-3 5.69485E-3 1.07438E-2 2.82663E-4 5.90837E-4 5.04469E-4 3.43174E-4 1.66311E-3 -9999 -9999 -9999 -9999 -9999 -9999 -9999 -9999 -9999 -9999 -9999 -9999 -9999
3.29027E-2 5.18229E-3 4.59574E-3 9.81612E-3 1.03734E-1 1.4669E-1 2.42388E-2 2.29206E-2 2.19562E-2 2.04006E-1 9.67799E-2 2.76774E-2 6.04434E-3 5.70935E-3 5.88466E-3 1.4063E-2 1.25945E-1 2.85206E0 6.58933E-2 6.61989E-2 5.98573E-2 6.70041E-2 1.54861E-1 2.37902E-2 2.00729E-3 3.22597E-3 4.13522E-3 1.14306E-2 2.8363E-2 1.7338E-2 1.48181E-3 4.83688E-3 5.4725E-3 1.52532E-2 4.20687E-3 3.47353E-4 1.33747E-3 8.32496E-3 5.10724E-2 5.52215E-3 5.8231E-2 1.02301E-2 2.24671E-4 4.48451E-3 4.11305E-4 1.72651E-4 2.92319E-4 -9999 -9999 -9999 -9999 -9999 -9999 -9999 -9999 -9999 -9999 -9999 -9999 -9999
1.64631E-2 1.36374E-1 5.74775E-2 1.23004E-2 1.03312E-1 1.47418E-1 2.17741E-3 3.93621E-3 2.39352E-1 1.09859E-1 3.91507E-3 3.86805E-2 9.963E-2 4.20359E-2 5.32597E-3 4.31852E-3 9.32506E-3 2.15531E-1 1.01488E0 2.4729E-2 1.2507E-1 7.36078E-2 4.17433E-2 5.4853E-3 2.61931E-2 3.18382E-3 1.7271E-2 9.45668E-2 8.90816E-3 2.54129E-3 2.57604E-2 7.64005E-3 2.91442E-2 5.72452E-3 6.37194E-4 1.84381E-4 1.81468E-2 1.36432E-4 2.79893E-3 9.12361E-2 1.13967E-3 7.34255E-4 2.74103E-3 8.93744E-4 5.31972E-3 5.71965E-3 2.17424E-3 -9999 -9999 -9999 -9999 -9999 -9999 -9999 -9999 -9999 -9999 -9999 -9999 -9999
2.66318E-2 1.27214E-1 8.02233E-3 6.10475E-3 4.42362E-1 9.37596E-2 3.65912E-2 1.06694E-2 9.34681E-2 2.00378E-3 2.39456E-2 2.5414E-2 5.38448E-3 6.95106E-2 1.02991E-1 1.99202E-1 3.29944E-2 7.14854E-2 1.7246E1 1.03782E-1 7.48634E-2 8.02841E-2 3.8378E-2 1.56921E-1 2.29284E-3 7.91564E-3 1.14084E-1 8.78083E-2 3.0969E-3 4.17858E-3 1.16171E-2 1.07528E-2 1.69311E-2 6.44343E-2 4.13824E-2 1.07595E-2 2.06296E-3 8.22809E-4 9.24149E-3 5.91797E-2 1.03844E-2 2.10462E-3 2.58083E-3 8.60443E-3 9.70571E-2 1.088E-1 5.25669E-2 2.50911E-2 -9999 -9999 -9999 -9999 -9999 -9999 -9999 -9999 -9999 -9999 -9999 -9999
3.38731E-2 3.866E-1 3.42991E-2 1.4756E0 1.1791E-2 5.43948E-3 2.11763E-1 1.08984E-1 1.08165E-2 8.7668E-2 3.08078E-2 5.52432E-3 4.7832E-2 4.91315E-2 8.67698E-4 6.21058E-3 7.50114E-1 1.88444E-1 1.71351E1 1.09124E-2 3.73673E-2 1.25556E-1 3.88299E-2 1.92387E-1 2.52981E-3 6.442E-3 9.80665E-2 4.93365E-3 5.64926E-3 1.13188E-2 2.9392E-2 8.37484E-2 8.48174E-2 1.03245E-1 1.21671E-2 1.02196E-2 5.67331E-3 1.10304E-4 1.38991E-5 2.91832E-2 8.61034E-4 2.84562E-2 5.64971E-3 4.66113E-2 2.12779E-2 1.85458E-4 5.16808E-3 6.95724E-3 -9999 -9999 -9999 -9999 -9999 -9999 -9999 -9999 -9999 -9999 -9999 -9999
6.66845E-2 1.67241E-1 1.70176E0 3.92021E-2 4.68397E-3 2.03352E-2 5.89602E-3 6.10414E-3 3.17085E-3 2.89612E-3 2.72613E-2 5.52802E-4 6.63068E-3 6.15038E-3 7.21631E-3 1.21195E-2 3.27546E-2 2.13516E0 7.76117E0 2.69594E-2 5.16879E-2 3.99106E0 1.09611E-1 8.23242E-1 1.06606E-1 9.54758E-2 3.96455E-3 3.19147E-3 3.07065E-3 1.97867E-1 1.13427E-1 8.35535E-2 1.70308E-2 7.74225E-2 5.34966E-3 2.72488E-4 4.28092E-4 1.3249E-3 2.14003E-3 7.23998E-3 3.59537E-3 4.48149E-3 6.4652E-2 5.63199E-4 9.31324E-3 2.81672E-4 1.42484E-3 3.4132E-3 -9999 -9999 -9999 -9999 -9999 -9999 -9999 -9999 -9999 -9999 -9999 -9999
2.55797E-1 1.04705E0 1.23984E1 5.1117E0 1.04662E-1 6.4098E-3 7.69612E-3 5.36359E-3 2.3759E-2 2.98528E-3 3.54697E-2 2.10544E-3 5.74997E-3 4.2592E-2 2.74009E-2 1.64454E-1 1.87848E0 1.52903E1 1.36695E1 2.7027E-2 6.6951E0 3.83367E-2 2.42298E-3 1.90041E-3 6.90713E-1 2.1132E-1 8.88475E-2 2.12633E-1 9.04998E-2 8.29636E-3 6.5567E-3 1.12724E-3 1.99953E-3 7.70174E-2 9.07794E-3 7.26558E-3 7.33968E-3 1.02786E-3 2.46263E-4 3.20408E-4 3.25486E-3 2.34463E-2 5.05223E-2 9.22688E-4 6.94677E-3 4.90213E-3 1.23722E-3 2.93643E-3 -9999 -9999 -9999 -9999 -9999 -9999 -9999 -9999 -9999 -9999 -9999 -9999
5.55956E1 1.18626E1 6.6267E0 6.52049E0 6.04513E-2 9.00359E-3 7.91837E-2 6.30057E-2 1.1632E-2 8.70364E-3 5.98847E-2 2.81939E-2 5.5702E-2 6.44926E-2 3.96694E-2 4.08561E-4 2.70416E-3 1.68738E-1 1.1329E1 3.91179E0 3.63717E0 1.44148E-2 1.8352E-3 3.52039E-3 4.89538E-2 3.02699E-2 8.8668E-2 1.96111E-3 8.46076E-4 5.71241E-4 1.43703E-3 1.75472E-2 4.24298E-3 8.45917E-2 7.30651E-3 4.34487E-3 6.10976E-4 6.08124E-2 2.30727E-3 1.41366E-3 1.06762E-2 6.63286E-2 4.84576E-4 9.77246E-4 1.36041E-3 1.4736E-3 1.51418E-2 6.31237E-2 -9999 -9999 -9999 -9999 -9999 -9999 -9999 -9999 -9999 -9999 -9999 -9999
5.54194E-1 1.98864E-2 1.12292E-1 1.00038E-1 9.1996E-2 1.24986E-1 1.01113E-2 4.0756E-3 4.1463E-3 4.99139E-2 5.00215E-3 2.20708E-2 6.21195E-3 9.50424E-2 1.49973E-2 4.27786E-3 5.14526E-2 5.17142E0 2.96734E1 2.81103E-2 2.19688E-2 9.69619E-3 1.69655E-3 3.09931E-3 3.57677E-2 1.74493E-2 9.04981E-2 1.79308E-3 2.63114E-3 6.24455E-3 6.00682E-3 6.20279E-3 6.31279E-3 9.08892E-2 2.47154E-2 4.49407E-3 1.10487E-2 1.61983E-2 8.52987E-3 2.30026E-2 3.02678E-2 3.31225E-2 1.53657E-3 4.96133E-3 9.73937E-4 6.1201E-4 2.33178E-4 5.29425E-3 -9999 -9999 -9999 -9999 -9999 -9999 -9999 -9999 -9999 -9999 -9999 -9999
1.24669E-2 8.51348E-2 8.29388E-2 1.80131E-2 5.52309E-2 8.95451E-2 5.40894E-2 7.69072E-2 2.46184E-2 9.34947E-3 5.5111E-2 2.16678E-3 1.18324E-2 3.91879E-3 3.07854E-2 9.25475E-3 3.48731E-2 4.38912E0 1.07916E1 1.12578E-1 7.85512E-2 4.03381E-3 2.94033E-3 5.05556E-3 2.50378E-2 4.18223E-3 1.16327E-1 3.91672E-2 2.41509E-3 1.06878E-2 9.90969E-2 5.60689E-2 3.77987E-2 9.48859E-2 3.97626E-4 7.41113E-3 2.84313E-2 5.58279E-2 1.98108E-3 3.75513E-4 1.4894E-2 3.158E-3 1.62317E-2 1.17221E-3 4.9412E-3 1.12738E-2 5.76786E-3 2.76151E-3 -9999 -9999 -9999 -9999 -9999 -9999 -9999 -9999 -9999 -9999 -9999 -9999
1.77438E-4 6.75927E-3 5.05698E-3 4.97965E-3 8.1667E-2 4.05243E-2 1.82667E-1 2.90747E-2 6.36744E-3 2.60432E-2 1.06848E-1 1.17464E-1 5.95824E-2 3.01572E-2 1.06693E-2 3.01374E-3 5.13919E-3 1.827E0 4.37505E1 8.87244E-2 6.01199E-2 2.75131E-2 2.91608E-2 2.46203E-3 1.20551E-3 1.7789E-2 7.18823E-3 1.25454E-1 9.1837E-2 8.73337E-2 3.12577E-3 1.9426E-2 8.63873E-2 9.25686E-2 6.20639E-3 4.14481E-4 1.39599E-2 1.69029E-2 9.65824E-4 2.76607E-2 5.2397E-3 3.03179E-3 4.12856E-2 3.33676E-2 4.6719E-2 8.27214E-2 1.34301E-1 1.25536E-1 2.14243E-2 -9999 -9999 -9999 -9999 -9999 -9999 -9999 -9999 -9999 -9999 -9999
2.73297E-4 5.36919E-3 2.00839E-4 4.66253E-3 7.4925E-3 9.33883E-2 1.76135E-3 1.02144E-1 1.89796E-2 1.49177E-1 2.7014E-2 2.6566E-2 1.25687E-1 1.37781E-1 4.70778E-2 7.54482E-3 3.80983E-3 6.05892E0 4.22783E-1 2.14835E-2 8.71099E-3 3.9237E-4 1.46876E-3 2.27292E-2 3.63922E-4 5.51332E-3 3.68086E-2 4.01672E-3 7.66099E-2 2.51493E-3 6.16125E-2 8.98497E-2 8.5643E-2 1.27915E-1 9.7697E-4 7.14826E-3 1.25738E-2 3.43133E-2 1.54805E-2 2.19954E-3 5.30685E-2 7.68962E-4 5.43049E-3 1.31783E-2 2.13436E-3 8.35714E-4 3.72464E-4 3.54998E-4 1.13793E-1 -9999 -9999 -9999 -9999 -9999 -9999 -9999 -9999 -9999 -9999 -9999
2.19505E-3 3.10595E-3 2.30238E-4 3.20245E-3 2.83612E-3 9.2152E-3 1.06477E-1 4.10635E-3 4.71406E-2 2.32288E-2 7.86621E-2 1.36679E-2 2.43036E-2 7.55161E-3 4.55481E-1 3.39839E0 1.29592E1 8.77694E1 9.75829E0 3.11881E-1 2.25226E-2 8.15415E-3 2.00684E-3 2.29307E-3 1.27654E-2 1.70689E-2 1.37904E-2 1.22145E-1 1.07221E-1 4.61964E-3 4.46411E-3 3.97758E-3 1.40212E-1 8.83459E-2 9.23642E-2 9.08682E-3 1.66014E-2 4.21075E-2 1.95096E-2 2.45566E-3 6.74993E-2 2.73186E-3 2.85068E-2 9.10486E-4 3.39361E-3 3.94739E-3 7.68466E-3 1.50808E-3 1.20356E-2 -9999 -9999 -9999 -9999 -9999 -9999 -9999 -9999 -9999 -9999 -9999
4.09684E-2 1.7938E-2 5.29954E-2 2.83736E-4 3.88722E-3 8.5122E-5 3.08672E-2 1.53814E-2 3.30188E-2 4.95838E-2 7.12872E-3 2.20238E-2 9.49854E-3 7.10319E-4 1.87775E-3 2.3214E-3 7.11536E-3 8.75152E1 4.99307E0 4.04417E-2 6.02353E-3 3.61774E-4 1.58314E-2 4.80752E-2 3.21501E-3 1.23439E-2 3.56486E-2 8.03236E-2 6.36396E-2 6.35108E-3 2.71012E-2 6.48812E-3 7.7432E-2 1.52752E-1 1.71941E-1 4.37099E-2 2.08646E-2 5.50574E-2 5.77897E-2 3.41541E-3 8.1155E-2 2.1862E-3 5.51785E-2 5.63069E-2 7.36461E-3 8.85601E-3 1.44167E-4 7.30673E-3 1.31118E-1 -9999 -9999 -9999 -9999 -9999 -9999 -9999 -9999 -9999 -9999 -9999
2.33926E-2 4.0047E-2 2.16195E-2 2.23902E-2 3.24599E-3 1.87138E-2 1.31034E-4 3.43015E-3 8.77685E-3 1.12112E-1 2.40194E-2 2.80622E-2 1.94418E-2 7.87681E-2 3.17601E-2 3.46184E-2 1.09826E0 2.06936E1 8.28351E0 4.35727E-2 1.17456E-2 5.0922E-4 1.61926E-2 6.76212E-2 2.18544E-2 1.49099E-2 5.5174E-2 2.83671E-2 6.27649E-2 1.27184E-1 1.69939E-2 4.68673E-3 2.59111E-2 1.29749E-1 3.37257E-1 1.98146E-1 1.65312E-1 2.52663E-2 6.74565E-2 5.17579E-3 1.09319E-1 1.53957E-3 1.15003E-2 9.38358E-3 8.2158E-2 9.52265E-2 2.96897E-3 7.79018E-2 1.36804E-2 -9999 -9999 -9999 -9999 -9999 -9999 -9999 -9999 -9999 -9999 -9999
5.96106E-4 3.73955E-2 2.1172E-2 8.04748E-2 7.49497E-2 2.48886E-3 1.03224E-2 1.51792E-2 6.99011E-2 1.07443E-1 7.45361E-3 1.10882E-1 8.04359E-3 4.29065E-3 6.75799E-3 3.99047E-3 8.22767E1 2.02291E-2 4.40878E-3 1.66442E-1 2.85849E-2 2.56972E-2 8.71193E-2 5.71348E-2 2.15533E-2 4.64868E-3 5.75743E-3 2.238E-1 6.80333E-2 5.58592E-3 1.1061E-2 5.29629E-3 1.97479E-3 2.18725E-2 2.48232E-1 7.31986E-2 1.39837E-1 3.36743E-3 7.365E-2 4.55305E-3 7.43154E-2 1.2631E-2 1.71902E-3 1.19595E-2 2.66837E-3 3.86895E-3 7.76526E-2 3.47427E-2 1.49109E-3 -9999 -9999 -9999 -9999 -9999 -9999 -9999 -9999 -9999 -9999 -9999
8.06413E-3 1.3305E-2 2.04544E-2 1.14177E-1 2.65496E-2 5.24044E-2 3.18433E-2 2.20095E-2 3.71717E-3 3.32039E-2 1.04941E-1 5.75728E-2 1.05438E-2 1.10256E-2 4.21541E-1 5.51032E0 4.50078E1 1.14254E-2 2.76232E-2 1.97846E-2 1.50459E-2 5.54724E-4 1.38394E-2 2.21689E-2 7.67433E-2 4.67633E-3 3.83237E-2 9.97734E-2 2.08527E-1 5.61062E-3 7.3463E-3 2.7266E-2 7.68793E-2 4.52566E-3 2.34271E-1 2.28282E-1 1.07451E-1 2.99568E-3 2.49936E-2 3.41235E-2 8.06695E-2 7.93431E-2 8.39815E-3 1.65315E-3 5.05511E-4 3.25647E-3 1.04088E-1 5.9713E-3 1.42577E-3 -9999 -9999 -9999 -9999 -9999 -9999 -9999 -9999 -9999 -9999 -9999
5.01259E-3 7.38608E-2 3.75223E-2 7.18043E-2 2.01596E-2 2.64575E-4 3.92463E-5 4.81287E-4 7.86E-3 2.32974E-2 9.36219E-2 1.23238E-1 4.75979E-1 5.55268E-2 7.98334E-4 6.37723E-3 2.71903E1 2.00789E-1 1.14894E-2 4.2822E-2 9.80207E-3 2.56995E-2 1.00146E-2 2.60608E-3 3.24742E-2 2.04407E-2 1.85343E-3 3.52968E-2 9.50013E-2 2.60458E-2 8.62318E-2 4.54785E-3 9.5932E-3 5.32984E-2 2.35098E-1 9.39346E-2 1.20913E-1 2.7659E-3 7.01348E-3 8.39385E-3 8.91309E-2 1.72686E-2 6.45398E-2 3.70746E-3 1.37687E-2 5.84615E-2 6.943E-3 1.31234E-3 2.26404E-3 -9999 -9999 -9999 -9999 -9999 -9999 -9999 -9999 -9999 -9999 -9999
1.0215E-2 3.42394E-4 1.30541E-2 2.15459E-2 7.3496E-2 2.67245E-2 4.922E-2 3.71261E-2 4.34906E-2 4.57435E-2 5.44239E-2 5.07284E-2 8.85705E-3 2.77886E-3 5.22218E-3 2.20911E-1 2.60926E1 5.89952E-3 1.79589E-2 7.08263E-3 1.21255E-1 7.16333E-3 7.70996E-4 2.53976E-3 6.13317E-2 1.01589E-1 1.00255E-1 3.24054E-2 9.1954E-2 1.26747E-1 2.14886E-2 2.46933E-2 7.22436E-2 1.05137E-1 2.44571E-1 1.33916E-1 5.66639E-2 1.80917E-2 4.26503E-3 1.07757E-2 8.94407E-2 5.28044E-2 6.58608E-2 6.78322E-2 1.07318E-1 4.06694E-3 4.66489E-4 4.90494E-4 -9999 -9999 -9999 -9999 -9999 -9999 -9999 -9999 -9999 -9999 -9999 -9999
4.67504E-3 9.6775E-3 2.78432E-2 3.69445E-2 1.77788E-2 5.23404E-2 2.39059E-4 3.46365E-4 1.6929E-3 6.10934E-3 1.93977E-2 2.04382E-3 1.02758E-2 6.04661E-3 1.72105E-3 2.27561E-1 4.55589E1 6.25196E-3 6.5468E-3 6.56662E-3 1.60924E0 6.74657E-4 3.19887E-2 2.61596E-2 1.94534E-2 1.76036E-2 1.69406E-3 6.20324E-3 1.32355E-1 1.99121E-1 9.40252E-2 2.65943E-2 1.42509E-2 1.33819E-2 2.44733E-1 3.09867E-1 7.42796E-2 3.10625E-2 3.04728E-3 2.87808E-3 9.65798E-2 1.03242E-1 1.04475E-1 7.17635E-2 6.07102E-2 7.73386E-3 6.97831E-5 4.16523E-4 1.50298E-2 -9999 -9999 -9999 -9999 -9999 -9999 -9999 -9999 -9999 -9999 -9999
2.18474E-2 2.25444E-4 1.12897E-2 4.49614E-2 1.10845E-2 1.45321E-2 2.10286E-2 2.36051E-3 7.00129E-3 5.62245E-3 2.80879E-2 6.45496E-3 9.06943E-3 3.21921E-2 3.40166E-2 8.86845E-1 5.00989E1 1.39186E-1 6.25686E-3 6.06402E-2 1.45158E0 2.44611E-2 3.63056E-4 1.26068E-2 8.03239E-2 7.3664E-3 1.73697E-2 2.05911E-3 2.71025E-2 1.05865E-1 2.80098E-2 3.13542E-2 1.02029E-1 7.26322E-2 2.4513E-1 3.06555E-1 1.15894E-1 8.93392E-2 7.64191E-3 3.08794E-3 2.32559E-2 1.17788E-1 6.68348E-2 7.19906E-2 6.69996E-2 5.26183E-2 2.52903E-2 6.19724E-3 9.57603E-4 -9999 -9999 -9999 -9999 -9999 -9999 -9999 -9999 -9999 -9999 -9999
