outputallcorrectTI_nofloodareas_nofloodcontrols_BK50/flood.asc
ncols         319
nrows         495
xllcorner     219017.22331753
yllcorner     4610852.5305323
cellsize      500.0
NODATA_value  -9999
[rows 234 to 259 of 495, columns 240 to 299 of 319]
1.69731E-3 2.93491E-2 3.62465E-3 1.44578E-3 3.83427E-2 1.74798E-2 3.64665E-2 5.50924E-2 3.27092E-3 2.80319E-3 4.03192E-2 2.8841E-2 2.23469E-1 2.73888E-2 8.9001E-2 8.60383E-3 5.87868E-4 2.22389E-4 3.2502E-4 1.6218E-2 3.69745E-3 8.66969E-2 1.87191E-2 4.70369E-2 1.45329E-2 1.39625E-2 1.84971E-1 2.78546E-1 2.51937E-1 3.2241E-1 3.06538E-1 2.80059E-1 2.61348E-1 1.94071E-1 1.31778E-1 3.23795E-2 3.15873E-2 1.2258E-2 6.63146E-4 4.45141E-3 5.12826E-3 9.17949E-3 1.20651E-2 5.68963E-2 1.20336E-2 2.84823E-2 2.27045E-3 5.62983E-3 -9999 -9999 -9999 -9999 -9999 -9999 -9999 -9999 -9999 -9999 -9999 -9999
1.49254E-2 1.98478E-3 2.73949E-2 1.69812E-3 3.94525E-2 1.54438E-2 3.09444E-2 1.42058E-1 4.60451E-2 5.04902E-2 1.86285E-1 5.75777E-2 2.10762E-1 9.32509E-2 2.12963E-3 8.03877E-4 3.8186E-4 1.95047E-4 1.00723E-2 1.37502E-2 2.43367E-2 2.26259E-2 1.5681E-2 1.15508E-1 1.35328E-1 1.49151E-1 1.94153E-1 3.0724E-1 2.74128E-1 2.0243E-1 1.60581E-1 1.6988E-1 2.6295E-1 2.30186E-1 1.71029E-1 9.03173E-2 1.17145E-2 2.21695E-2 1.1315E-3 1.02681E-2 3.73822E-2 1.66161E-3 3.077E-2 6.722E-2 6.03222E-2 1.07254E-2 5.66922E-3 1.71659E-2 -9999 -9999 -9999 -9999 -9999 -9999 -9999 -9999 -9999 -9999 -9999 -9999
1.41506E-2 1.19382E-2 2.90769E-2 1.0222E-3 1.76583E-3 6.5249E-2 1.96763E-1 2.09657E-1 2.10626E-1 1.81071E-1 6.09893E-2 2.06171E-1 3.04119E-2 1.87011E-1 1.17767E-2 8.08089E-3 3.2016E-2 2.58993E-2 2.19982E-2 3.63783E-2 6.18476E-2 1.9108E-2 4.16951E-2 2.24166E-2 1.85666E-1 2.41699E-1 2.93667E-1 3.244E-1 2.65129E-1 1.47292E-1 1.74121E-1 2.69775E-1 2.80728E-1 2.34692E-1 1.76211E-1 3.34777E-2 1.15669E-2 7.05285E-4 3.49824E-3 2.23482E-4 4.70848E-3 6.49597E-2 5.57557E-2 4.68353E-2 1.00442E-1 1.01309E-2 2.51619E-3 7.52208E-3 -9999 -9999 -9999 -9999 -9999 -9999 -9999 -9999 -9999 -9999 -9999 -9999
7.15316E-3 7.65871E-3 1.7832E-3 1.21603E-1 1.82067E-1 2.99532E-1 2.75384E-1 1.19156E-1 2.26995E-1 2.16371E-1 1.75441E-1 5.2125E-2 7.43058E-2 2.18549E-1 1.1408E-1 9.24173E-2 3.23981E-4 1.95277E-4 1.02888E-2 1.1343E-2 2.63263E-2 1.80991E-2 1.09686E-1 1.82117E-1 2.7515E-2 2.36656E-1 3.44183E-1 3.15891E-1 2.22556E-1 1.13545E-1 3.23653E-1 2.15757E-1 3.27413E-1 2.57662E-1 1.44881E-1 8.87721E-2 1.42963E-2 7.34348E-4 3.79716E-3 9.0892E-3 7.90175E-3 3.58639E-3 2.95038E-3 7.63216E-2 1.00556E-1 2.48639E-3 3.5157E-3 3.58451E-2 -9999 -9999 -9999 -9999 -9999 -9999 -9999 -9999 -9999 -9999 -9999 -9999
1.29802E-1 1.48649E-1 1.30923E-1 1.04858E-1 4.84074E-2 2.56317E-4 2.60106E-4 6.39332E-3 1.13786E-1 1.07597E-1 1.33498E-1 7.42213E-2 2.76017E-1 1.64239E-1 5.88647E-2 1.88013E-1 1.01501E-2 4.16035E-3 2.20131E-2 2.26085E-2 1.49972E-2 2.16574E-2 7.10749E-2 1.09116E-1 2.36063E-2 1.88143E-1 3.56802E-1 3.1601E-1 1.87429E-1 1.8744E-2 4.047E-2 8.1228E-2 1.87329E-1 2.62186E-1 1.27412E-1 3.93876E-2 4.4516E-3 4.21495E-3 6.34773E-3 2.79618E-2 1.8186E-3 3.22653E-2 2.98417E-3 7.33422E-2 8.38004E-2 1.14166E-2 4.07841E-2 -9999 -9999 -9999 -9999 -9999 -9999 -9999 -9999 -9999 -9999 -9999 -9999 -9999
5.31721E-3 5.33661E-3 5.79464E-3 3.75603E-2 9.92003E-3 5.94582E-4 1.6594E-4 1.61747E-3 1.10235E-1 3.13377E-1 2.38858E-1 2.48301E-1 2.35919E-1 1.52271E-1 7.81879E-2 2.11844E-1 2.48446E-2 7.70923E-3 1.05681E-2 2.16411E-2 1.13815E-2 5.84186E-2 1.66048E-2 2.31289E-2 9.99801E-2 1.34237E-1 3.53967E-1 2.29202E-1 1.46847E-1 1.46534E-2 1.7219E-2 1.99154E-2 1.54703E-1 2.79169E-1 4.05629E-2 1.56895E-2 7.34165E-2 2.78176E-3 8.06914E-3 3.87737E-2 1.81543E-3 4.18156E-2 2.32675E-3 9.47552E-2 4.98391E-3 3.17535E-2 3.38921E-3 -9999 -9999 -9999 -9999 -9999 -9999 -9999 -9999 -9999 -9999 -9999 -9999 -9999
7.79824E-4 7.22262E-4 9.45533E-4 4.28972E-2 7.86589E-3 2.13913E-2 1.90656E-2 9.31877E-3 8.9266E-2 2.78161E-1 2.35925E-1 1.72048E-1 2.25609E-1 1.99426E-1 2.03235E-1 2.30395E-1 1.50312E-1 4.15447E-2 9.56069E-3 2.78826E-2 1.06331E-2 2.09529E-2 3.40695E-2 7.90083E-2 1.47945E-2 1.04616E-1 2.40469E-1 1.52451E-1 5.20611E-2 2.21631E-2 2.56765E-2 3.7814E-3 1.49933E-1 2.09714E-1 2.33224E-2 1.97974E-2 1.56904E-2 9.11328E-4 7.92357E-3 9.23957E-3 6.1269E-2 5.52467E-2 3.56221E-3 1.17684E-1 5.26079E-3 5.46117E-2 2.09791E-3 -9999 -9999 -9999 -9999 -9999 -9999 -9999 -9999 -9999 -9999 -9999 -9999 -9999
5.64866E-3 2.38931E-2 1.60495E-1 5.82382E-3 2.55493E-2 7.39138E-2 1.96235E-2 1.22488E-2 1.10525E-1 2.41376E-1 2.30864E-1 6.61217E-2 1.56555E-1 5.14351E-3 2.61468E-2 1.42493E-1 1.95471E-1 1.18597E-1 2.53989E-2 1.04258E-2 7.31298E-2 3.51778E-2 5.93285E-2 5.10614E-2 2.09459E-2 9.76014E-2 1.39658E-1 1.43755E-1 1.80602E-1 3.47684E-3 3.85141E-2 9.22894E-2 2.18762E-1 1.53408E-1 1.18273E-3 2.89957E-3 4.16592E-3 2.48496E-2 1.44166E-2 3.25058E-2 4.05896E-2 9.51886E-2 1.03965E-1 6.32862E-3 3.248E-3 4.30359E-2 2.1021E-3 -9999 -9999 -9999 -9999 -9999 -9999 -9999 -9999 -9999 -9999 -9999 -9999 -9999
5.06274E-2 2.72235E-2 1.77557E-2 1.53438E-1 1.38731E-1 6.00167E-2 1.51125E-2 4.70102E-5 2.04452E-3 1.57383E-1 2.72538E-1 2.25589E-1 2.27181E-2 1.36324E-1 1.5658E-2 5.65501E-3 1.05869E-1 1.01177E-1 7.1746E-3 2.29352E-4 1.16996E-2 1.26634E-2 1.53849E-2 1.64053E-2 2.41455E-2 9.96088E-2 9.19E-2 8.01994E-2 2.02812E-1 2.50284E-1 2.78235E-1 5.77878E-2 2.47121E-2 5.21945E-2 8.9027E-3 1.82669E-2 1.57654E-3 3.42375E-3 1.6671E-4 1.37562E-3 6.93997E-3 2.63457E-3 1.42913E-2 1.30104E-1 1.44345E-1 1.38564E-1 1.27446E-1 -9999 -9999 -9999 -9999 -9999 -9999 -9999 -9999 -9999 -9999 -9999 -9999 -9999
1.60728E-2 7.73949E-3 1.03072E-2 5.79418E-3 6.05365E-3 2.8546E-2 2.95693E-2 1.37689E-2 3.29096E-2 1.27952E-1 2.47056E-1 2.41918E-1 1.03961E-1 2.51648E-1 8.99889E-2 2.828E-2 5.43639E-2 1.62932E-2 1.3833E-3 5.73978E-3 2.51626E-2 1.19382E-2 4.22961E-2 1.34975E-2 1.61958E-1 2.27189E-2 3.1096E-3 1.34266E-1 1.55776E-1 9.10754E-2 1.42194E-3 3.85381E-2 3.25768E-3 3.15625E-2 2.04215E-3 3.80307E-2 1.30905E-2 2.97691E-2 5.20585E-3 1.22524E-4 9.96899E-4 3.41889E-2 5.27195E-2 3.37931E-3 6.39708E-3 1.23898E-2 -9999 -9999 -9999 -9999 -9999 -9999 -9999 -9999 -9999 -9999 -9999 -9999 -9999 -9999
2.96907E-2 5.02372E-2 1.37015E-2 3.02292E-3 4.72122E-3 2.06956E-2 6.63531E-2 2.14348E-4 2.59506E-3 2.82481E-2 1.07319E-1 2.68384E-1 2.32542E-1 1.03436E-1 2.12407E-1 6.61968E-3 8.15227E-2 1.86232E-1 7.23981E-2 1.06305E-2 7.92054E-3 1.40854E-2 3.32108E-2 3.52629E-2 1.99532E-2 5.74395E-2 6.24247E-3 2.62828E-2 7.87838E-2 1.35643E-3 2.27536E-2 4.61985E-3 3.94142E-3 1.90867E-3 1.9709E-2 3.51461E-3 8.4384E-4 5.19224E-3 2.05411E-2 1.00643E-2 8.70089E-3 6.01841E-2 3.33281E-2 5.96574E-4 9.11483E-4 7.72034E-3 -9999 -9999 -9999 -9999 -9999 -9999 -9999 -9999 -9999 -9999 -9999 -9999 -9999 -9999
1.37999E-1 2.95235E-1 1.24742E-1 3.50144E-2 1.57746E-2 3.5955E-3 9.10142E-3 1.15521E-2 2.36213E-4 1.5193E-3 4.15578E-2 2.46924E-1 9.15381E-2 2.08449E-1 1.82041E-1 1.03746E-1 2.38589E-1 2.21396E-1 2.08384E-1 1.16058E-1 1.70758E-1 7.45183E-2 7.48826E-3 3.13234E-4 1.56223E-2 1.97576E-2 3.65832E-2 4.87786E-3 8.0049E-3 6.58365E-2 2.74754E-2 7.39206E-2 3.90986E-3 4.05777E-3 1.13004E-2 2.13018E-3 6.8427E-3 4.56817E-4 9.01465E-3 2.78673E-2 2.94339E-2 1.03536E-1 8.50273E-3 3.72957E-2 5.53292E-3 -9999 -9999 -9999 -9999 -9999 -9999 -9999 -9999 -9999 -9999 -9999 -9999 -9999 -9999 -9999
6.15255E-2 1.13337E-1 2.32096E-1 1.60356E-1 5.70917E-2 5.62711E-3 2.89883E-2 1.50091E-2 2.85756E-2 1.12188E-4 2.50427E-3 2.33179E-1 2.23419E-1 1.69635E-1 9.59109E-2 1.80614E-1 2.44021E-1 2.64036E-1 1.67319E-1 1.12009E-1 2.48744E-2 1.30839E-2 5.14902E-2 5.24921E-2 1.89782E-1 1.02316E-1 1.65487E-2 1.03629E-1 4.60389E-2 2.90554E-2 8.7756E-4 9.86007E-4 8.02637E-3 5.99127E-3 4.34681E-5 3.78042E-4 4.28876E-5 9.28478E-3 6.02525E-3 1.9649E-2 4.92335E-2 4.39393E-2 1.35798E-2 7.76011E-3 3.20649E-2 -9999 -9999 -9999 -9999 -9999 -9999 -9999 -9999 -9999 -9999 -9999 -9999 -9999 -9999 -9999
2.34849E-2 2.54519E-1 1.0734E-1 9.15399E-3 1.56706E-2 1.15803E-1 3.57522E-2 4.61419E-2 8.01008E-3 1.0482E-1 2.17239E-2 4.49631E-2 2.47116E-1 2.151E-1 1.0565E-1 9.59985E-2 2.37808E-1 2.40812E-1 1.30374E-1 9.30914E-3 5.70277E-4 6.34778E-3 2.18747E-4 4.78889E-3 3.80147E-4 4.5122E-2 1.77816E-2 2.32783E-2 9.60611E-3 4.72013E-2 8.08335E-3 5.7787E-4 9.46462E-3 2.82252E-2 4.59422E-5 2.97759E-4 3.49891E-3 9.60496E-3 2.45721E-2 4.55905E-2 2.32556E-2 6.44841E-3 8.59058E-3 5.48031E-3 -9999 -9999 -9999 -9999 -9999 -9999 -9999 -9999 -9999 -9999 -9999 -9999 -9999 -9999 -9999 -9999
9.778E-2 7.63457E-3 6.99303E-3 1.01452E-2 7.30006E-3 2.90683E-2 2.73413E-2 3.03715E-2 4.66207E-2 4.77353E-3 1.74416E-3 1.19912E-2 2.0896E-1 2.57366E-1 1.72322E-1 7.10821E-2 1.4118E-1 1.01407E-1 2.11922E-1 2.45207E-2 5.44468E-3 3.62808E-4 1.17576E-2 7.00957E-4 1.24013E-2 2.26462E-2 6.37883E-2 3.31673E-3 5.07955E-5 8.54397E-4 4.69395E-2 2.3527E-4 1.06368E-3 4.38294E-2 4.71382E-5 1.49581E-4 2.54212E-3 4.70669E-3 4.87662E-2 8.3268E-2 2.11592E-4 9.60762E-4 2.56658E-3 3.69998E-3 -9999 -9999 -9999 -9999 -9999 -9999 -9999 -9999 -9999 -9999 -9999 -9999 -9999 -9999 -9999 -9999
9.36303E-2 5.73597E-2 5.47107E-2 1.04683E-2 9.17873E-2 9.99661E-2 3.3357E-2 2.57271E-2 4.44801E-2 5.49047E-2 9.98202E-3 8.37166E-2 1.03385E-1 2.2191E-1 2.5174E-1 7.03804E-2 9.51142E-2 2.57311E-3 2.19501E-2 1.50442E-1 5.65224E-3 1.05671E-2 2.64256E-2 1.30394E-2 1.05874E-1 2.1558E-2 2.66449E-2 5.29487E-2 5.10183E-2 4.53572E-2 5.83526E-2 9.80935E-2 1.27511E-3 4.68545E-2 1.6531E-4 3.4912E-3 1.02526E-4 2.48997E-2 7.0238E-2 3.60546E-3 2.48589E-3 3.18811E-3 2.43969E-3 2.92621E-3 -9999 -9999 -9999 -9999 -9999 -9999 -9999 -9999 -9999 -9999 -9999 -9999 -9999 -9999 -9999 -9999
1.10707E-1 8.4318E-2 7.66595E-2 1.43788E-1 4.12378E-3 6.03882E-3 3.32781E-2 8.24154E-2 5.19058E-2 8.29225E-2 8.66115E-2 9.67262E-3 7.54834E-3 1.08868E-1 1.51672E-1 2.40943E-1 2.41035E-2 1.17505E-2 3.95097E-2 6.77633E-2 2.92343E-2 7.81973E-2 2.71961E-2 1.19151E-2 2.14886E-2 6.73035E-3 1.78266E-3 2.27957E-3 1.55611E-3 2.20996E-2 1.69344E-2 6.27588E-4 8.62626E-2 7.61659E-2 1.24948E-1 5.53773E-2 8.39604E-2 1.09541E-1 7.35236E-2 6.14373E-2 5.92123E-2 2.71612E-2 7.12954E-3 -9999 -9999 -9999 -9999 -9999 -9999 -9999 -9999 -9999 -9999 -9999 -9999 -9999 -9999 -9999 -9999 -9999
2.911E-2 2.0709E-1 2.13402E-2 2.84698E-3 2.94752E-3 5.049E-3 3.65849E-2 2.93651E-2 1.15745E-3 2.21239E-2 7.06622E-3 1.00157E-1 1.04079E-2 5.02682E-3 5.73624E-2 2.22046E-1 8.42488E-2 2.0346E-1 9.45853E-2 1.21499E-1 1.06284E-2 5.64676E-4 1.22085E-2 7.67677E-2 4.11235E-2 1.01447E-1 1.67932E-2 3.41341E-2 1.71015E-2 1.3006E-4 8.60536E-3 6.30942E-5 2.59032E-5 1.42972E-3 2.61841E-2 8.02248E-2 4.50293E-3 6.99213E-3 1.37248E-1 2.24603E-3 2.64879E-3 3.52414E-2 6.60777E-2 -9999 -9999 -9999 -9999 -9999 -9999 -9999 -9999 -9999 -9999 -9999 -9999 -9999 -9999 -9999 -9999 -9999
2.00125E-1 9.30116E-2 2.11572E-1 8.30668E-2 6.69695E-2 3.86143E-2 4.43356E-3 5.95884E-3 1.14177E-2 2.18781E-2 5.40184E-3 1.22039E-3 5.35807E-2 1.82378E-3 5.22237E-3 2.19021E-1 2.01672E-2 5.02756E-2 1.38158E-2 4.83256E-3 1.16131E-1 5.02563E-2 3.5439E-2 2.48277E-2 7.54844E-2 1.19238E-2 4.88349E-4 1.32809E-3 2.26133E-3 2.63739E-4 3.78459E-3 6.8264E-4 1.47719E-3 9.90635E-3 2.00719E-2 5.6053E-3 7.56955E-3 5.82391E-3 1.39854E-1 1.0537E-2 2.83842E-3 3.83099E-3 -9999 -9999 -9999 -9999 -9999 -9999 -9999 -9999 -9999 -9999 -9999 -9999 -9999 -9999 -9999 -9999 -9999 -9999
3.40533E-2 6.06811E-3 1.10206E-2 8.40705E-3 6.0983E-3 2.39883E-1 7.80579E-2 1.73536E-2 5.02821E-3 4.81244E-3 2.54238E-3 3.27017E-4 9.82327E-3 5.15558E-3 7.08692E-2 2.07491E-1 8.92783E-3 1.18882E-3 8.58756E-3 2.06279E-3 9.30571E-2 1.98189E-3 5.7308E-3 1.10493E-2 1.56846E-2 7.34222E-2 1.92791E-2 2.57334E-2 8.54717E-3 1.14328E-3 4.07309E-4 1.17284E-4 7.65202E-3 2.05142E-3 5.41082E-3 1.94776E-2 7.07323E-3 2.24226E-2 1.8139E-2 4.94051E-3 -9999 -9999 -9999 -9999 -9999 -9999 -9999 -9999 -9999 -9999 -9999 -9999 -9999 -9999 -9999 -9999 -9999 -9999 -9999 -9999
1.33971E-1 5.37697E-2 2.4407E-2 7.57016E-3 1.77977E-2 2.16789E-2 3.64605E-2 1.65767E-1 1.09212E-2 1.6071E-2 1.93256E-2 1.32778E-3 6.15912E-3 5.91599E-2 8.65048E-2 2.56913E-3 1.74892E-3 1.97325E-2 1.99127E-3 1.51854E-2 8.20801E-3 7.82029E-2 6.90787E-3 1.15256E-2 1.38919E-2 1.67663E-2 3.4682E-2 2.15613E-2 1.47541E-2 5.11762E-2 4.93666E-2 5.63304E-2 6.66691E-2 8.57785E-2 1.06902E-1 1.11895E-1 1.04073E-2 9.76885E-2 6.00632E-3 -9999 -9999 -9999 -9999 -9999 -9999 -9999 -9999 -9999 -9999 -9999 -9999 -9999 -9999 -9999 -9999 -9999 -9999 -9999 -9999 -9999
1.09118E-2 1.37804E-1 1.14227E-2 1.07143E-2 2.93767E-3 2.10388E-2 2.5588E-2 5.83614E-2 1.10512E-1 7.60315E-2 2.04558E-2 6.04864E-3 3.05495E-2 2.18436E-3 1.1109E-1 2.75268E-2 6.76355E-3 1.10941E-1 9.92516E-2 1.60199E-2 3.4304E-3 3.81961E-2 4.97886E-2 2.91409E-2 1.03855E-2 1.23923E-2 3.21751E-3 3.57321E-2 2.00748E-3 7.16593E-4 2.39474E-4 1.6843E-4 2.59121E-3 3.71455E-3 8.99608E-3 5.77166E-2 -9999 -9999 -9999 -9999 -9999 -9999 -9999 -9999 -9999 -9999 -9999 -9999 -9999 -9999 -9999 -9999 -9999 -9999 -9999 -9999 -9999 -9999 -9999 -9999
2.97488E-3 6.18943E-3 6.78869E-2 7.80571E-2 2.2382E-1 1.95421E-1 1.90955E-1 2.87586E-3 1.74247E-2 8.83903E-3 1.64148E-2 2.53408E-3 4.92565E-3 1.05832E-2 1.01926E-2 9.55152E-2 5.60899E-2 6.19419E-3 2.69083E-2 2.70856E-2 5.69402E-2 3.09762E-2 1.86797E-3 7.83704E-3 7.38653E-4 3.26445E-2 2.82177E-3 3.30284E-2 1.78062E-3 1.93836E-3 1.01227E-2 4.60427E-2 5.0911E-2 6.90614E-2 9.63302E-2 2.63045E-2 -9999 -9999 -9999 -9999 -9999 -9999 -9999 -9999 -9999 -9999 -9999 -9999 -9999 -9999 -9999 -9999 -9999 -9999 -9999 -9999 -9999 -9999 -9999 -9999
1.9524E-1 3.02146E-3 1.42364E-3 3.60794E-4 3.8747E-3 6.40508E-2 1.33702E-2 8.22745E-2 8.80687E-2 1.2764E-2 1.32533E-2 2.34972E-2 6.65409E-3 3.59605E-3 1.5005E-2 1.09304E-2 1.21607E-1 3.36964E-2 2.00765E-2 7.9261E-2 3.1795E-2 4.57551E-3 4.37866E-3 9.22966E-3 3.49726E-3 3.20209E-4 7.76357E-3 4.58666E-4 3.7754E-2 2.46533E-3 2.33098E-4 2.83902E-3 4.36128E-3 4.47578E-3 3.49167E-2 -9999 -9999 -9999 -9999 -9999 -9999 -9999 -9999 -9999 -9999 -9999 -9999 -9999 -9999 -9999 -9999 -9999 -9999 -9999 -9999 -9999 -9999 -9999 -9999 -9999
1.13015E-1 4.83781E-2 3.51763E-2 6.51608E-3 4.50711E-2 3.14261E-3 6.63115E-2 1.21297E-2 7.89747E-2 7.83134E-2 1.39562E-2 3.59971E-2 1.83883E-2 3.77207E-2 2.0308E-2 3.08213E-2 5.23807E-3 8.81653E-2 1.61762E-2 5.84446E-2 2.77125E-2 2.51365E-2 9.9505E-2 1.39743E-3 3.51733E-2 7.35346E-3 3.90396E-2 2.42633E-4 4.10091E-2 2.28214E-4 3.07299E-4 8.38323E-4 9.68984E-3 4.28631E-3 1.86899E-2 -9999 -9999 -9999 -9999 -9999 -9999 -9999 -9999 -9999 -9999 -9999 -9999 -9999 -9999 -9999 -9999 -9999 -9999 -9999 -9999 -9999 -9999 -9999 -9999 -9999
8.22006E-3 8.43869E-2 3.94087E-3 8.77091E-3 4.61156E-2 7.41188E-3 6.53467E-3 8.92094E-2 2.50725E-3 4.82663E-2 8.37443E-2 9.15319E-2 1.94346E-1 1.80689E-2 8.4209E-3 1.4955E-3 4.67417E-5 8.14833E-3 8.8569E-2 1.79304E-3 2.09445E-2 1.47692E-1 1.07993E-2 1.73824E-2 9.73877E-3 5.79316E-3 2.06247E-3 4.71916E-2 5.44685E-2 7.75768E-3 3.65473E-4 1.30724E-3 1.59237E-3 4.06495E-2 5.6415E-3 -9999 -9999 -9999 -9999 -9999 -9999 -9999 -9999 -9999 -9999 -9999 -9999 -9999 -9999 -9999 -9999 -9999 -9999 -9999 -9999 -9999 -9999 -9999 -9999 -9999
