outputallcorrectTI_nofloodareas_nofloodcontrols_BK50/flood.asc
ncols         319
nrows         495
xllcorner     219017.22331753
yllcorner     4610852.5305323
cellsize      500.0
NODATA_value  -9999
[rows 78 to 103 of 495, columns 120 to 179 of 319]
3.92659E-1 1.2392E1 1.76075E-2 4.28106E-2 1.94546E-2 9.23151E0 1.68805E-2 7.54367E-2 7.14893E-2 7.92325E-3 1.04437E-1 1.26452E-1 1.65563E-2 7.75776E-3 5.56401E-3 5.07063E-3 9.15368E-2 1.933E-2 1.97049E-2 1.08413E-1 2.58705E-2 6.90021E-2 3.2446E-1 1.81956E-2 7.14922E-2 6.20902E-3 9.94945E-2 1.99719E-2 3.79011E-2 2.4028E-2 1.93986E-2 9.7156E-2 7.89996E-3 3.96622E-2 6.0891E-3 7.34588E-3 7.41362E-3 1.23389E-1 1.03484E-1 1.30944E-1 1.34229E-1 -9999 -9999 -9999 -9999 -9999 -9999 -9999 -9999 -9999 -9999 -9999 -9999 -9999 -9999 -9999 -9999 -9999 -9999 -9999
8.06245E0 5.87598E-1 3.66513E-2 5.71918E-1 1.45973E1 1.46876E-1 1.57547E-2 3.80655E-2 5.98692E-2 1.07928E-1 4.1784E-1 2.29627E-2 3.93005E-2 8.78515E-3 4.85566E-2 1.08792E-1 1.13575E-1 2.37657E-2 1.13833E-1 6.26729E-2 9.32504E-2 2.49974E-2 6.74612E-2 9.72368E-2 9.47495E-2 1.65838E-2 2.95186E-2 1.07626E-1 5.38232E-2 1.64051E-2 1.83052E-2 9.79557E-2 9.43129E-2 1.31668E-1 1.02106E-1 1.12894E-1 6.11567E-2 5.28864E-3 3.4361E-3 6.46096E-2 3.15596E-3 -9999 -9999 -9999 -9999 -9999 -9999 -9999 -9999 -9999 -9999 -9999 -9999 -9999 -9999 -9999 -9999 -9999 -9999 -9999
1.16134E0 1.8451E-2 2.33091E-2 1.52242E1 2.44395E-2 1.73468E-2 4.54442E-2 1.4911E-2 1.90894E-2 3.32063E-1 1.82613E-2 2.51038E-2 9.18346E-2 9.38206E-2 1.04422E-1 2.18375E-1 1.3345E-1 1.22541E-1 4.87417E-3 3.08313E-2 6.01722E-3 2.03454E-2 2.99001E-2 1.22119E-1 1.08091E-1 5.86738E-2 2.45937E-2 1.15122E-1 4.53417E-3 5.12386E-3 1.85075E-2 5.01908E-3 7.57592E-3 5.78609E-2 1.46987E-2 4.90426E-4 8.7232E-2 1.51922E-2 7.18166E-3 1.16331E-1 5.28668E-2 1.11449E-2 -9999 -9999 -9999 -9999 -9999 -9999 -9999 -9999 -9999 -9999 -9999 -9999 -9999 -9999 -9999 -9999 -9999 -9999
3.30108E-1 4.03926E-1 5.28725E-1 1.55632E1 4.98807E-3 6.26596E-2 5.92949E-2 2.08401E-2 3.5192E-1 1.81784E0 2.52327E-2 3.71114E-1 4.34431E-2 2.10364E-2 1.18869E-2 1.19055E-1 7.45319E-2 3.16983E-2 5.30979E-3 1.60127E-2 1.44913E-1 7.98223E-3 4.39872E-2 2.81755E-1 2.39348E-2 8.82727E-3 9.07424E-3 1.06459E-1 6.05387E-2 8.75981E-2 1.73288E-2 2.18948E-2 4.86944E-2 2.70155E-2 9.38788E-3 5.03423E-2 6.90805E-2 1.43849E-2 1.98902E-3 4.55966E-2 1.19141E-1 2.25759E-3 8.2398E-4 3.09675E-3 -9999 -9999 -9999 -9999 -9999 -9999 -9999 -9999 -9999 -9999 -9999 -9999 -9999 -9999 -9999 -9999
2.58018E0 1.82189E1 1.53512E0 3.60284E-3 2.7412E-2 8.53006E-3 6.9749E-2 2.31217E0 5.42581E-2 1.3311E0 3.4592E-1 4.18024E-1 2.87663E-3 5.57762E-3 2.79125E-3 3.14508E-2 1.53187E-2 6.54379E-2 9.755E-3 1.70976E-1 2.95751E-2 3.25746E-2 3.89451E-2 2.51356E-1 2.46008E-2 2.77663E-2 2.22896E-1 2.48135E-2 3.01728E-3 5.50589E-3 1.1393E-1 4.78439E-2 5.74343E-3 5.14286E-3 2.61203E-3 5.60309E-3 1.02149E-1 1.24715E-2 1.16795E-2 7.12611E-3 9.21689E-2 2.79009E-2 2.52162E-2 1.8244E-3 4.96342E-3 -9999 -9999 -9999 -9999 -9999 -9999 -9999 -9999 -9999 -9999 -9999 -9999 -9999 -9999 -9999
4.93602E-1 4.13275E0 3.45312E-1 5.65648E-2 2.58056E-2 6.54516E-1 9.21492E0 1.02867E0 1.00811E1 2.80512E-2 2.74267E0 1.40348E-1 3.02749E-3 1.8834E-2 3.09406E-2 1.91022E-2 6.09116E-3 2.5788E-2 6.05548E-3 2.46215E-2 8.85043E-2 1.21792E-1 6.68821E-2 3.70249E-2 1.58839E-1 1.20548E-1 4.82245E-3 4.06699E-2 6.09374E-3 2.09865E-2 3.55685E-2 1.02274E-1 5.74991E-2 9.28661E-3 7.05786E-2 3.27181E-2 6.81302E-2 2.55691E-2 2.90836E-2 3.48658E-2 5.13595E-3 7.19622E-2 2.36673E-3 8.75807E-3 1.76817E-3 4.49997E-3 -9999 -9999 -9999 -9999 -9999 -9999 -9999 -9999 -9999 -9999 -9999 -9999 -9999 -9999
3.84778E0 5.80812E-1 1.53523E-2 1.23339E-1 3.16099E-2 6.78628E-2 1.47179E0 1.82276E-1 3.62304E0 1.31367E1 8.94064E0 6.80898E0 3.7037E-3 3.0699E-2 4.75424E-2 4.10874E-3 6.35308E-3 5.08616E-3 2.96907E-2 3.77693E-2 9.73943E-3 5.72752E-2 1.10711E-1 3.3021E-2 1.47836E-1 3.15711E-3 1.7327E-2 1.58379E-1 1.92363E-2 6.07583E-2 6.6455E-2 9.03353E-2 3.42125E-2 1.11606E-2 5.71511E-3 5.08183E-3 6.30298E-2 2.92261E-3 1.48616E-2 6.83904E-3 9.78941E-3 1.17559E-1 9.83801E-2 3.39528E-2 2.28756E-2 2.89165E-3 1.76436E-2 -9999 -9999 -9999 -9999 -9999 -9999 -9999 -9999 -9999 -9999 1.28819E-1 1.26887E1 7.30176E-1
5.25463E-2 2.42654E-1 8.50755E-2 1.46283E-1 9.8716E-1 2.98628E-1 7.80933E0 8.71472E0 1.25986E0 2.20973E-2 4.21649E-3 8.23009E-1 3.92704E-1 9.85367E-2 5.69353E-2 3.27383E-2 5.22011E-3 2.44572E-2 1.36143E-2 1.82484E-2 1.04137E-2 9.45545E-2 9.06589E-2 2.49522E-1 2.33783E-1 2.07799E-2 2.45976E-2 8.87475E-3 2.04444E-2 2.60331E-1 2.98013E-2 6.3802E-3 2.94282E-2 5.67487E-2 3.10711E-2 1.71628E-2 7.28341E-2 2.69371E-2 1.71524E-2 4.02285E-2 9.87333E-2 1.60288E-2 1.32967E-1 2.48185E-2 6.43413E-3 1.01303E-2 4.60362E-3 2.07794E-2 -9999 -9999 -9999 -9999 -9999 -9999 -9999 2.30488E-2 1.59063E0 1.82983E-2 3.54239E-1 1.53156E1
2.73769E0 2.0682E-2 1.25952E-1 1.21384E-1 9.40771E-1 1.82131E0 2.551E1 3.60858E-3 5.57534E-3 2.26116E-2 1.60614E-2 1.46583E-2 5.80621E-2 2.7636E-3 3.34576E-3 1.8502E-2 8.85721E-3 3.41557E-2 9.15316E-3 2.53538E-2 2.80649E-2 5.5686E-3 1.28127E-2 4.01096E-2 1.05423E-1 2.61745E-2 2.09384E-2 1.0502E-1 1.03506E-1 5.07304E-3 5.99303E-3 2.67394E-2 4.47628E-2 5.42367E-3 7.79731E-2 1.73297E-2 1.46921E-2 1.9043E-2 4.13874E-2 7.41114E-2 3.86475E-3 8.40336E-3 9.15941E-2 1.15641E-1 7.44287E-2 3.98917E-2 4.2846E-3 7.01509E-3 4.96352E-2 -9999 -9999 -9999 -9999 -9999 3.61961E-2 1.55355E-2 1.728E0 2.82652E0 1.15619E1 4.36157E-3
1.97834E0 1.33832E-1 1.8703E-1 6.50699E0 2.37689E0 3.17443E1 4.7669E1 4.93795E-3 2.15555E-2 1.06383E-1 2.65081E-2 2.3009E-2 5.05429E-3 3.73381E-2 2.35525E-2 2.82982E-2 7.06297E-2 1.72824E-2 6.31881E-2 2.18685E-2 4.56937E-2 2.57054E-2 3.17909E-2 6.63204E-2 1.39218E-1 6.0128E-2 1.1106E-1 4.99796E-2 2.55627E-2 1.64651E-2 2.28689E-2 3.28686E-2 6.66932E-2 3.50756E-2 1.74544E-2 3.97549E-2 4.68223E-2 9.51587E-3 6.79689E-2 4.01903E-3 2.32933E-2 4.09054E-2 4.04715E-3 5.67406E-2 3.03072E-2 3.9171E-2 4.22741E-2 4.05627E-2 1.78377E-2 -9999 -9999 -9999 -9999 1.13936E-2 3.64512E-3 1.44322E-2 1.76266E-2 2.7048E0 1.71596E1 3.48391E-3
1.19597E0 9.89072E0 5.87865E0 2.73428E1 2.50996E1 3.24355E-1 1.33171E0 4.46393E-1 4.30867E-1 1.56521E-2 4.96328E-2 1.61532E-2 2.08901E-2 1.83792E-2 3.56421E-2 1.08475E-1 2.00523E-2 7.34283E-2 2.15519E-2 2.00581E-2 6.3747E-2 3.10801E-2 9.58519E-4 3.09076E-2 1.45023E-1 3.14134E-2 2.56907E-1 1.1819E-2 1.15523E-2 8.29551E-3 3.60563E-2 1.08991E-1 9.91727E-2 2.82558E-2 2.00845E-2 2.01357E-2 2.01697E-2 3.17593E-2 1.02618E-1 5.95372E-3 1.88508E-2 6.13811E-2 2.98005E-3 2.97419E-2 1.64644E-2 1.62651E-2 4.93048E-2 3.22836E-2 2.43363E-3 6.27296E-3 -9999 -9999 1.53433E-3 1.2752E-2 2.56702E-2 8.20579E-2 5.45119E-2 1.03681E-1 7.70224E0 1.45106E-1
4.53437E0 1.82355E1 1.27552E1 2.54251E-1 7.20461E-2 8.1676E-2 4.15122E-3 9.82939E-2 5.93283E-3 3.91006E-3 1.55709E-2 7.03856E-2 6.40305E-2 4.3327E-2 3.03193E-2 1.25543E-1 1.15752E-1 2.43988E-2 4.63373E-2 7.18957E-3 5.99905E-2 7.91685E-3 8.97002E-2 8.57076E-3 2.23417E-1 1.0229E-1 2.61196E-1 5.65723E-2 7.38159E-3 3.90745E-2 1.04949E-1 1.72534E-2 4.96854E-3 2.64169E-2 8.33665E-3 7.69754E-3 9.97421E-2 2.14994E-2 3.93674E-2 5.91491E-3 2.12887E-2 1.91498E-3 1.22898E-2 1.88028E-2 3.28328E-2 3.88975E-2 8.51493E-2 2.4635E-2 2.6083E-2 2.64293E-3 2.25216E-2 1.97642E-3 1.48299E-3 3.86714E-3 5.2998E-3 4.11814E-2 6.78522E-3 1.39071E-1 8.92329E-2 5.1807E0
1.90849E1 3.72953E0 3.10052E-3 4.01602E-3 4.22085E-3 4.75804E-3 8.3025E-3 4.77126E-2 7.02028E-2 4.22243E-3 5.6456E-2 1.02954E-1 1.95993E-2 1.16957E-1 6.27089E-2 2.47452E-2 1.13527E-1 1.93769E-2 9.29398E-3 1.0132E-1 2.40028E-2 2.71949E-2 3.64471E-2 1.09265E-1 3.88974E-2 3.68812E-2 2.45524E-1 1.84245E-1 1.00817E-1 9.82518E-2 8.64964E-2 4.31677E-2 2.72002E-2 6.15634E-3 3.2255E-2 8.80121E-2 1.00116E-1 2.58133E-2 2.36602E-2 1.81808E-2 2.83715E-2 3.44697E-2 3.22728E-2 2.46921E-2 7.4259E-3 1.07866E-2 1.89547E-2 1.02908E-1 1.49032E-3 1.01065E-2 1.96329E-3 2.12522E-2 4.44536E-3 1.44617E-2 2.79336E-2 3.15353E-3 2.18787E-2 1.36831E-2 6.53435E-2 4.84074E0
4.66451E0 4.72143E-2 1.74743E0 2.61083E-2 1.8864E-2 2.3877E-2 1.07243E-2 3.95851E-3 5.44386E-2 1.89345E-2 1.90397E-2 1.05867E-1 1.97114E-2 5.01495E-2 3.35713E-2 5.08403E-2 5.52816E-2 1.24508E-1 1.08394E-1 1.03698E-1 7.6089E-3 5.10029E-3 1.08372E0 2.39055E-2 3.33304E-3 3.36254E-2 2.45907E-1 1.20952E-1 1.07157E-2 5.88373E-3 6.02092E-2 2.49563E-2 7.73909E-3 7.15485E-3 1.09382E-1 3.21367E-2 3.65666E-2 6.61062E-3 3.03385E-2 1.86648E-2 2.79578E-2 7.85602E-3 3.49772E-2 4.11577E-3 3.72223E-2 5.27236E-2 1.06704E-1 4.07826E-2 3.72795E-2 7.31525E-3 9.10283E-3 2.46889E-3 1.07003E-2 1.53022E-2 3.14491E-3 3.71534E-3 3.14337E-3 6.83484E-3 1.2723E0 8.58075E-3
1.3196E-1 7.74088E-1 2.42365E-2 3.00095E-1 2.94404E-2 6.70421E-3 5.5547E-2 3.4328E-2 3.13902E-2 4.21655E-2 1.57995E-1 2.52325E-2 2.42497E-2 6.95936E-2 5.93281E-2 5.56967E-2 1.44654E-2 4.81871E-3 7.3879E-3 1.12242E-1 4.88219E-2 5.34661E-1 8.54284E-3 1.07006E-2 1.20539E-2 1.11893E-2 2.05069E-1 2.89028E-2 1.06966E-1 1.30379E-1 6.63555E-2 2.74993E-2 7.10854E-3 1.1117E-1 3.10204E-2 4.75363E-3 5.83642E-3 3.52594E-2 8.57132E-3 1.06612E-1 5.79013E-3 2.60908E-2 1.02904E-1 1.42455E-1 1.04362E-1 4.89767E-2 2.24135E-3 8.46612E-2 1.09006E-1 3.76039E-2 1.77054E-2 5.90894E-3 5.55885E-3 5.63552E-3 1.19784E-2 3.8696E-3 4.07048E-1 7.68105E-1 2.69582E-1 1.82361E-2
7.26442E0 2.97692E-1 3.11244E0 6.48305E-3 3.87764E-2 6.13683E-3 2.11643E-2 2.55462E-2 2.46113E-2 4.03602E-2 1.22085E-1 2.34454E-2 5.8667E-2 1.06753E-1 2.54968E-2 7.73732E-2 7.35466E-2 2.13979E-2 8.56654E-3 3.31357E-2 1.06842E-1 4.13507E-1 8.44946E-3 4.62167E-3 3.55192E-2 1.03786E-2 1.05413E-1 9.50871E-2 7.0251E-2 3.3703E-2 3.39773E-2 1.03889E-1 2.0707E-2 2.36713E-1 5.9732E-3 5.04283E-3 2.90237E-2 6.5144E-3 7.57074E-3 2.17261E-1 6.3042E-3 4.28404E-2 5.05284E-3 1.8985E-2 1.02839E-2 4.0962E-2 8.12233E-3 2.32887E-2 7.97028E-2 4.4222E-2 4.75167E-2 7.17923E-3 1.07857E-2 2.34665E-3 5.63489E-3 2.10949E-1 1.4189E-2 1.58662E-2 2.0574E-2 6.98127E-2
3.7661E-1 3.3674E-1 2.82539E0 2.36498E-2 1.90868E-2 2.17668E-2 3.89663E-2 2.27801E-2 5.56296E-2 6.74238E-2 2.0541E-2 1.02124E-1 9.70037E-2 1.57121E-2 1.10163E-1 3.33647E-2 5.92972E-2 4.59581E-3 2.59413E-2 3.44074E-2 1.17682E-1 2.06678E-2 1.13951E-1 2.55066E-2 2.42188E-2 5.0295E-3 1.06568E-1 3.94974E-3 2.20148E-1 1.4473E-1 2.38646E-1 2.17138E-1 2.09043E-1 6.06617E-2 1.05991E-1 2.73801E-2 3.48137E-2 5.72339E-3 1.00021E-1 6.65685E-3 1.71368E-2 1.27074E-2 1.27706E-2 8.7909E-3 5.67824E-2 1.63956E-2 4.15099E-3 2.59497E-2 1.55466E-2 1.11719E-1 1.5248E-1 4.50845E-2 5.27415E-2 2.7606E-2 6.50565E-2 9.59927E-4 6.34748E-3 2.17047E-4 9.40525E-4 1.08528E-2
2.40121E1 1.7586E1 6.48328E-1 3.02872E-3 2.04115E-2 4.3563E-2 7.37731E-2 2.1385E-2 1.06355E-2 3.67462E-2 1.88844E0 4.03331E-1 3.64186E-2 7.66618E-2 1.65857E-2 4.74311E-2 9.5013E-2 2.0936E-2 2.06883E-2 6.76498E-3 2.21763E0 8.66013E-2 2.14905E-2 3.89848E-3 1.93114E-2 4.59272E-3 2.27834E-1 2.09935E-2 6.17099E-2 2.8619E-2 2.71829E-1 2.36275E-2 1.57769E-2 2.78411E-2 9.01513E-3 7.15385E-3 7.22284E-3 2.33086E-1 1.59758E-2 6.5318E-2 5.00909E-2 6.76625E-3 1.33034E-2 7.02462E-3 2.08944E-2 5.78868E-2 1.51116E-2 4.09558E-2 2.90798E-2 1.57043E-2 2.09788E-3 1.57915E-1 2.02055E-1 9.72112E-2 8.19741E-3 1.0239E-3 1.43542E-3 9.61559E-4 2.4662E-2 2.56661E-2
2.99266E0 4.69369E-1 2.47813E0 4.81002E-2 8.41959E-3 2.19455E0 1.67672E-2 2.67103E-2 8.92951E-3 1.84238E-1 3.2508E0 4.16909E-3 1.54387E-2 2.69452E-2 8.42968E-3 4.47706E-2 5.35988E-1 2.2816E-2 2.81782E-2 2.18718E-2 1.65666E-2 5.51757E-1 3.77171E-2 5.55037E-3 8.68049E-3 1.04345E-1 2.08896E-2 2.56815E-2 3.76487E-2 9.46269E-2 2.89109E-1 2.48188E-2 1.908E-2 5.63299E-3 9.45457E-2 1.00142E-1 2.17222E-1 1.05576E-1 6.2141E-2 1.11296E-1 7.8327E-2 4.31447E-2 2.92634E-2 1.66418E-2 4.62879E-2 1.80894E-2 6.31378E-3 1.38335E-3 2.02435E-4 5.48635E-3 6.29951E-3 6.08196E-2 1.04655E-2 1.1554E-1 2.23962E-2 8.19735E-3 1.67963E-2 2.16431E-5 3.94384E-3 2.24948E-2
1.26749E1 2.03687E1 3.93524E0 1.23115E-1 2.49418E0 6.4205E-3 2.13482E-2 5.87053E-3 2.76383E-2 2.26996E-2 3.84116E-1 4.27625E-3 2.08589E-2 2.33952E-2 2.43813E-2 8.22304E-2 5.04371E-1 4.28808E-1 6.67407E-3 8.3783E-3 2.33421E-2 1.77204E0 2.64955E-3 2.33163E-2 6.73673E-3 1.45386E-1 1.11115E-2 5.27296E-3 3.73372E-2 1.58953E-2 1.12403E-1 5.66234E-2 2.78282E-2 9.82496E-2 1.03126E-1 2.89783E-3 3.52212E-3 7.93826E-2 6.38529E-2 9.55228E-2 5.84072E-2 7.93874E-3 9.19638E-2 3.69192E-2 3.26002E-2 2.48578E-2 4.90622E-2 2.59929E-2 8.80822E-3 2.55415E-2 4.94552E-2 1.34251E-2 1.01694E-2 1.25638E-1 1.94473E-2 5.03063E-3 2.67387E-3 2.35106E-3 1.71584E-4 9.62078E-3
1.90947E1 7.35712E-1 1.05029E0 1.91778E0 4.57E-1 1.61129E-2 1.54997E-1 5.60609E-2 4.67666E1 2.35612E0 2.74056E0 7.22443E-2 2.15943E-2 7.38678E-2 1.531E-1 2.34946E-2 6.12705E-2 3.07001E0 5.59173E-1 5.47383E-1 3.62357E0 3.48543E-3 5.09222E-3 1.94874E-2 2.21023E-2 1.14619E-1 4.93139E-2 3.9128E-3 8.27004E-2 5.12065E-2 1.09803E-1 8.69355E-2 4.23918E-1 6.11987E-3 8.38511E-2 2.46636E-2 2.31399E-1 3.1474E-2 1.12983E-1 5.88951E-2 9.25057E-2 9.05452E-2 1.19817E-2 1.26686E-1 1.73081E-2 4.05196E-2 1.38645E-1 1.26265E-1 7.91142E-2 9.09873E-2 6.30686E-2 9.69127E-3 1.22521E-2 9.0166E-2 2.90054E-2 1.93435E-2 2.02851E-3 1.87793E-2 1.35395E-3 1.55276E-3
1.50316E1 2.34352E1 2.29365E1 5.20565E0 1.15352E-1 1.24644E-1 6.55137E-2 6.06658E0 1.74999E-1 4.32367E-3 4.73697E-3 2.63391E-2 3.15063E-2 5.00321E-2 6.99904E-2 7.38287E-3 6.15114E-1 1.15111E1 3.06095E1 8.53519E0 1.14935E-2 6.62785E-3 3.09753E-2 5.73976E-3 3.8409E-2 1.49739E0 8.1985E-3 1.56163E-2 1.96853E-2 5.38522E-3 1.01737E-1 7.12786E-2 1.90963E0 8.14013E-2 1.98608E-2 2.49487E-2 1.0358E-1 1.18157E-1 1.04309E-1 2.08523E-1 9.67746E-2 2.02073E-2 2.93899E-3 2.23463E-2 1.5422E-2 2.34943E-2 5.13919E-3 3.41816E-2 3.52046E-2 2.40204E-3 5.52744E-2 5.7267E-3 1.20294E-3 8.06573E-2 3.31299E-2 4.55659E-3 1.68341E-3 7.8912E-3 7.82053E-3 1.02376E-3
4.87891E0 5.53481E0 5.77405E-1 3.45495E1 7.70153E0 1.05485E0 1.53575E1 1.36073E0 6.3795E-1 2.86412E-2 2.79151E-2 2.26931E-2 8.03407E-3 4.07267E-1 2.02576E-2 6.32084E-2 9.68205E0 4.17771E-1 3.58144E-3 1.14702E-1 2.68664E-2 1.41783E-2 3.46861E-2 7.5416E-3 8.4513E0 7.20688E-3 4.09249E-3 2.94803E-2 4.22131E-2 9.73271E-3 5.4732E-2 1.67908E0 1.79429E0 8.67343E-2 4.08101E-3 2.37909E-2 2.32507E-2 6.91851E-3 9.85742E-2 1.8193E-3 2.57203E-2 1.0634E-1 3.9474E-2 1.05488E-2 3.46692E-2 1.60121E-2 1.39434E-2 2.32639E-3 4.6426E-3 3.79587E-2 3.84989E-2 3.61382E-2 3.86557E-2 4.2225E-3 7.25395E-2 2.95443E-2 7.65259E-2 3.95616E-3 2.13535E-2 5.21196E-3
5.45609E0 1.82059E1 1.20916E1 1.8433E0 5.79359E-1 1.11862E0 4.81115E0 6.61646E0 5.68823E-1 1.56802E-2 8.90083E-3 7.28243E-3 9.59679E-1 4.2732E-2 1.55057E0 7.83E0 2.59089E1 2.2472E-2 1.28455E-1 8.94354E-3 3.4602E0 1.70978E0 1.87876E0 3.46351E0 2.18081E-2 2.77459E-2 2.19496E-2 3.20215E-2 7.1249E-2 9.34418E-3 9.95914E-3 1.35229E0 4.67467E-1 6.12864E-2 2.72905E-2 3.28691E-2 3.56E-3 5.59952E-3 8.18446E-2 1.11379E-3 8.1407E-3 8.4859E-3 1.58515E-1 6.3516E-2 1.29682E-2 2.4594E-2 2.43014E-2 2.1816E-2 1.24532E-2 2.07344E-2 2.678E-2 2.3076E-3 2.42692E-2 1.27843E-3 3.61264E-2 1.91082E-2 4.56937E-2 9.79018E-2 4.14415E-2 4.31761E-3
1.67278E0 2.21348E1 5.0343E0 1.53004E0 3.11455E1 1.56362E0 2.00692E1 1.24604E-1 1.66493E-2 4.02732E-2 7.88669E-3 1.64757E-1 2.69219E0 6.21636E-2 2.62176E1 2.79183E1 5.94794E-2 1.97363E-2 4.15948E-1 3.10233E0 1.2448E1 2.83784E-2 2.92522E-2 8.05663E-1 3.34438E-2 5.25847E-3 3.80163E-2 3.14431E-2 1.06444E-1 2.00621E-1 1.90663E-2 8.79834E-2 1.28624E-1 2.68784E-1 1.20191E-1 1.95978E-1 2.4622E-2 9.37071E-2 8.0545E-3 1.00089E-3 6.16936E-3 2.3305E-2 4.01152E-3 1.61977E-1 2.34398E-1 5.86344E-2 8.30508E-3 5.00194E-2 2.35671E-2 6.5872E-2 4.48986E-3 1.18961E-2 1.69887E-2 1.02534E-2 5.00206E-3 1.79422E-2 1.12912E-1 1.19091E-1 1.14751E-1 7.71319E-2
1.98516E1 3.42601E0 1.55322E1 4.53435E0 4.77322E-1 3.10594E0 6.4417E0 1.19886E1 1.76196E-1 1.45082E-1 8.29401E-1 7.84577E0 1.93621E0 6.49005E0 3.00649E1 1.95922E1 3.56823E-1 1.91058E1 5.51456E1 1.1602E1 3.63791E-1 7.66935E-2 1.30103E-2 2.97187E-3 2.35002E-3 1.91704E-2 2.49328E-2 3.86088E-2 1.00117E-2 5.03022E-1 1.52132E-1 2.19939E-1 8.87031E-2 1.74066E0 5.4521E-1 1.61955E0 5.70291E-1 3.11272E-1 9.65581E-3 3.64401E-4 1.03612E-3 2.38601E-2 1.06267E-1 2.31962E-2 2.01368E-3 4.13404E-2 6.25258E-2 7.55618E-3 1.07723E-1 5.13932E-3 6.5775E-3 1.02811E-1 2.04832E-2 8.63234E-2 2.27871E-2 2.86589E-2 2.16046E-2 2.12889E-2 3.14215E-2 2.48852E-2
