outputallcorrectTI_nofloodareas_nofloodcontrols_BK50/flood.asc
ncols         319
nrows         495
xllcorner     219017.22331753
yllcorner     4610852.5305323
cellsize      500.0
NODATA_value  -9999
[rows 442 to 467 of 495, columns 120 to 179 of 319]
9.60065E0 2.96288E1 2.58603E1 1.89882E1 1.47448E1 1.21285E1 2.29219E1 9.31242E0 5.51369E0 7.15476E1 3.80142E1 1.03829E1 6.87907E0 1.0478E1 1.2262E1 5.18674E0 6.07971E1 7.24066E0 9.70284E0 2.64686E0 4.87858E1 4.93207E1 6.09804E1 5.47926E1 1.88388E1 2.16168E1 6.98961E0 2.44161E1 3.63798E1 4.27103E0 2.27692E1 2.3013E1 4.15242E0 1.62257E1 2.5833E1 1.29984E1 1.46743E1 9.85349E0 3.10608E1 8.59047E0 3.28257E1 1.3645E1 4.82928E0 3.40808E1 1.43976E1 2.2271E1 2.4189E1 1.52385E1 2.70529E1 9.38918E0 2.77366E1 2.89563E1 3.51411E1 1.22095E1 2.08281E1 9.03039E0 8.46221E0 1.13798E1 7.00429E0 1.06962E1
3.45206E1 5.91896E0 1.79881E1 4.19116E0 4.85615E0 4.33587E0 9.93107E0 1.9028E1 9.70612E0 5.31453E1 3.00953E1 4.87679E1 5.13886E0 2.49391E1 9.33244E0 2.15352E1 4.61108E1 1.02812E1 7.19384E0 2.48401E1 8.55949E1 2.1868E1 2.62653E1 4.38609E1 1.58833E1 4.58304E1 3.80368E1 9.10854E0 1.4752E1 2.24779E1 2.78019E1 1.11133E1 1.9042E1 3.94642E0 9.70812E0 1.36705E1 1.12798E1 1.18722E1 3.00478E1 2.31241E1 3.06832E1 1.36987E1 1.70687E1 3.34735E1 1.38933E1 1.84395E1 2.46946E1 1.4489E1 2.98069E1 8.24901E0 1.91594E1 3.95271E1 1.19021E1 3.65038E1 6.94774E0 9.41954E0 2.3291E1 2.4715E1 5.75937E0 3.29955E0
8.85547E0 1.19198E1 1.59425E1 3.01844E1 2.47904E1 1.91891E1 4.4377E1 2.11443E1 9.41573E0 1.01993E1 7.44115E1 6.6364E1 2.38856E1 9.9794E0 1.33737E1 4.00519E1 2.49861E1 4.37251E1 2.26775E1 3.42536E1 2.88968E1 6.82953E1 4.5619E1 1.58374E1 4.16183E1 6.77817E0 1.33446E1 2.07834E1 2.06358E1 2.95789E0 4.82699E0 7.44035E0 1.19527E1 3.17162E1 2.56402E1 1.04849E1 6.0476E0 2.18761E1 1.4802E1 2.41115E1 1.99319E1 2.9465E1 1.0981E1 3.62359E1 2.19364E1 1.86926E1 3.1409E1 1.20605E1 1.79519E1 1.71172E1 2.55773E1 1.34267E1 1.0651E1 1.05558E1 9.88285E0 7.90438E0 7.37759E0 2.66786E0 6.93734E0 1.41317E0
2.10383E1 2.27283E1 6.03314E0 1.20747E1 2.10623E1 5.55453E1 2.19226E1 1.84584E1 3.27813E1 2.82252E1 2.36527E1 9.01017E1 1.21883E1 2.9056E0 4.50403E0 8.74524E0 2.57936E1 1.53344E1 6.90783E0 1.97152E1 -9999 3.33181E1 1.01482E1 2.74481E1 2.77857E1 1.90486E1 3.40003E1 1.72523E1 2.35112E1 3.19856E1 8.82381E0 7.05364E0 2.02464E1 4.07954E1 1.25664E1 2.38441E1 4.15899E1 1.80045E1 3.50849E1 3.03837E1 4.30858E1 5.34291E0 1.1253E1 9.99819E0 1.15678E1 3.39418E1 3.10226E1 2.74987E1 1.60458E1 1.3984E1 2.9424E1 9.09712E0 7.97436E0 2.32326E0 2.50149E1 7.34715E0 2.41152E0 8.0874E0 1.88029E1 1.02011E0
4.88865E0 4.0779E0 1.40871E1 5.17365E1 7.47497E0 1.9989E1 5.13723E1 8.83474E0 1.43064E1 2.65445E0 2.62227E0 6.74948E1 8.23689E1 8.23659E0 1.82053E0 2.84654E0 5.13308E1 8.50873E0 4.13107E1 8.15463E1 1.65714E1 4.03412E0 4.87432E1 3.37063E1 5.39304E1 4.90291E1 2.29799E1 3.21507E0 3.61192E1 2.81147E1 6.89059E0 1.48632E1 1.672E0 2.47118E1 8.19483E0 2.49634E1 4.06505E0 4.09002E1 1.63313E1 3.75258E1 2.90265E1 3.97144E1 7.96492E0 1.50812E1 2.72556E1 2.36963E1 2.90821E1 3.84582E1 2.21911E1 1.38309E1 2.91052E1 1.17904E1 2.32054E1 2.14025E0 6.81927E0 9.22716E0 2.23186E0 8.5464E0 9.5639E0 3.05937E0
4.15977E1 2.65086E1 2.70625E1 2.70038E1 2.00506E1 2.5356E1 7.32397E0 2.01101E1 3.76412E0 1.44398E1 1.04221E1 6.75009E0 8.82655E1 1.82758E1 2.54196E1 2.90568E1 5.10981E1 2.57959E1 5.98929E1 5.06502E1 1.31951E1 8.07454E0 7.62507E0 4.73929E0 2.01413E1 8.84243E0 1.75553E1 3.77956E0 3.13772E0 4.00695E1 7.75052E0 1.1406E1 1.38341E1 1.03738E1 1.14866E1 2.55229E1 2.72841E1 1.47813E1 3.82339E1 3.73235E1 1.16332E1 2.83983E1 2.50122E1 1.52737E1 3.7601E1 3.06937E1 2.12776E1 1.09069E1 3.92483E1 1.11457E1 2.97698E1 2.96091E1 2.30505E0 9.47936E0 1.00742E1 2.13074E0 1.1467E1 8.71378E0 1.02457E1 1.02585E0
5.7579E1 3.19864E0 1.42246E1 1.85451E1 3.48867E1 4.69306E1 1.10692E1 2.79677E1 1.67935E1 6.0099E0 2.36147E1 1.85559E1 2.70145E1 6.33872E1 3.65181E1 6.18788E1 3.3733E1 5.86154E1 3.36628E1 9.52478E0 4.69822E1 4.90176E1 1.67715E1 1.74734E1 2.84621E1 5.73317E0 6.67453E0 1.32345E1 1.52183E1 2.63764E1 2.56771E1 7.98325E0 1.03954E1 3.0227E0 2.35663E1 2.42603E1 1.05267E1 1.93936E1 2.79439E1 2.094E1 4.10021E1 1.46022E1 3.92886E1 3.23244E1 1.98939E1 3.56514E1 3.13643E1 3.55482E1 3.32034E0 1.13734E1 2.28308E0 2.84333E1 2.14272E0 9.90609E0 1.45399E0 2.18632E1 1.2866E0 5.8457E0 8.50062E0 4.43489E0
-9999 1.14061E1 7.03094E0 1.58835E1 2.75947E1 4.51367E0 1.42541E1 3.25618E1 6.84173E0 1.41239E1 1.20977E1 -9999 7.60523E0 6.52733E1 5.11344E1 5.21095E1 6.2934E1 2.33136E1 -9999 3.92089E1 1.95457E1 3.16349E1 3.73726E1 4.84615E1 4.28853E1 4.94948E1 3.07811E1 1.54579E1 2.53339E1 4.79393E0 4.01762E1 3.65718E1 1.17389E1 2.45903E1 1.96161E1 7.03923E0 2.50856E1 3.41086E1 1.86108E1 1.20583E1 4.03418E1 1.35018E1 3.85205E1 1.46443E1 3.46215E1 8.11061E0 2.46884E1 3.24501E0 3.69048E0 2.21191E0 1.9808E1 7.92249E0 9.23475E0 1.92832E0 7.16055E0 2.97312E0 5.40503E-1 1.93087E0 5.53714E0 4.02766E-1
9.04951E1 1.63417E1 1.31461E1 3.74491E0 2.99644E1 2.6978E1 5.2677E1 5.86372E1 4.86967E1 3.15672E1 6.44556E1 3.37511E1 3.80523E1 6.77972E1 1.98092E1 -9999 5.80932E1 3.23771E1 4.28819E1 2.34955E1 1.80424E1 1.8708E1 4.30746E0 8.38314E0 3.86489E1 3.91525E1 1.03861E1 1.3878E1 2.0601E1 3.87018E1 4.46368E1 4.16959E1 1.07287E1 1.45488E1 3.74396E1 1.90474E1 1.47358E1 2.35909E1 4.07695E1 1.88746E1 2.85162E1 3.38799E1 3.40983E1 3.78887E1 1.03485E1 1.41411E1 3.62673E1 2.55486E1 1.13606E1 2.90565E1 5.44511E0 6.43278E0 8.46972E0 9.29051E0 7.65567E-1 2.56666E0 1.59396E0 4.91199E-1 2.37886E0 3.88162E0
4.42721E1 3.00188E1 5.27221E1 4.72769E1 4.93936E1 5.17787E1 5.15715E1 6.87154E1 5.15255E1 7.85239E1 8.23618E1 5.50531E1 1.49591E1 5.26811E1 9.09602E0 1.41637E1 4.81502E1 7.97501E0 5.93332E1 8.70544E1 5.20943E1 5.63007E0 2.99179E0 1.43433E1 1.01092E1 2.44352E1 1.36668E1 1.21216E1 3.91072E1 8.92102E0 5.68979E0 1.42463E1 3.42319E1 1.85361E1 4.01106E1 3.88219E1 8.06671E0 2.72819E1 1.22721E1 2.21621E1 3.04946E1 1.43215E1 3.65599E1 1.15799E1 2.59705E1 1.05459E1 3.20907E1 2.50393E1 2.4754E1 9.76272E0 1.25917E1 1.497E0 9.03664E0 8.87743E-1 1.12989E1 3.30192E0 1.73323E0 4.451E-1 1.07017E0 2.0337E0
4.15885E1 6.36331E1 5.59877E1 5.26111E1 5.56837E1 4.88041E1 4.59165E1 6.99104E1 5.26702E1 5.99987E1 8.22629E1 5.25666E1 5.86468E1 3.31593E1 2.03551E1 6.80448E0 7.50665E0 1.33955E1 2.46343E1 2.3797E1 2.07748E1 2.32691E1 3.3884E0 2.7185E1 8.19012E0 7.57226E0 2.14405E1 8.51509E0 1.10094E1 3.42786E1 3.56136E1 3.15626E1 1.25796E1 1.73632E1 3.4026E1 1.46324E1 1.65442E1 1.7447E1 2.54472E1 2.91729E1 3.97802E1 1.24981E1 3.70482E1 2.81274E1 2.19191E1 2.98803E1 2.30351E1 2.03727E0 1.02969E1 1.00167E1 1.66119E1 3.63412E0 9.83305E0 2.88492E0 1.91749E0 2.32433E0 2.25367E0 3.66453E0 8.9879E-1 2.35856E-1
5.61338E1 5.32461E1 4.91949E1 4.64882E1 5.13497E1 2.79165E1 3.47343E1 4.44787E1 4.91983E1 7.51668E1 5.4313E1 4.99497E1 4.07649E1 3.38745E1 3.40747E1 8.82113E0 7.44445E0 4.17155E1 1.52906E1 4.85654E1 2.26094E1 5.68899E1 4.55457E1 7.54247E0 1.66783E1 8.58405E0 1.10657E1 2.65132E1 3.43031E1 2.84629E0 2.612E1 3.80323E1 8.81752E0 1.33878E1 2.12363E1 2.60879E1 1.23904E1 5.27624E0 2.48017E1 2.71294E1 2.7857E1 2.69795E1 3.3293E0 3.11255E1 8.53358E0 1.05392E1 1.15915E1 2.4444E0 6.65893E0 9.85601E0 2.48963E1 5.76113E0 6.81638E-1 1.83234E1 4.54552E-1 4.1735E-1 6.28068E0 1.74998E0 3.19391E-1 1.33199E0
4.85674E1 3.48832E1 4.21085E1 6.04247E1 3.13317E1 8.22744E1 3.35111E1 2.71154E1 5.07748E1 5.14754E1 5.0632E1 6.81E1 5.33081E1 2.20756E1 1.86443E1 1.09768E1 1.52941E1 1.41966E1 6.95506E0 3.50184E1 4.63761E1 2.09865E1 2.0114E1 3.33424E1 6.09572E0 6.63445E0 7.27144E0 2.25121E1 1.45258E1 1.60211E1 2.16638E1 2.05648E1 1.18213E1 1.4292E1 2.47218E1 4.08439E1 1.12595E1 2.18896E1 2.4494E1 2.86455E1 3.08668E1 1.20858E1 1.02022E1 9.54661E0 3.131E1 1.41372E1 1.50357E1 2.50709E1 4.41977E0 4.9438E0 5.3124E0 1.52774E1 5.36876E-1 4.13696E-1 1.11833E1 3.14906E0 5.48677E-1 1.55253E0 4.34985E0 1.27869E-1
3.70919E1 4.90822E0 1.08768E1 4.23467E1 5.10033E1 5.80972E1 4.99165E1 5.80131E1 7.87103E1 3.13842E1 5.1468E1 5.09425E1 4.737E1 2.3811E1 3.92432E1 2.34017E1 4.17669E1 5.59844E0 7.53411E0 7.44643E0 3.23199E1 5.80686E1 2.27482E1 5.6413E0 2.04708E1 2.0271E1 2.17987E1 2.42601E1 2.35026E1 2.1006E1 8.58065E0 2.04343E1 1.22251E1 3.95646E0 3.17071E1 3.19599E1 3.16987E1 3.84961E1 1.96979E1 9.50849E0 1.07176E1 9.69392E0 2.18202E1 8.01662E0 2.18581E1 9.98135E0 1.35967E1 3.15981E1 3.9775E0 8.91593E-1 4.6267E-1 4.39281E-1 2.6851E0 1.29902E0 1.26567E0 7.5409E0 5.11406E-1 4.37681E-1 4.33578E-2 3.35161E-3
4.21765E1 1.50281E1 1.37589E1 3.64957E0 3.57077E1 5.18969E1 1.69812E1 5.47212E1 3.34284E1 6.75095E1 1.50609E1 9.86973E0 1.18762E1 3.83815E1 1.3242E1 1.71827E1 3.27545E1 1.09567E1 1.27926E1 1.5585E1 1.66817E1 3.347E1 2.09471E1 1.24507E1 6.63862E0 5.81141E0 6.28185E0 3.77834E1 3.61073E0 1.49882E1 3.47284E1 3.07937E1 1.42863E1 4.22101E0 4.83717E0 1.61566E1 1.34287E1 2.96473E1 8.35066E0 1.1959E1 5.96247E0 3.86217E0 2.93262E0 8.42211E0 8.64099E0 7.26622E0 9.10415E0 1.73076E0 8.62944E0 4.32342E-1 1.9806E0 6.08511E-1 4.05945E-1 5.08002E0 1.25018E0 5.21554E0 5.21526E0 5.1613E-2 2.00553E-2 2.67717E-2
2.42549E1 1.89263E1 3.29874E1 5.63784E0 8.98079E0 3.79097E1 1.22739E1 5.48449E1 1.07495E1 1.57536E1 9.0866E1 1.01602E1 3.03216E1 1.80849E1 5.51086E1 2.43665E1 2.25322E1 7.61309E0 1.69155E1 1.62863E1 2.4739E0 1.94212E1 1.13433E1 1.54547E1 8.36717E0 1.80257E1 3.23958E1 2.37133E1 3.50746E1 2.34589E1 9.76564E0 2.66082E0 1.25082E1 2.90332E1 9.97242E0 4.10769E1 1.39701E1 1.41541E1 3.01094E1 3.72969E1 1.36954E1 1.20639E1 1.21565E1 2.97263E1 8.56516E0 9.77984E0 9.33313E0 6.19027E0 8.84331E-1 6.57756E0 6.63537E0 3.76954E0 2.29811E-1 1.14554E0 2.95698E0 5.93324E0 3.18407E-1 1.06533E-1 7.85627E-3 3.7029E-1
2.26404E1 6.07218E1 4.50161E1 1.54948E1 8.42645E0 1.18418E1 5.05636E1 2.18256E0 8.8702E0 5.02123E1 8.4512E1 9.15712E1 3.16041E1 7.45763E0 9.49092E0 4.37679E1 3.00629E0 1.3515E1 2.41729E1 1.05018E1 9.40206E0 1.20284E1 6.43387E0 1.29251E1 1.06409E1 1.30582E1 4.37097E1 1.66948E1 1.30745E1 3.07482E1 6.08283E0 2.39699E1 9.16815E0 1.44761E1 2.9582E1 3.38325E1 1.07906E1 5.51362E0 2.01354E1 2.11823E1 8.8694E0 8.59026E0 3.85289E0 1.18598E1 2.18626E1 9.88847E0 3.62839E0 9.71434E0 9.58137E-1 9.24994E-1 2.17162E0 4.94116E-1 2.68306E0 1.71339E0 1.10076E1 6.10344E0 3.88333E-1 5.29882E-1 1.30289E0 1.14949E0
2.98091E1 2.47788E1 2.01369E1 1.53333E1 1.59464E1 6.58277E0 2.95468E1 1.47877E1 4.06076E1 5.09141E0 1.23852E0 1.91674E1 3.68063E1 2.83248E1 4.90636E0 8.98909E0 1.08303E1 1.4353E1 4.60476E1 2.08988E1 9.31573E0 1.82191E1 2.76789E1 1.12213E1 2.98825E1 1.12341E1 1.24224E1 2.79653E1 3.42659E1 1.79649E1 2.05598E1 9.12321E0 3.50464E0 4.05775E1 2.45626E1 1.83667E1 2.92596E1 3.17414E1 2.16602E1 1.86042E1 1.5855E1 1.49751E1 3.13366E1 1.19801E1 1.02138E1 7.71969E0 2.85548E0 1.5695E0 6.81588E0 6.70537E-1 5.51024E-1 3.49626E0 3.88832E-1 1.98607E0 3.20807E0 8.50668E0 1.22807E0 1.13524E1 3.36947E0 2.61242E0
4.76078E1 1.95428E1 2.20048E1 5.07765E1 1.2157E1 1.00404E1 1.00276E1 5.06088E0 2.46996E1 6.24757E0 2.44144E1 1.40039E1 1.45923E1 8.63811E1 3.18638E1 8.30352E0 2.84935E0 8.83738E0 2.82031E1 1.37176E1 7.39308E0 9.69512E0 1.44582E1 1.14027E1 3.27708E1 9.68456E0 6.13984E0 3.91514E1 1.37411E1 1.21922E1 1.08902E1 7.20839E0 3.51871E1 2.22726E1 4.24052E1 2.97086E1 1.39426E1 1.7195E1 3.22358E1 3.33421E1 1.63103E1 1.18772E1 8.40903E0 1.57773E1 1.222E1 1.01612E1 2.02032E1 9.15085E0 5.8386E-1 4.07159E0 3.61479E0 5.15253E-1 3.74158E0 2.47155E0 6.21892E0 1.7043E1 1.09219E1 1.7608E0 8.38337E0 1.83368E0
2.89819E1 4.63315E1 5.17707E1 5.52374E1 3.88574E1 6.55465E0 1.45309E1 1.70486E1 1.39187E1 2.55217E0 2.56481E1 6.18344E0 2.75148E0 1.46674E1 7.10758E1 3.05394E1 2.30158E1 2.28332E1 1.09034E1 1.31563E1 4.42672E1 1.19077E1 1.45601E1 1.04443E1 1.93029E1 1.07396E1 3.24592E1 5.77279E0 3.88694E1 1.72111E1 2.35161E1 4.31693E0 1.2067E1 3.33495E1 3.51797E1 1.01004E1 3.70502E1 4.0225E1 1.46021E1 1.99579E1 3.28808E1 7.36733E0 2.71208E0 2.71187E0 2.40124E1 1.07612E1 1.35398E1 5.85911E-1 5.75484E-1 3.43711E0 5.21352E-1 3.44145E0 3.62466E0 2.24952E0 3.83487E0 4.65042E-1 1.05823E0 5.21318E0 2.1514E0 2.10489E-1
3.24436E1 5.56461E1 5.32081E1 2.15984E1 1.74674E1 2.24095E1 9.45058E0 7.90425E0 5.98146E0 2.7436E0 2.93941E1 7.59354E0 1.78021E1 7.20379E0 4.73577E1 4.96732E1 5.70127E1 2.41462E1 2.55506E1 4.22449E1 1.40598E1 4.08688E1 2.88913E1 2.61178E1 2.39366E1 2.97749E1 3.99173E1 2.26326E1 2.25471E1 9.22497E0 3.64456E1 2.20896E1 1.6158E1 3.41581E1 1.2167E1 1.25206E1 3.50312E0 1.1084E1 3.84789E1 3.48351E0 3.54878E1 2.48132E1 3.2218E1 9.07465E0 7.72201E0 1.97179E0 8.07906E0 6.54313E0 1.3749E0 4.64387E-1 3.33863E0 4.22443E-1 5.96023E-1 5.03136E-1 2.55985E-1 8.53094E0 1.32097E0 1.37372E-1 1.25084E-1 5.04068E-2
4.81673E1 3.50493E1 5.5336E1 6.30161E1 5.0551E1 6.0503E1 1.5415E1 6.23199E0 7.93269E0 3.59511E0 4.82518E0 5.8497E0 2.85746E0 8.20966E0 1.76404E0 5.19174E1 7.79036E1 3.30673E0 2.37977E1 2.72608E1 1.18968E1 8.62434E0 8.62825E0 1.36472E1 1.85054E1 1.93405E1 1.73166E1 1.83798E1 6.32776E0 2.00652E1 2.34469E1 3.24047E1 2.4196E1 1.21312E1 1.68652E1 2.12776E1 1.6129E1 1.01681E1 1.10639E1 9.97292E0 2.04653E1 8.79207E0 6.91676E0 1.13402E1 2.69365E1 1.447E1 6.44836E-1 1.64449E0 1.92012E0 3.93656E-1 4.29135E-1 3.72496E0 6.54633E0 1.61126E0 1.39988E1 1.21827E0 1.58901E0 3.20787E-1 7.93584E-2 8.67077E-2
4.96503E1 2.67798E1 6.67322E1 6.21195E1 5.80896E1 4.91585E1 2.07933E1 8.09817E0 1.4355E0 2.45617E0 4.9361E0 4.78291E0 6.65097E0 2.99932E0 8.49404E0 2.06485E0 4.44185E1 7.23224E1 3.64908E0 2.61132E1 2.17673E1 1.15334E1 4.67572E0 3.05243E1 3.56496E1 2.79167E1 1.26893E1 1.22918E1 1.87532E1 1.0889E1 7.65458E0 1.36905E1 1.06554E1 1.42745E1 9.22334E0 2.23329E1 2.30204E1 1.4497E1 3.35201E1 1.23244E1 1.01495E1 1.93488E1 1.32317E1 1.67582E0 1.08579E0 9.24672E-1 2.33896E0 5.93435E-1 4.60402E-1 9.22701E-1 8.72024E-1 1.35136E0 5.91377E0 1.89346E0 4.32238E-1 4.35674E-2 1.08617E-1 5.48012E-2 4.77145E-2 5.67735E-2
2.31377E1 7.02766E1 4.14691E1 4.51084E1 5.73223E1 8.16584E0 4.85367E1 2.00978E1 6.72401E0 1.40593E0 6.71861E0 2.95356E0 2.86133E0 1.3429E0 2.98622E0 1.23822E0 4.43151E0 7.17502E1 5.93437E1 1.51777E1 1.4676E1 1.26166E1 3.98667E1 1.00512E1 1.40149E1 1.33986E1 3.30068E1 3.22038E1 2.24844E1 1.09871E1 2.55924E1 1.68967E1 3.08823E1 3.4851E1 2.97702E1 3.14991E1 3.09799E1 2.80212E0 8.94944E0 9.34988E0 2.90785E0 8.79079E0 7.4814E0 1.42688E0 1.6178E0 5.90998E0 5.07217E0 3.11603E0 1.75792E0 9.23625E-1 1.38942E0 8.98197E-1 6.58598E0 5.6449E0 1.04014E0 7.27478E-1 1.80043E-3 1.37154E-2 3.82022E-2 1.61764E-2
4.52883E1 6.11217E1 5.8268E1 4.65053E1 4.92047E1 2.79941E1 4.07809E1 5.64222E0 9.07754E0 3.95737E0 2.75408E0 9.01306E0 1.21108E1 1.05606E1 1.5696E1 1.63805E0 7.91867E0 3.56709E1 7.33139E1 5.95269E1 5.80837E1 5.82705E1 5.83629E1 1.22335E1 4.24026E1 3.95329E1 2.89299E0 2.93645E1 1.20639E1 2.64447E1 4.03577E1 1.8644E1 1.10335E1 2.00441E0 2.19081E0 9.47003E0 2.86664E1 2.85426E1 7.59447E0 1.75477E1 9.66729E0 3.34266E1 3.28259E1 9.53637E0 7.8879E0 5.57046E0 3.53156E0 2.61126E0 1.63988E0 8.72131E-1 3.65697E0 1.32994E0 1.19753E1 -9999 9.42908E0 5.10692E0 3.01858E-1 8.6833E-3 9.12262E-3 9.11041E-3
6.36648E1 4.4103E1 4.05927E1 2.89494E1 4.09806E1 2.81399E1 1.97856E1 2.44535E1 1.54082E1 6.30734E0 1.7152E0 8.83491E0 6.16425E0 1.8162E0 6.66456E0 1.45527E1 3.95606E1 3.32007E0 5.45571E1 1.40079E1 1.60896E1 2.12333E1 9.46474E0 1.33832E1 2.54384E1 3.34733E1 9.41994E0 2.79697E1 7.85432E0 2.95902E1 1.83047E1 3.33813E0 1.12181E1 1.21246E1 1.96405E1 1.60962E1 1.38628E1 1.41747E1 3.47517E1 1.57952E1 1.5523E1 1.37685E1 2.97981E1 1.07547E1 6.88448E0 3.44785E0 1.25368E0 5.18889E-1 1.62204E0 6.04602E-1 7.81277E-1 6.34459E-1 6.34112E0 -9999 -9999 9.86094E0 1.57009E0 1.27008E0 2.26177E-2 1.93778E-3
