outputallcorrectTI_nofloodareas_nofloodcontrols_BK1/flood.asc
ncols         319
nrows         495
xllcorner     219017.22331753
yllcorner     4610852.5305323
cellsize      500.0
NODATA_value  -9999
[rows 52 to 77 of 495, columns 60 to 119 of 319]
1.71794E-3 1.95551E-3 3.69648E-2 1.75678E-3 2.6268E-3 6.0887E-3 1.76554E-2 1.58787E-3 7.15885E-3 2.56517E-3 4.96722E-3 5.58632E-3 6.75553E-3 4.96104E-2 1.4323E-2 1.45419E-4 1.00571E-4 1.67312E-4 2.39086E-4 5.58173E-2 9.55595E-3 2.10613E-2 6.61398E0 7.1228E1 1.98882E1 1.42092E0 2.35772E0 2.08574E1 4.39039E1 1.71986E0 3.95753E-1 8.63712E-1 5.37794E-2 1.33954E0 3.60987E-1 3.35115E-3 9.76672E-3 5.28754E-3 3.19359E-2 2.16852E-3 3.00559E-3 1.67146E-3 4.31222E-3 7.7641E-3 3.11163E-2 5.88122E-2 3.18723E-3 3.04052E-2 1.68703E-3 2.13093E-2 6.5095E-3 3.09259E-3 5.65202E-3 7.35579E-3 2.76195E-2 2.82378E-3 2.212E-2 4.10326E-3 5.41825E-2 1.24061E-2
1.3581E-1 2.86392E-1 1.46525E-3 2.13163E-3 3.60605E-2 2.62847E-2 8.27724E-4 6.19073E-4 2.07756E-2 6.57973E-3 6.8505E-3 2.46086E-3 2.76534E-3 4.72676E-2 3.11381E-3 2.83377E-3 4.97058E-3 5.25925E-3 4.55001E-2 3.19268E-2 6.86072E-3 6.16147E-3 1.39056E-2 7.6887E-2 6.05989E0 7.14248E1 3.20769E1 4.43446E0 3.73696E1 1.81602E0 4.856E-1 1.26769E0 5.32193E-1 1.65644E1 2.32523E-1 4.11974E-3 5.44267E-3 4.73445E-2 2.72556E-3 1.24294E-3 2.22984E-2 1.20561E-3 4.63153E-3 1.14786E-3 2.88519E-3 7.7588E-1 2.55679E-2 6.68282E-2 2.88972E-2 2.95242E-3 5.27507E-3 1.77551E-3 1.52678E-2 3.8638E-3 2.76948E-2 2.65688E-4 1.96485E-3 1.63762E-3 5.73232E-2 2.07896E-3
2.37183E0 2.20002E-2 6.62073E-3 4.19048E-2 2.70066E-3 6.03044E-3 5.68063E-3 1.41362E-3 2.40427E-2 1.86973E-2 2.45125E-2 3.24976E-2 3.00275E-3 3.78429E-3 4.78183E-2 2.15845E-2 2.13529E-2 1.90537E-2 1.99841E-2 5.84061E-2 8.44362E-2 1.50948E-2 1.64919E-2 7.50779E-3 1.69415E-2 1.64416E-1 1.72255E1 3.71894E1 3.69425E0 1.24348E1 6.00586E0 4.83798E1 6.22058E1 4.64726E0 2.12907E-1 1.99038E-1 8.67594E-1 4.8976E-1 2.33658E-1 2.52535E-2 1.12395E-3 8.74669E-4 4.41947E-3 7.58939E-3 3.11E-2 6.91961E-1 9.25703E-4 2.53098E-3 1.41311E-3 3.58636E-3 2.9849E-2 2.21738E-2 2.25488E-3 6.2912E-3 1.64567E-3 2.29087E-3 1.72893E-4 5.68677E-5 1.1788E-3 3.80265E-2
1.0796E0 1.9452E-2 9.84308E-3 4.26743E-2 2.63382E-2 1.84118E-2 1.97349E-3 2.0876E-2 3.43332E-2 2.49177E-3 2.80149E-2 1.67928E-2 2.74787E-2 2.99213E-3 3.15061E-3 5.59584E-2 2.71713E-2 6.82465E-2 2.40118E-2 1.35975E-1 1.13993E-2 5.62346E-3 2.68574E-2 2.30962E-1 2.63024E-1 3.09531E0 4.89426E1 1.02821E1 4.5525E-1 1.0009E-1 3.04167E-3 1.95052E-1 8.42173E-1 4.57752E1 4.20885E0 1.04257E0 2.85138E-1 1.98323E-1 8.39256E0 2.30811E-1 6.47236E-3 1.33292E-3 5.31445E-3 6.32704E-3 7.40185E-3 5.39289E-1 2.65643E-2 2.72178E-2 6.64862E-2 2.25832E-2 1.2394E-1 6.47402E-2 6.23158E-3 1.44838E-2 5.21871E-3 2.33892E-2 1.46055E-2 5.2408E-3 2.66125E-3 2.12544E-2
2.64618E-3 3.22393E-3 2.74571E-2 5.73112E-2 6.93951E-2 6.32341E-3 2.22651E-3 4.033E-3 5.47076E-2 2.37253E-2 2.99224E-2 1.59869E-2 3.14427E-2 2.96107E-3 2.05946E-2 2.19354E-2 5.58082E-2 3.00147E-2 1.24899E-1 3.78115E-3 1.5193E-2 3.65408E-3 3.82412E-3 5.20302E0 9.31851E0 3.90528E1 1.74997E0 1.36054E-2 1.05734E0 4.0691E-3 4.19582E-2 5.44406E-3 8.84085E-1 2.50698E1 1.02312E1 2.01365E0 1.59364E0 1.70889E0 2.49738E1 7.41435E-2 3.6913E-2 1.2333E-2 3.18226E-3 2.79348E-3 8.25021E0 2.85334E-2 2.31873E-2 6.12319E-3 2.59188E-3 5.44796E-2 5.48085E-2 2.74527E-2 1.67778E-3 3.56348E-3 6.50813E-3 2.13145E-2 3.61478E-3 2.78644E-3 1.33194E-2 9.803E-3
6.54771E-3 1.11249E-2 4.56267E-3 5.8861E-2 4.82334E-2 1.74169E-3 4.15466E-2 7.15308E-3 1.50629E-2 1.02623E-1 4.53257E-2 1.43953E-1 1.10578E-1 2.34232E-2 3.68287E-3 4.86849E-2 7.12225E-2 4.80243E0 4.74429E0 9.93391E-3 5.14319E-3 2.37536E-1 1.41334E0 6.34001E0 3.15859E1 7.05602E0 1.25789E1 8.91326E-2 7.93906E-1 3.89196E-3 4.64185E-3 2.75195E-1 3.69542E-1 7.17648E0 2.07543E1 1.63439E1 7.90636E0 1.72905E1 8.4755E0 2.85386E-1 2.97006E-1 1.81416E-3 5.9388E-2 3.53517E-3 8.73917E0 2.28688E-3 6.51274E-3 1.74504E-3 3.31467E-3 2.98267E-3 5.74488E-2 1.16475E-3 3.05322E-3 1.76964E-3 3.09944E-2 2.61406E-3 5.50532E-3 2.70174E-2 1.72195E-2 6.3287E-3
6.26367E-3 3.23325E-2 5.09529E-3 5.74652E-1 3.42483E0 3.4672E-2 6.51955E-3 4.02665E-2 2.53378E-2 1.877E-2 6.572E-2 7.45763E-2 1.78938E-1 1.78649E-1 1.75512E-1 3.51294E-2 3.33399E-3 3.89854E-3 3.738E-3 7.8756E-1 2.67118E-2 1.92142E-2 9.72747E-1 1.2302E1 2.83197E1 3.75786E1 7.3977E0 8.85084E0 8.24258E0 1.82148E-1 3.02557E0 1.97293E-1 6.84556E0 1.36127E1 2.2324E1 2.31625E1 1.69386E1 5.00675E0 1.322E1 1.59021E1 6.88788E0 6.06939E-1 1.10349E-1 8.38578E-2 4.54791E1 1.87116E0 6.404E-3 2.91407E-3 2.46603E-2 4.56367E-2 2.51178E-3 6.37526E-3 3.99468E-3 4.04356E-2 2.61077E-2 4.51888E-3 2.52063E-3 3.55543E-2 2.04374E-2 1.8627E-3
3.73454E-3 2.76458E-2 1.6538E-2 4.29059E-3 2.34543E-1 4.32053E0 2.80448E-2 6.31522E-3 9.52578E-3 1.90432E-2 6.17311E-2 8.23836E-3 9.79414E-3 2.54688E-2 2.13358E-3 3.56364E-3 2.92989E-2 5.17742E-3 5.42733E-3 5.84798E-3 1.32738E0 4.32076E-2 9.59175E-1 1.82943E0 2.18615E1 1.50398E1 1.94524E1 6.52536E0 3.65014E1 1.18669E0 7.9859E0 7.98949E0 1.91081E1 2.38831E1 1.35574E1 2.3394E1 7.88019E0 2.23341E1 3.20812E0 1.64758E1 1.0733E1 6.75065E0 2.97178E-1 5.11557E1 1.29199E0 2.00292E-1 2.23336E-3 4.1861E-3 4.51027E-3 1.19667E-1 6.27389E-3 3.9053E-3 4.22707E-3 5.93032E-2 2.0381E-3 4.64713E-3 2.05784E-3 4.79522E-2 2.08994E-2 4.37896E-3
5.01617E-3 1.92103E-2 1.63432E-2 6.89688E-4 4.21288E-3 9.82689E0 2.14397E-3 1.89114E-2 3.12211E-3 2.42296E-2 2.33398E-2 1.59922E-2 1.11829E-2 2.94894E-2 2.4176E-2 1.77982E-2 1.86585E-2 3.04785E-2 4.99194E-2 2.41648E-1 4.06956E0 1.60509E-1 1.69426E-2 5.72411E0 1.3013E1 3.24368E1 2.36195E1 1.42234E1 2.87288E1 4.34427E1 1.76522E1 2.90117E1 2.90525E1 2.92931E1 2.68955E1 2.57994E1 2.28535E1 1.84188E1 5.58532E0 1.53869E1 3.72635E0 9.48567E0 1.57357E0 6.06627E0 1.77376E1 1.05086E-1 2.52528E-3 4.43506E-3 5.37216E-1 1.56627E-3 1.99631E-3 5.24927E-3 3.13277E-3 1.24171E-1 3.53375E-3 2.41571E-2 2.47548E-3 5.23426E-2 1.68445E-2 2.83086E-2
2.2149E-1 2.42214E-2 1.44261E-2 5.76934E-3 2.4878E-2 1.08563E1 3.11358E-1 6.77795E-3 2.2943E-2 3.99259E-2 4.47235E-2 8.17237E-3 1.57308E-2 2.32653E-2 3.33781E-3 3.14002E-2 2.73516E-2 9.82154E-3 5.84993E-3 8.6527E-1 6.13359E1 1.50686E-1 2.60181E-1 1.25755E-1 8.61614E0 2.04301E1 2.55884E1 2.32951E1 1.24849E1 1.50341E1 4.2678E1 1.45061E1 1.29886E1 1.76659E1 1.33884E1 2.90865E1 2.64507E1 2.57842E1 2.04006E1 1.75923E1 1.49422E1 9.90374E0 1.08871E0 5.29774E0 1.75179E1 5.3826E0 2.02525E-1 7.40246E0 1.78134E-2 1.45852E-3 1.98629E-2 4.99174E-3 5.91498E-2 2.93927E-2 1.23431E-2 5.08409E-3 9.22333E-2 1.55894E-1 2.70055E-3 4.28103E-2
8.26727E0 2.23155E-3 1.32598E-2 2.11016E-3 8.28267E-2 2.2749E-1 5.12131E0 7.28037E-2 2.16325E1 3.39484E-3 2.22021E-2 1.03149E-2 7.80463E-2 2.09915E-2 2.95488E-2 3.3674E-2 4.04518E-3 5.18299E-3 1.27799E-2 1.76992E-1 1.21921E0 5.41088E1 1.67185E-1 1.69964E-1 2.31152E1 1.63124E1 2.11994E1 2.89995E1 2.60222E1 2.65188E1 2.64573E1 4.80745E1 4.30941E1 6.60327E0 7.36737E0 6.46833E0 1.27379E1 2.50301E1 2.23613E1 1.72157E1 7.10281E0 1.29591E1 4.54444E0 4.90156E0 4.27931E0 1.48547E1 1.65656E-1 1.51635E1 7.30629E-2 2.22636E-2 2.31727E-2 4.02498E-3 7.15488E-2 2.78499E-2 5.39946E-2 2.94716E-3 3.506E-3 6.73939E-2 2.31955E-3 1.54816E-2
3.81488E-1 3.15254E-3 2.07607E-1 6.77363E-2 2.01824E0 4.67437E-1 9.52685E0 9.63947E0 9.267E-1 8.31286E-1 3.20657E-3 1.14686E-2 1.49362E-2 4.69977E-2 2.43946E-2 1.4288E0 3.30414E-3 4.30991E-3 2.6679E-1 1.44284E-2 1.26349E-1 3.95958E1 8.45916E-2 3.98519E-1 1.26458E-1 2.07342E1 1.24327E1 1.2481E1 1.65161E1 2.69485E1 1.82118E1 2.91453E1 2.80484E1 4.39867E1 1.30874E1 1.18135E1 2.07144E1 2.57742E1 2.60974E1 8.40947E0 1.88588E1 1.34578E0 2.0216E1 1.69935E1 1.33476E1 5.67235E-1 4.57133E1 5.27824E0 2.92384E-2 3.66603E-3 2.18838E-2 3.48517E-3 5.85878E-2 6.02015E-3 1.64691E-2 3.07503E-3 8.12244E-2 6.81027E-2 2.13306E-3 1.62085E-2
1.78588E0 1.10103E-1 3.38956E-1 1.19056E0 3.33795E0 3.30703E0 3.40702E0 1.0094E-1 3.7807E-3 2.54335E-1 3.87796E-1 1.43655E-2 1.74206E-2 6.68532E-2 3.39438E-2 9.79577E-3 5.55059E0 2.09764E-2 4.9496E0 3.85466E0 1.9859E0 2.581E1 1.08249E-1 1.73366E-1 1.66906E-1 8.49749E-1 8.98925E0 1.78368E1 1.28663E1 1.76659E1 2.91498E1 1.3446E1 2.63379E1 2.58474E1 5.14622E1 4.43709E1 1.15107E1 1.2068E1 2.62552E1 2.16585E1 9.22939E0 1.67435E1 2.11159E1 1.52206E1 9.81894E0 5.21166E0 2.08691E1 5.80735E-1 1.07745E-3 3.73192E-3 6.9166E-2 6.82098E-2 2.20301E-2 1.07259E-2 3.26108E-3 1.58692E-2 5.12029E-3 1.67848E-1 2.42769E-3 2.60963E-2
-9999 1.97245E0 4.24357E0 2.98877E0 8.45317E-1 6.83903E-2 1.81184E-1 2.57522E0 1.67682E-3 8.8035E-3 3.91354E-2 4.45872E-3 6.53885E-4 1.03799E-2 2.31345E-2 3.2245E-2 1.17056E-2 3.51837E-1 1.75395E-1 5.52773E-1 1.2698E1 3.22428E1 3.5411E0 1.96664E-1 3.09806E-1 2.84768E-1 1.70811E1 2.00495E1 2.49822E1 2.63122E1 2.69372E1 1.25679E1 1.56688E1 1.28966E1 8.71807E0 1.18112E1 4.78115E1 4.95923E1 5.33157E1 1.35995E1 2.16632E1 9.49992E0 1.85118E1 7.54512E0 1.09335E1 1.31576E1 9.19951E0 3.64176E-1 8.89322E-2 2.1079E-1 1.04047E-2 2.48886E-2 4.41894E0 2.8909E-2 1.96465E-2 6.61715E-2 2.77532E-2 5.03294E0 5.06118E-3 3.86781E-3
-9999 3.59136E0 1.6576E-1 6.41292E-2 1.38424E-1 3.09182E-3 1.64585E-1 5.11307E0 9.73825E-2 1.12343E-2 2.84172E-2 9.73868E-3 2.08171E-2 5.22529E-3 4.35253E-3 4.94157E-3 1.63203E-1 5.58542E0 1.74462E0 2.24815E0 7.26096E-1 1.94423E1 3.03312E1 1.75122E0 8.55202E-1 4.67589E-1 6.9139E-1 3.02037E0 1.79233E1 5.77528E0 1.19505E1 1.12157E1 7.05618E0 1.36233E1 2.61464E1 9.23734E0 1.1593E1 1.60692E1 2.67623E1 5.454E1 1.33503E1 2.23923E1 9.14961E0 1.93955E1 5.9596E0 1.5144E1 2.61017E0 3.06377E0 5.09214E0 6.17418E-1 3.19356E-3 6.03266E-3 1.3018E0 2.18599E-3 4.59624E-3 3.05335E-2 4.04159E-3 1.06264E-1 1.40794E-2 4.07E0
-9999 1.37159E0 2.24071E0 7.75564E-2 1.1055E-2 8.2327E-3 3.98423E-3 4.50105E0 1.09093E-1 2.78485E-3 1.49464E-2 3.5599E-2 5.78602E-3 5.78649E-2 7.70195E-1 1.70713E0 5.10553E-1 1.77826E-1 1.88847E-1 8.37332E-2 3.9432E-1 2.86095E0 2.76266E1 5.10256E0 1.75499E0 3.68175E-1 3.58956E-1 9.44809E0 8.23159E0 8.61875E0 3.00997E0 6.25842E0 2.76704E1 1.25959E1 1.34985E1 1.23638E1 1.02489E1 1.38032E1 2.70117E1 3.03767E1 5.56371E1 2.31943E1 2.53007E1 1.63667E1 1.90876E1 5.48519E0 1.8785E1 2.9128E0 2.03022E0 9.29384E-1 6.72983E-1 1.15262E-1 1.22903E0 7.93675E-2 3.22632E-3 3.80456E0 1.71416E-1 8.22612E0 5.50334E0 2.43171E-3
-9999 7.78347E-1 1.67047E-1 4.87604E-3 4.06928E-3 4.21459E-3 7.10606E-3 7.1777E-2 3.00554E0 1.6954E-3 3.90299E-3 2.06397E-2 2.86964E-2 6.60053E-4 2.7954E-3 2.65092E-2 3.14422E-3 2.27424E-1 1.5753E-1 7.97765E-3 1.26122E-2 5.49097E-3 1.90791E1 3.06621E1 7.2497E0 1.57215E0 1.25057E0 1.40063E1 2.19394E1 1.34748E1 5.42634E0 2.81699E0 8.76234E0 2.09079E1 2.81195E1 2.82116E1 2.70762E1 1.18576E1 2.39168E1 8.9098E0 2.01509E1 5.58053E1 2.57587E1 1.04283E1 1.25864E1 1.76428E1 1.34298E1 3.70859E0 1.24942E1 5.62334E-1 2.10258E0 6.94396E-1 2.46386E1 3.02746E-1 1.14869E1 4.96486E1 3.65617E0 3.31586E-3 3.31348E-3 1.45791E-2
-9999 3.75482E-1 3.33416E-1 1.59351E-1 2.67981E0 2.48286E-1 1.10545E-2 5.04444E-3 1.08499E0 2.64977E0 1.48221E-3 8.19042E-3 2.14269E-2 3.07499E-3 3.72361E-4 4.36832E-3 4.66011E-4 3.16304E-3 3.05078E-2 3.06462E-2 1.32077E-1 8.5448E-2 2.24922E-1 2.766E1 3.43998E1 5.64285E0 1.86429E0 1.59225E0 1.27539E1 6.54564E0 2.01905E1 1.33362E1 1.11049E1 1.02285E1 1.24013E1 1.28002E1 1.39908E1 1.2719E1 1.54383E1 2.93939E1 2.9585E1 1.70695E1 5.67442E1 2.12917E1 1.03224E1 2.06618E1 1.80406E1 1.82187E1 1.96061E1 1.81958E1 9.69394E0 3.93574E0 1.17937E1 2.39851E1 7.8097E0 1.19497E-1 4.46943E-3 2.30854E-2 4.85022E-3 2.48133E-3
-9999 3.37484E0 3.06358E0 4.98921E0 3.71639E0 2.02068E-1 3.02739E-3 4.61547E-4 3.86849E-3 3.42607E0 6.04816E-3 3.01278E-3 1.58139E-2 1.5604E-2 1.26515E-2 1.70289E-2 1.51308E-2 9.13706E-3 7.80276E-3 2.8951E-1 3.12537E1 7.60075E0 5.94487E0 9.14283E0 2.19884E1 3.70209E0 7.12362E0 1.80932E0 7.69362E0 2.10655E1 1.96469E1 5.83952E-1 4.45312E0 9.18028E0 1.70511E1 1.40362E1 2.85952E1 2.77708E1 2.75637E1 1.56515E1 1.76347E1 1.519E1 1.93609E1 5.67738E1 2.40704E1 1.94618E1 8.0404E0 1.6228E1 1.235E1 4.76255E0 6.2424E0 5.56348E0 2.55154E1 1.57212E1 1.47566E0 2.77715E-2 1.64947E-1 4.67077E-3 4.36998E-1 1.49429E-2
-9999 6.16141E-1 2.69167E0 3.31641E-1 1.46851E0 5.87082E-3 4.10656E-3 5.35441E-3 2.80066E-2 3.05152E0 2.71561E-2 2.16984E-2 1.14024E-2 5.41403E-3 3.05836E-2 5.44889E-2 4.80947E-2 7.78316E-3 3.72762E0 6.35612E0 2.15935E0 6.54509E-1 2.12644E-1 2.01184E0 2.80562E1 2.65647E1 3.06845E1 1.1952E1 2.06053E1 1.11419E0 2.74241E0 1.23542E1 8.99912E-1 7.69465E0 8.56632E0 1.22096E1 1.60692E1 3.17974E1 1.47597E1 2.56106E1 1.83482E1 2.75186E1 2.80483E1 5.64682E1 2.44566E1 2.23282E1 2.21802E1 6.78284E0 6.01273E0 1.19642E1 1.10453E1 1.80008E1 8.44869E0 1.63804E1 1.30528E1 8.30222E-3 8.42683E-1 9.12755E-1 2.3841E0 6.95526E-1
-9999 -9999 4.93381E-1 1.77662E0 2.03754E-3 2.14647E-3 1.00377E-2 7.00178E-3 1.45374E-4 5.63461E-2 2.11341E-2 1.45679E-3 2.71418E-3 4.78376E-3 9.10075E-3 2.94097E-2 1.90903E-2 1.74846E0 6.10881E-3 1.02387E-2 1.72764E-1 5.08316E-1 4.05216E0 1.28948E1 1.38307E1 3.10184E0 6.63205E0 1.91273E1 2.49733E1 1.12487E1 2.18034E0 4.40407E0 3.95538E0 3.88064E0 2.27526E0 1.00749E1 1.48968E1 1.33086E1 1.28254E1 3.00733E1 1.35118E1 1.09217E1 2.5008E1 1.66402E1 5.71886E1 2.26665E1 9.63265E0 2.09099E1 1.81521E1 1.89298E1 1.91309E1 5.62173E0 6.41003E0 2.05534E1 1.06125E0 2.07723E-1 9.51416E0 1.98107E1 1.35723E0 1.6059E1
-9999 -9999 3.20315E0 1.25941E0 1.60715E0 6.58736E-3 1.79371E-2 5.07258E-2 4.3131E-3 4.95235E-2 5.65381E-2 1.32238E-3 2.28862E-3 6.03362E-3 7.04947E-5 2.36853E-2 1.37299E0 3.51352E-3 2.11088E-2 2.79645E-1 4.2022E0 1.3916E1 1.24643E1 8.2063E-2 1.46014E-1 2.18744E-1 1.90268E0 9.68686E0 2.0272E1 2.94864E1 1.28738E1 1.10923E1 1.97961E0 6.66661E0 7.36202E0 1.3817E1 1.02726E1 2.59322E1 1.30756E1 2.94769E1 2.77096E1 1.15388E1 2.55457E1 2.69165E1 5.73759E1 1.13252E1 2.1684E1 8.77196E0 2.28146E1 7.09998E0 9.75326E0 6.70559E0 1.21582E1 1.61158E1 9.83902E0 2.11261E1 4.24453E-1 6.57621E-1 4.24016E0 4.51966E-1
-9999 -9999 1.19224E0 2.38452E0 9.4151E0 7.06369E-1 2.02766E-3 1.81523E-2 5.37288E-3 4.64387E-2 6.33485E-1 2.62678E-2 6.12402E-3 4.11498E-2 3.43151E-3 1.41563E-2 2.27578E-3 5.73998E-3 2.33549E-1 1.36711E0 1.73509E-2 1.4156E0 3.8293E-1 2.20052E-1 2.10881E-1 2.12181E-1 8.91665E-1 1.75031E1 6.08381E0 1.7299E1 2.66171E1 2.73027E1 1.16192E1 2.43339E0 4.77217E0 5.04848E0 6.86E0 5.40788E0 7.08269E0 7.71125E0 2.50401E1 1.04595E1 2.66794E1 2.46262E1 5.79419E1 2.27764E1 1.05198E1 8.2715E0 1.46289E1 1.39165E1 5.15711E0 1.9053E1 2.0352E1 1.52138E1 1.72569E1 7.95407E0 3.6499E-1 4.5092E-1 1.19462E1 1.53228E1
-9999 -9999 -9999 1.28581E0 7.23113E-1 1.56375E-3 3.81016E-3 1.54978E-2 4.75364E-2 3.01196E-3 2.39417E-3 5.96117E-2 1.1797E-3 9.77E-3 4.68888E-4 6.25186E-3 4.12914E-3 7.8633E-3 2.50356E-1 1.84289E-2 2.93651E-1 2.03174E0 2.01285E-1 2.14657E0 8.40139E0 7.44966E0 1.39911E1 8.41191E0 4.86838E0 7.1151E0 8.55064E0 7.20946E0 2.00023E0 3.8828E-1 3.27592E-1 3.75383E-1 1.75258E-1 2.8333E-1 1.29356E0 7.18725E0 1.52182E1 2.39629E1 1.1623E1 1.79333E1 5.6932E1 1.62601E1 2.5553E1 1.99166E1 2.49159E1 1.21697E1 1.59782E1 2.08681E1 2.30616E1 1.74401E1 1.40051E1 2.37205E0 6.70516E-1 1.23485E1 2.15551E1 1.06279E0
-9999 -9999 -9999 1.2527E0 7.10298E-2 1.62866E-3 1.04436E-2 1.47413E-2 2.56407E-2 8.65846E-3 5.33307E-3 6.04708E-2 4.68512E-2 3.70709E-2 4.04458E-3 3.89482E-3 2.87729E-3 2.14E-3 3.65288E-2 2.65367E-2 6.763E-2 3.22239E-2 4.07445E-4 9.97822E-2 1.99639E-1 5.10244E0 3.49693E-1 5.66208E-1 8.49529E-1 5.20138E0 1.05593E1 1.75685E0 3.85259E0 6.02697E-1 2.17857E0 2.04736E-1 2.02444E0 2.4461E-1 3.97562E-1 5.30046E-1 3.76483E0 3.38521E0 3.22901E1 3.52367E1 5.60595E1 1.75052E1 2.49134E1 9.28086E0 2.44086E1 2.38965E1 1.54276E1 9.18901E0 2.09161E1 1.77058E1 1.24625E1 3.79007E0 1.23886E1 2.21926E1 6.62581E-1 2.16569E-1
-9999 -9999 -9999 2.14832E0 8.85415E-1 1.92948E-1 2.17838E-3 3.95035E-3 2.63775E-3 3.88606E-3 2.22135E-2 2.07847E-2 3.70836E-2 4.16988E-2 1.88935E-2 2.33019E-2 2.71393E-3 1.22903E-2 2.59597E-2 1.92467E-3 1.24766E-3 1.25144E-3 8.09765E-3 4.4816E-1 9.81954E-1 1.56475E-1 2.43317E-1 1.90264E0 2.94434E0 2.2916E0 1.04077E1 1.09028E1 7.25389E0 1.863E0 2.28318E-1 1.19829E0 1.2545E0 3.43674E-1 1.07732E0 7.21217E-1 6.1381E0 7.01781E0 2.59759E1 8.92015E0 1.81845E1 6.10693E1 6.33822E1 5.60172E1 2.3027E1 1.87442E1 5.80405E0 1.36422E1 1.76404E1 1.77172E1 1.33342E1 1.94461E1 1.51788E1 8.23342E0 3.31795E-1 6.85246E-1
