outputallcorrectTI_nofloodareas_nofloodcontrols_BK1/flood.asc
ncols         319
nrows         495
xllcorner     219017.22331753
yllcorner     4610852.5305323
cellsize      500.0
NODATA_value  -9999
[rows 234 to 259 of 495, columns 120 to 179 of 319]
2.13968E-2 6.42431E-2 1.7372E-2 3.40927E-2 8.95317E-1 2.4407E0 7.32584E-2 2.74924E-1 7.61613E-1 3.87427E-1 3.65317E0 2.40183E-1 1.73407E-1 2.08138E-1 7.24879E1 3.97515E1 1.62475E1 9.50151E0 1.17038E0 9.00395E0 4.61756E0 3.52206E0 3.87091E1 2.73473E1 2.96195E1 1.59275E1 2.59419E0 8.57695E0 1.0256E0 8.40381E-1 3.35131E-1 7.10392E0 8.3628E-1 4.02801E-1 2.09086E1 1.03514E0 5.28673E-1 1.15943E-1 3.94888E-2 3.48665E-3 3.1579E-2 7.66157E-2 6.47151E-3 1.32108E-2 6.56949E-2 3.05103E-2 6.98881E-2 4.15708E-2 2.95677E-2 2.58757E-2 2.51644E-1 3.13409E0 3.31036E-2 9.2549E-2 3.70047E0 2.0494E1 9.68835E0 6.78582E0 4.54341E0 9.58756E0
5.86892E-2 1.66302E-2 5.46669E-2 2.55263E-2 7.97074E-1 5.14429E-1 3.87761E0 1.51056E0 3.67398E-1 7.41707E-1 6.99311E-1 8.18109E0 1.73095E1 6.45321E1 2.91411E1 1.81717E1 9.39574E0 4.02889E-1 6.62014E-1 3.69486E0 3.84661E1 3.75061E1 3.39453E0 2.61227E0 2.37213E0 1.65268E1 1.8032E1 1.69127E1 7.57553E0 1.26318E1 9.69414E0 3.17412E0 3.31644E-1 9.12787E-1 2.96917E1 1.76722E1 3.96191E-1 4.12056E-1 2.40434E-2 3.64956E-2 2.19485E-3 2.20942E-3 3.15553E-2 8.05262E-2 1.97952E-2 4.96504E-2 1.58878E-2 2.94124E-2 4.4811E-2 3.26716E-2 4.65972E-1 2.16261E-2 2.8965E-2 2.17949E0 2.02494E0 1.84848E0 1.25361E1 9.00568E-1 9.37628E-1 3.4834E0
2.41713E-2 5.08919E-3 2.78239E-2 2.63967E-2 8.04103E0 1.94554E1 1.31862E0 3.51837E0 3.53778E-1 2.1067E-1 1.40782E0 1.8551E1 7.61578E1 1.93001E0 1.07735E1 4.32741E-1 3.98698E-1 2.0951E-1 1.10751E-1 4.95845E0 5.19361E0 1.08341E1 3.28177E1 2.39866E0 4.4366E0 3.06215E0 1.65573E1 2.22191E0 1.88583E0 2.25272E0 2.10122E-1 2.75617E-1 3.31047E-1 6.0528E-1 5.7822E-1 6.13925E0 8.32334E-1 2.0659E-1 2.21093E0 1.5279E-2 2.97255E-2 2.95514E-2 2.77734E-3 1.69046E-2 1.30325E-3 3.08248E-3 2.15936E-3 1.50582E-2 2.95261E-2 1.5882E-2 5.30195E-3 2.20573E0 2.96557E-1 2.25771E-1 4.26657E-1 6.2256E0 1.02135E0 5.27666E-1 6.41304E-1 3.30214E0
1.84385E-2 3.06422E-2 2.76058E-1 9.28333E-2 1.93152E-1 1.12145E1 1.28386E0 3.77705E0 1.99842E-1 8.2615E-1 2.17275E0 1.27646E0 6.46003E1 5.16085E-1 9.40627E-1 1.03605E0 3.09347E-1 1.95236E0 2.15384E-1 2.42237E0 2.10346E0 6.39915E-1 1.08208E1 1.84893E1 1.74377E0 5.97222E0 3.18965E0 1.39974E1 6.25198E-1 5.39761E-1 4.28649E-1 8.09479E-1 9.52634E-1 2.68297E0 2.66308E-1 2.25237E0 2.34418E1 8.272E0 5.57921E0 2.22458E-1 3.47666E-2 1.03142E-3 2.04659E-2 1.03451E-3 5.11094E-3 2.09915E-2 7.21889E-3 7.31131E-4 1.81981E-3 7.49298E-3 3.82841E-2 1.32866E0 2.11958E0 1.10866E1 6.74218E0 7.05309E0 4.62784E0 2.0664E1 1.42846E0 1.66037E1
1.3395E-2 5.63829E-3 6.30947E-1 1.84032E-1 1.43592E1 9.74047E-1 2.19422E0 3.89011E-1 1.89751E1 7.4792E0 8.80424E0 7.23648E1 1.5959E1 5.78367E-1 1.78002E-1 7.17242E-1 1.65307E-1 2.71146E0 3.83797E-1 1.63109E0 3.30285E0 1.49059E0 2.04724E0 2.26974E0 1.90323E1 2.50517E0 4.51304E0 1.74263E1 1.80647E-1 5.6343E-1 6.90714E0 2.61417E0 9.12056E0 8.43607E0 2.73668E0 5.58534E-1 3.0088E0 1.03598E0 4.07832E1 4.05785E0 1.2214E0 2.39622E-2 3.78887E-2 2.51378E-2 2.42105E-2 2.10067E-3 1.03753E-2 2.23507E-3 6.74781E-3 9.1198E-3 3.64304E-3 2.34949E-1 8.67258E-3 2.23296E-1 5.26385E0 2.79128E0 1.26127E1 2.17167E0 1.52296E0 1.74636E1
1.71972E-2 1.78836E-2 7.58489E-1 2.4287E0 6.90242E0 1.86613E-1 7.10122E-1 1.29177E1 6.90117E-1 3.63024E1 6.42079E1 5.9417E1 2.97195E1 1.49029E1 6.91271E-1 1.65746E1 1.52148E0 1.02638E1 8.07295E0 1.28346E1 1.98894E0 2.30555E0 9.77777E0 6.46299E0 2.08439E1 2.123E0 5.89859E0 1.59452E1 1.08173E1 6.18806E0 6.23312E-1 5.77518E0 9.55E0 7.70724E0 5.40438E-1 3.38671E0 4.13932E-1 1.81199E1 2.2449E1 1.52774E1 4.49311E-1 1.10097E-1 1.49548E-3 2.78426E-2 2.32745E-2 1.71203E-2 5.74796E-2 8.90637E-3 5.86967E-3 7.57774E-3 8.82006E-2 4.74553E-2 4.2549E-1 3.01111E-1 3.24012E-1 4.0023E0 2.9093E1 4.59972E0 2.13633E1 1.73171E1
4.35317E-1 4.66425E-3 4.81295E-2 1.86867E-1 2.47801E0 2.42966E0 5.79718E-1 6.20582E0 6.4465E1 7.40253E1 7.51748E0 1.79119E1 5.94613E1 6.01222E1 1.12587E1 1.98053E0 1.55002E1 1.83449E1 4.15152E1 2.7025E1 2.40146E0 8.28357E0 5.18122E-1 2.26545E-1 6.18427E0 1.74105E1 3.39874E0 2.55499E0 1.66098E1 2.50044E0 1.0644E0 2.93502E0 8.04917E-1 9.65912E0 3.456E-1 1.711E1 2.21383E0 1.75664E1 1.56058E0 2.11429E0 1.13655E-1 3.62555E-2 5.471E-3 1.15874E-3 1.86483E-3 8.09538E-2 4.92499E-2 4.58549E-2 1.92047E-3 6.97282E-3 2.67844E-2 1.01684E-1 1.01751E-1 7.86344E-2 1.06545E0 3.6557E-1 2.87165E0 5.52714E0 1.03795E1 3.22587E0
1.88515E0 9.56777E-1 1.71461E-1 1.57351E-1 2.63137E-1 3.02478E1 6.40547E1 6.70326E1 2.16399E1 4.71711E-1 5.5849E-1 6.16746E0 5.79473E-1 2.87655E1 8.97759E-1 1.87835E-1 5.21508E-1 4.25119E-1 6.24963E1 4.16548E1 1.9177E1 2.00652E0 2.41368E0 1.00953E0 4.36088E-1 8.95808E0 5.89209E0 7.6426E0 4.53467E-1 9.61566E0 8.6595E0 6.1381E0 2.02566E0 7.00947E0 5.66646E0 4.13467E0 1.52465E1 1.37917E0 3.66491E0 1.28821E0 6.41847E0 6.36639E-2 4.82304E-3 7.99617E-4 2.06832E-2 4.90812E-3 5.47212E-2 5.56518E-2 7.4797E-3 1.29644E-2 9.63186E-2 4.42757E-2 7.96668E-1 1.42826E0 2.18467E-1 1.30034E0 1.86494E1 1.28442E1 5.45362E0 1.27181E1
1.16871E0 8.91635E-1 6.77828E-1 1.74878E-1 2.00225E0 7.32294E1 1.00387E0 7.25351E0 8.62221E-1 5.51148E-1 1.21023E-1 6.35152E-1 3.00904E-1 1.80565E0 9.04108E-1 2.15438E0 2.09014E-1 2.66622E0 2.81804E1 4.1749E1 4.46518E1 2.08942E0 7.44667E-1 1.96547E0 4.77792E-1 8.89249E-1 1.8619E1 2.66149E0 4.25319E0 1.45637E1 3.8525E-1 5.41037E0 2.68027E0 8.10333E-1 9.18923E-1 1.99452E1 1.30803E1 9.73736E0 6.27931E0 3.69694E0 4.45659E-1 9.92454E-1 1.83749E-2 1.79651E-2 1.86775E-2 9.24038E-2 4.55522E-2 8.95593E-2 5.10817E-3 5.64889E-2 5.79174E-5 5.82489E-5 4.38579E-3 2.52713E0 2.07569E1 8.08036E-1 3.34288E0 1.52726E0 1.86838E0 7.77932E-1
1.74181E1 7.8135E0 5.73557E0 1.78257E-1 4.21231E0 2.60801E1 1.68549E-1 6.33265E-1 1.74311E-1 8.74588E-1 4.42251E-1 9.94599E-1 3.14604E0 6.34852E0 8.175E-1 8.4944E0 8.12946E-1 9.51886E0 3.06389E0 2.13233E0 6.48659E0 4.68793E1 1.68448E1 6.38782E-1 3.61399E-1 9.98147E-1 6.07902E0 6.51515E0 3.93158E0 6.71273E0 1.56695E0 6.4461E-1 1.99668E0 2.13035E-1 6.34048E0 2.13736E1 1.61783E1 1.66852E1 1.56781E1 1.0873E0 8.95995E0 9.99293E-1 4.60424E-3 4.36534E-4 1.74084E-2 4.71988E-2 5.16002E-2 1.4665E-1 2.63901E-2 2.58019E-3 2.85067E-2 2.8037E-2 1.50768E-2 2.16352E-1 8.17822E0 5.98743E1 8.2858E-1 1.9798E1 4.20149E0 7.58165E0
2.34257E-1 2.16871E1 1.69266E1 1.34482E1 2.67366E1 5.13222E0 7.94707E-1 5.78544E-1 3.43448E0 9.93322E-1 1.07033E0 4.83289E0 7.31263E0 9.43536E0 2.91942E0 2.92801E0 1.12184E0 2.62384E0 1.77682E1 2.40009E0 6.41157E-1 6.22444E0 4.89064E1 6.66619E0 4.72171E0 3.69221E-1 6.72425E-1 4.06931E0 2.72547E0 3.89162E0 5.81259E-1 7.28985E-1 3.49041E-1 1.01372E0 1.38504E1 2.0147E1 6.02135E0 3.58842E0 1.89051E1 1.91471E1 1.51851E0 1.41928E0 5.80582E-3 4.77896E-3 1.28311E-2 1.14224E-1 2.20774E-2 1.70475E-2 5.60244E-2 1.11265E-2 2.41851E-3 6.71105E-3 2.57299E-2 5.35473E-3 7.53215E0 2.55729E1 1.33267E1 1.60386E1 3.06473E1 1.10287E1
2.25375E0 1.69735E-1 7.22397E0 6.38382E1 1.49611E-1 1.57828E-1 5.0145E0 7.31851E-1 1.64091E-1 3.35207E-1 3.49143E-1 1.59722E0 9.08746E0 3.87279E0 1.03237E1 1.0622E1 1.53418E1 2.1998E0 8.24349E-1 1.93186E0 3.22318E-1 5.31773E0 1.44173E1 4.49876E1 9.22858E0 7.61888E-1 3.93041E-1 5.71768E-1 5.16442E0 2.9807E0 1.62853E0 2.6845E0 8.02173E0 4.14786E0 1.16164E1 1.61249E1 1.99285E0 4.49692E0 8.04726E0 6.98451E0 2.19357E1 7.78493E-1 1.35243E-1 5.17627E-3 1.20822E-3 3.33701E-2 2.87973E-2 1.99667E-2 5.0365E-2 9.80791E-3 2.03145E-3 6.2954E-3 2.63948E-2 4.31396E-1 4.08554E0 1.73459E0 9.75119E-1 2.87815E1 2.88279E1 2.56014E1
1.59801E-1 1.74013E-1 6.54228E1 1.74667E0 1.57685E-1 1.48035E-1 1.5552E-1 1.5031E1 1.50234E0 9.1861E-1 3.4277E0 2.10824E-1 3.95905E-1 1.85759E-1 2.35074E-1 7.07922E-1 5.71602E0 3.37867E0 5.27034E-1 2.19471E-1 4.68377E-1 2.89027E-1 7.56628E-1 4.33728E1 3.30098E0 7.01933E-1 5.82945E-1 5.48833E-1 7.789E0 9.28447E0 2.48806E0 2.9468E0 1.33122E1 1.30645E1 1.75211E1 2.01117E0 2.09055E0 7.34212E0 1.00114E1 2.48053E0 3.57929E0 1.0022E0 5.71898E-1 5.53165E-3 1.20866E-3 4.5559E-2 2.06313E-3 6.28548E-2 2.83789E-2 5.43379E-2 2.27929E-3 7.09991E-3 2.65447E-2 4.22152E-1 4.66635E-1 6.85202E-1 8.76658E-1 2.47107E1 5.16251E0 8.41367E0
7.1704E1 2.43592E1 1.75348E-1 1.79739E0 7.55434E-1 4.74408E-1 2.42333E-1 7.65061E-1 2.68831E0 1.45799E0 5.22993E0 2.09587E-1 1.31235E-2 9.37385E-2 1.05102E0 3.20988E0 9.88706E0 3.46847E0 4.36145E0 6.37528E0 1.18665E1 6.07918E-1 8.62973E-1 1.78911E1 3.81011E1 1.77445E-1 1.86779E-1 1.86233E0 1.34137E1 1.31152E1 3.26907E0 3.86964E0 7.00288E0 2.14264E1 4.05323E0 6.19126E0 4.4359E0 3.47049E0 3.6587E0 1.52358E1 1.62332E1 3.05958E0 7.52239E0 6.47371E-1 4.08515E-2 2.5855E-3 6.09464E-2 4.02411E-2 6.28338E-3 1.73288E-2 1.00722E-4 1.37215E-3 6.60346E-3 2.52091E-1 4.11906E0 3.24341E1 5.93617E1 3.21116E1 3.10888E1 1.49986E1
1.65399E-1 1.25748E1 1.77615E-1 1.24828E0 7.4494E-1 3.12765E-1 1.49194E0 1.33701E-1 2.74209E0 9.85148E-1 1.78214E-1 2.09909E-1 1.32686E-2 5.43209E-4 4.38595E-2 1.43846E0 2.3611E0 1.65167E0 1.41282E1 2.29558E-1 9.82353E-1 8.46435E0 5.76679E0 2.61763E0 1.58539E1 2.99275E1 1.19297E0 2.53262E0 1.53925E1 1.42635E0 7.18346E0 3.00333E0 3.96906E0 1.9138E1 1.42377E1 2.88126E0 2.51539E0 6.20014E0 1.64317E1 4.87693E-1 4.03668E-1 4.22393E-1 2.16292E-1 6.60979E-2 8.26015E-4 6.25083E-3 2.53976E-2 1.60871E-2 2.68829E-3 1.74904E-3 1.64744E-3 1.41151E-3 6.65751E-3 3.22938E-1 6.76967E-1 2.59259E1 7.41406E0 1.39823E0 8.18924E0 9.0342E0
2.96838E-1 2.37279E0 9.06625E-2 1.60684E-1 2.23532E0 6.29207E-1 7.94492E-2 4.84779E-2 2.77543E0 5.1045E0 1.09334E-1 2.25364E-1 1.15863E-2 2.14489E-2 5.08726E-1 1.80279E-1 7.0826E-1 5.50385E-1 2.08404E1 2.14633E0 1.67263E0 2.73984E-1 1.97211E-1 2.10711E0 5.54969E-1 1.13005E0 3.10955E1 3.07825E1 2.89898E1 2.62342E1 4.97361E0 3.36348E0 1.7728E1 5.75781E0 5.57686E0 3.65543E0 7.99142E0 1.90997E1 4.60183E0 1.21E0 4.53172E-1 2.89313E0 1.66879E0 5.99301E0 2.32607E-1 1.3091E-3 2.03194E-2 9.33809E-2 4.22751E-2 6.58405E-3 1.24249E-2 5.94344E-3 2.31378E-3 1.53043E0 2.64451E-1 2.56773E1 2.98013E1 3.43104E1 3.4522E1 1.15337E1
2.76026E-1 3.09004E0 6.65158E-2 1.51108E-1 2.576E-1 8.9467E-1 3.7349E-3 4.7821E-2 1.26166E-1 4.26691E1 9.64613E0 2.38141E-1 1.1229E-2 8.28488E-3 4.86869E-4 3.58932E-4 1.09932E-1 7.03087E0 9.20225E0 4.0688E0 3.19593E-1 1.7487E0 1.02423E0 2.69977E-1 1.10992E-1 1.23801E0 1.47715E1 1.88108E1 1.24182E1 9.49033E0 2.94814E1 2.84024E1 2.52588E1 2.3202E1 2.22722E1 2.14498E1 1.99865E1 1.11194E1 7.15976E0 4.09292E0 4.56219E0 5.74539E-1 5.97078E-1 2.29191E-1 1.01265E-3 1.84847E-2 4.7275E-2 2.46427E-2 5.07094E-3 1.16553E-1 3.35519E-3 7.27385E-3 1.01722E0 2.86087E0 5.0194E1 2.91953E0 1.6023E1 3.32578E1 1.65031E1 1.51543E1
7.78639E-2 2.24249E0 2.61066E-1 1.53438E-2 4.96768E-2 2.22473E-2 1.20174E-2 5.39212E-3 5.73724E0 1.44627E1 4.02627E-3 4.5104E-2 1.25815E-2 5.82462E-2 5.42883E-2 5.06787E-2 5.13921E-3 1.18124E0 4.18077E0 1.55343E1 3.10916E0 3.25617E-1 1.19433E0 5.05363E-1 4.63895E0 8.02009E0 5.03241E0 1.77854E1 3.64137E0 4.11117E0 1.48996E1 2.26178E0 3.06215E0 1.58949E1 3.78461E0 2.31206E0 6.21493E-1 4.42019E0 1.90672E0 5.07087E0 4.12019E-1 4.62777E0 1.40999E0 2.8764E0 1.90338E-2 6.07818E-3 2.0699E-2 2.34702E-2 3.1142E-2 3.11748E-2 5.03923E-2 4.95546E-1 1.93672E1 1.91697E1 4.96797E1 5.4344E1 1.61769E1 4.52739E0 6.9014E0 5.79558E0
1.7418E-4 8.32196E-4 5.27897E-1 2.30774E-1 1.49795E-2 7.90436E-2 6.7401E-2 3.22535E-2 3.76539E-2 4.77089E-1 2.60909E-1 1.14183E-2 3.73267E-2 2.43336E-2 2.40862E-2 2.15422E-1 2.93277E0 2.40868E-1 8.28465E-1 3.20114E0 2.58394E0 3.95861E0 4.79697E-1 3.21314E0 2.44723E0 2.24424E0 8.98871E0 5.63992E-1 5.65561E0 8.78872E0 1.80103E0 2.06248E0 3.83722E0 3.88752E0 1.57212E1 5.55522E0 3.19284E-1 4.69485E0 4.78703E0 4.12304E0 7.58722E0 3.90908E0 1.39342E0 3.30999E0 3.42085E-2 6.23104E-3 4.19635E-3 1.63752E-2 5.22282E-3 4.01897E-3 3.28469E-2 1.99188E-1 1.97474E-2 3.00842E0 3.95644E1 1.51453E1 4.85809E0 1.63217E-1 2.13002E-1 2.04901E-1
1.90883E-3 8.42647E-5 1.4264E-3 4.05411E-2 4.23024E-3 1.0443E-1 2.07522E-2 1.0088E-1 2.7086E-2 3.62185E-1 1.34622E-2 1.55425E-2 1.88705E-2 2.40769E-1 1.19383E0 2.11647E1 1.44166E0 2.10157E0 1.67635E0 2.87764E0 9.76692E0 8.8669E0 1.10161E1 3.87219E-1 2.53085E-1 8.56823E-1 3.59643E-1 3.12077E0 8.46952E0 2.41605E0 3.50887E0 1.5591E0 2.20082E0 7.01909E0 1.85739E1 8.05984E0 4.05589E0 1.19851E1 3.17974E0 1.14941E1 3.68914E0 8.66321E0 1.9412E0 2.17541E0 2.97709E-1 6.33473E-3 1.914E-2 5.08115E-2 2.81916E-2 3.46627E-2 3.50705E-2 4.32588E0 2.43509E-1 9.84875E0 8.27164E-1 2.44965E1 5.13874E0 5.18616E-1 1.6958E0 1.76676E-1
1.68782E-3 5.74183E-3 1.66881E-2 2.63009E-2 4.4937E-3 2.49998E-2 1.23937E-1 7.36116E-2 7.64949E-2 1.26271E-1 5.88863E-2 3.25967E-2 9.12278E-2 9.17333E-2 4.15854E1 6.92831E0 4.90559E0 4.94934E0 1.47307E0 1.30041E0 3.85655E0 1.33771E1 1.01323E1 1.97464E0 1.89273E0 1.47205E0 4.12542E0 9.94426E-1 4.02941E0 2.72568E0 3.47376E-1 9.68742E-1 2.70263E0 4.42954E0 1.94578E1 1.61542E1 6.58624E-1 7.10748E-1 2.45743E0 8.15867E0 9.96995E0 1.2174E0 2.26633E0 1.3813E-1 1.59181E-2 1.19484E-1 7.96136E-3 2.19901E-2 4.16465E-2 5.40809E-3 4.92213E-3 3.86619E-1 4.50951E0 1.43545E1 5.13809E0 3.22451E1 4.47008E-1 5.86867E0 3.4215E-1 7.8165E-2
2.46226E-3 4.61494E-4 2.40624E-2 3.27463E-3 5.50739E-3 2.4638E-2 1.01429E-1 5.36119E0 1.56268E0 5.79147E-2 5.47037E-2 6.639E-2 5.72015E-2 1.60543E0 7.14593E-1 1.06606E1 2.53024E1 1.01802E0 3.56548E0 2.92796E0 3.96136E-1 4.8503E-1 7.37355E-1 3.04966E1 2.20949E0 1.79814E0 4.50098E0 7.0183E0 8.69923E0 2.98924E0 1.49289E0 8.60761E0 4.78994E-1 1.00121E1 8.25841E0 1.70315E1 6.93161E-1 3.73021E0 3.35448E0 9.06812E-1 3.5121E0 1.72773E0 2.82666E-1 8.35638E-4 9.67411E-3 4.55402E-2 3.9216E-3 7.90755E-3 5.10975E-3 4.0263E-2 5.33363E-3 3.97087E0 1.63162E-2 2.24755E-1 1.93584E-1 1.87363E0 2.48489E-1 1.23401E1 2.3706E0 4.66261E-3
2.2843E-3 6.68595E-4 3.35592E-3 2.82912E-2 5.47454E-3 4.73723E-3 9.24045E-2 5.31268E-2 8.97444E-1 4.74126E-1 1.73073E0 1.07835E-2 3.4329E-2 1.58434E-2 9.33343E0 1.84777E1 3.76723E0 1.9594E0 3.40571E0 7.04115E0 2.4547E0 2.5473E0 4.27001E0 1.54726E1 1.28318E1 1.92034E1 2.46254E-1 1.87836E0 5.63607E0 1.28972E1 4.83732E-1 3.66194E0 1.03377E1 3.09663E0 8.65562E0 2.17517E0 9.65589E-1 1.15786E1 6.45873E0 9.64677E-1 3.44395E0 8.39597E0 9.47842E-1 6.11631E-3 2.07455E-3 2.13712E-2 2.50337E-2 1.94291E-2 3.71636E-3 2.61429E-2 4.49962E-1 3.10386E-1 8.10163E-3 2.46719E-2 4.13843E-3 4.18951E-1 2.00359E-1 3.38146E0 2.03738E-1 4.49323E-1
1.01822E-3 1.47109E-2 3.47204E-3 5.39177E-3 1.38447E-1 3.59319E-2 2.48261E-2 1.00692E-1 2.70416E0 2.13576E1 1.87603E-1 2.00653E-1 1.73021E-1 3.20926E-1 2.58809E-1 2.30814E1 2.6063E-1 1.16768E-1 1.69022E0 2.91762E0 5.4919E0 1.84393E1 5.95978E0 2.58945E1 2.41482E1 2.26243E1 2.17217E0 9.01188E-1 9.52476E0 4.63087E0 4.17684E0 6.25578E0 1.29162E1 3.27176E0 6.60676E0 3.54361E0 1.49626E0 2.23946E1 1.5074E1 9.24292E0 1.31075E1 3.16951E0 6.71309E-4 6.53985E-4 2.46655E-3 3.05049E-3 1.02494E-2 8.17033E-2 3.13248E-2 2.55634E-2 6.63401E-1 2.30636E-1 7.8779E-3 1.35052E-2 9.38109E-3 8.92537E-1 2.58541E-2 1.44973E1 2.11662E-3 1.73073E-2
1.72268E-2 1.67075E-2 1.97541E-2 1.76037E-2 2.95394E-2 4.40725E-3 8.30016E-3 2.1673E-2 5.33576E-3 1.41158E0 2.01691E-1 2.06781E-1 7.58113E-1 2.90748E-1 1.26185E-1 2.9572E-1 7.18717E-2 2.39303E-4 2.61955E-1 6.15095E-2 6.94326E-1 2.54523E0 2.22187E0 5.91391E-1 1.06914E1 1.35333E1 1.68741E1 1.91811E1 1.3188E1 1.50703E1 3.80521E0 9.0831E-1 6.458E0 9.72042E-1 2.48623E0 6.55607E0 2.76093E0 3.89059E-1 6.35248E0 1.163E1 1.3404E1 3.43134E0 7.55498E-2 5.04557E-3 2.47934E-3 2.4543E-2 7.09644E-3 4.90694E-3 4.15472E-2 1.08961E-1 9.68061E-3 8.41404E-1 6.74531E-3 8.66706E-2 2.66891E-2 4.33941E-2 3.4203E-2 1.78005E0 6.02415E-2 1.34534E-3
5.71075E-3 1.58437E-2 4.77772E-3 1.61363E-2 1.46708E-2 1.95705E-2 1.91659E-2 2.48996E-2 5.61223E-1 1.89927E1 6.83673E-1 5.44052E-1 4.30724E0 1.2123E0 1.46301E-1 2.09745E-2 2.02644E-2 2.28559E-2 1.37213E-2 8.88876E-3 1.36906E-2 9.79798E-3 8.19949E-1 3.7915E0 4.86068E0 1.54189E1 5.81412E0 4.85327E1 7.47227E0 7.14815E0 6.74318E0 2.41452E0 6.3842E-1 2.55745E0 5.47164E-1 1.88116E0 1.68376E0 8.86722E-1 1.40866E0 2.17991E0 1.34928E1 1.04585E1 1.01075E0 4.99711E-3 1.5203E-2 8.60241E-2 1.32022E-1 1.02205E-1 6.01079E-2 6.39078E-2 1.71139E-2 4.86838E-2 4.48989E-2 3.23716E-2 3.42457E-4 1.04628E-2 7.65505E-2 1.08112E-2 1.07511E-2 6.32397E-2
