outputallcorrectTI_nofloodareas_nofloodcontrols_BK1/flood.asc
ncols         319
nrows         495
xllcorner     219017.22331753
yllcorner     4610852.5305323
cellsize      500.0
NODATA_value  -9999
[rows 156 to 181 of 495, columns 180 to 239 of 319]
6.62376E-2 4.9714E-2 1.66708E-1 7.17241E-2 1.71897E-2 5.39801E-2 3.15491E-2 1.22886E-2 2.48387E-2 4.91621E-3 3.59151E-2 6.12981E-3 1.72128E-3 1.54023E-2 9.98896E-3 1.80181E-1 6.20868E-2 6.19398E-2 2.75229E-2 4.39252E-2 5.41429E0 4.63859E0 1.1117E-1 4.68476E-2 3.81036E-2 3.63043E-2 3.94285E-2 4.25021E-2 3.20551E-2 1.82436E-2 2.29027E-3 5.16534E-2 6.23288E-2 4.60963E-2 3.36007E-3 1.38656E-2 4.5593E-2 9.48112E-3 4.71544E-2 5.22575E-2 3.17152E-2 4.44537E-4 2.73463E-3 6.06546E-3 -9999 -9999 -9999 -9999 -9999 -9999 -9999 -9999 -9999 -9999 -9999 -9999 -9999 -9999 -9999 -9999
5.11796E-1 3.91843E-3 1.21566E-2 3.85384E-2 1.9106E-2 2.10085E-2 2.55515E-2 2.12584E-2 5.64306E-3 4.3109E-2 2.88138E-3 3.15334E-3 1.00044E-2 7.09462E-2 9.8799E-2 3.16106E-2 1.68193E-1 1.23121E-2 6.14359E-2 2.11849E-2 5.13784E0 2.32562E0 5.8556E-2 8.40152E-2 6.04384E-2 2.24253E-3 4.72103E-3 1.25612E-2 4.66074E-2 2.51916E-2 9.48897E-3 2.70714E-4 3.67829E-3 1.09191E-1 4.18877E-3 1.0067E-1 2.03296E-2 2.37401E-2 6.16617E-3 9.37471E-4 5.06605E-3 1.79809E-2 5.98467E-4 2.96141E-3 2.89833E-3 -9999 -9999 -9999 -9999 -9999 -9999 -9999 -9999 -9999 -9999 -9999 -9999 -9999 -9999 -9999
3.97702E-1 1.104E-1 4.88815E-2 1.97774E-2 6.13377E-2 4.56703E-2 1.02076E-1 4.0112E-2 3.04669E-2 6.56301E-2 2.50906E-3 3.34462E-2 8.64498E-3 8.38966E-2 7.04365E-3 2.30485E-2 8.10034E-2 6.7941E-2 4.89261E-3 2.29039E-2 8.12987E0 8.23807E-1 4.15406E0 7.19242E-2 2.10517E-3 1.04383E-2 9.97917E-2 4.02455E-2 2.44713E-3 4.9583E-3 2.1382E-2 3.37603E-3 4.3317E-3 6.0779E-2 5.32895E-2 4.42353E-3 5.28471E-2 6.34546E-3 1.20971E-3 1.22626E-3 1.76398E-3 5.77378E-4 1.5529E-3 2.0936E-3 2.81568E-4 -9999 -9999 -9999 -9999 -9999 -9999 -9999 -9999 -9999 -9999 -9999 -9999 -9999 -9999 -9999
3.19154E-2 3.02173E-3 3.59706E-2 7.01092E-2 4.23365E-3 8.52491E-3 4.62673E-2 6.43023E-2 2.68561E-2 2.69236E-2 3.9664E-3 1.77489E-2 2.52971E-2 2.78337E-2 4.89441E-3 1.66718E-2 4.84055E-3 6.8463E-2 5.25774E-3 2.44197E-2 3.69381E0 4.29927E0 5.91091E-2 1.27974E-1 4.41846E-2 4.12029E-2 6.26875E-3 1.14816E-3 1.95102E-2 1.37827E-4 2.18549E-3 2.8861E-2 5.52741E-2 2.69285E-3 1.10406E-3 5.23448E-3 2.83932E-2 9.09887E-2 5.45889E-3 1.35947E-3 1.2048E-3 7.10992E-4 1.55081E-2 6.22793E-3 2.50761E-2 4.67677E-2 -9999 -9999 -9999 -9999 -9999 -9999 -9999 -9999 -9999 -9999 -9999 -9999 -9999 -9999
2.08502E-2 1.47409E-3 7.07717E-3 4.57666E-2 7.76704E-3 2.19635E-2 6.79444E-3 2.6146E-2 1.59831E-2 4.1478E-2 8.4978E-3 2.03078E-2 3.17916E-2 3.66731E-2 2.72185E-2 3.36841E-2 1.22253E-1 3.36054E0 8.6278E0 8.39018E0 4.09168E0 8.02764E-1 1.23324E-1 8.69583E-2 1.54397E-3 8.7155E-4 1.05851E-3 3.15467E-3 2.29698E-2 1.29883E-2 2.41201E-3 1.41607E-2 2.07462E-3 3.14199E-2 6.33844E-4 2.14826E-3 6.18574E-4 8.78722E-2 1.65621E-2 2.75298E-2 2.48985E-2 7.97444E-4 9.27704E-3 2.39439E-3 2.34555E-3 5.20612E-3 6.26159E-3 -9999 -9999 -9999 -9999 -9999 -9999 -9999 -9999 -9999 -9999 -9999 -9999 -9999
1.63179E-2 4.98667E-2 3.48688E-2 7.41472E-2 1.32477E-1 3.94917E-3 7.60625E-2 1.68187E-2 1.52819E-2 2.74635E-2 3.65443E-2 4.5046E-3 7.36646E-2 6.63244E-3 3.03995E-3 7.61871E-3 9.76738E-2 1.12095E0 3.93146E-1 4.75898E-2 4.86766E-2 3.97742E0 7.6294E-2 1.46652E-2 1.86945E-2 6.15107E-3 9.91004E-3 2.39312E-2 3.15288E-3 3.11086E-3 1.94817E-3 3.74756E-2 2.36707E-3 2.68227E-2 3.19601E-4 8.06452E-4 7.70127E-6 4.87877E-4 5.4556E-2 2.6475E-3 3.95405E-3 6.28519E-3 5.89808E-4 1.24343E-4 5.28474E-4 4.06244E-4 1.39085E-3 -9999 -9999 -9999 -9999 -9999 -9999 -9999 -9999 -9999 -9999 -9999 -9999 -9999
2.56795E-2 3.63408E-3 3.04725E-3 7.3951E-3 5.62217E-2 1.0163E-1 1.83598E-2 1.90454E-2 1.80776E-2 1.26615E-1 7.11231E-2 2.30531E-2 4.45653E-3 4.03773E-3 4.33391E-3 7.7275E-3 9.50967E-2 6.18066E0 3.89948E-1 5.27356E-2 3.64902E-2 5.28508E-2 1.09977E-1 1.89362E-2 1.55173E-3 2.02167E-3 2.91797E-3 6.65252E-3 2.15716E-2 1.40401E-2 2.97512E-4 3.72009E-3 3.81458E-3 1.07349E-2 4.31371E-3 6.64766E-4 1.7046E-3 5.68362E-3 4.12701E-2 3.85275E-3 3.67939E-2 6.28602E-3 4.93278E-4 4.28097E-3 7.43234E-4 3.87366E-4 6.17196E-4 -9999 -9999 -9999 -9999 -9999 -9999 -9999 -9999 -9999 -9999 -9999 -9999 -9999
1.08129E-2 9.25344E-2 4.75467E-2 8.53738E-3 4.84856E-1 1.06148E-1 1.67987E-3 2.60023E-3 1.4311E-1 8.10083E-2 2.90642E-3 2.73066E-2 7.33084E-2 2.95304E-2 3.90054E-3 3.02673E-3 5.77955E-3 2.74852E-1 2.37184E0 2.06658E-2 8.96298E-2 4.30472E-2 3.63665E-2 3.68984E-3 1.93219E-2 2.2221E-3 1.38926E-2 6.49539E-2 5.85819E-3 1.94815E-3 2.1635E-2 5.19716E-3 2.49105E-2 4.04928E-3 4.90123E-4 3.61695E-4 1.21347E-2 4.37529E-5 3.53996E-3 5.96483E-2 9.29501E-4 5.88439E-4 2.74944E-3 7.9366E-4 4.1297E-3 5.25109E-3 1.69423E-3 -9999 -9999 -9999 -9999 -9999 -9999 -9999 -9999 -9999 -9999 -9999 -9999 -9999
2.26425E-2 8.60524E-2 5.38834E-3 4.33766E-3 7.40344E-1 5.81146E-1 2.72726E-2 7.80231E-3 5.41224E-2 1.54908E-3 1.90706E-2 2.16555E-2 3.94628E-3 3.99445E-2 5.64602E-2 1.31519E-1 4.97836E-2 5.64847E-1 2.37024E1 7.59333E-2 5.73377E-2 5.98911E-2 3.22948E-2 1.12051E-1 1.63783E-3 5.26901E-3 6.31346E-2 6.66865E-2 2.30912E-3 2.93007E-3 6.72188E-3 6.39878E-3 1.35653E-2 3.97784E-2 2.76649E-2 6.49002E-3 1.59374E-3 3.38205E-4 5.97015E-3 3.97873E-2 6.23709E-3 1.62512E-3 2.76865E-3 5.77144E-3 5.77655E-2 6.95656E-2 3.13039E-2 2.08601E-2 -9999 -9999 -9999 -9999 -9999 -9999 -9999 -9999 -9999 -9999 -9999 -9999
2.69796E-2 4.99622E-1 5.08347E-2 5.95833E0 8.33214E-3 4.19653E-3 1.47617E-1 8.10928E-2 6.51213E-3 6.47829E-2 2.92569E-2 4.05506E-3 3.18909E-2 2.77098E-2 1.82439E-4 4.58438E-3 1.8847E0 2.87848E-1 2.3612E1 7.9179E-3 3.26586E-2 8.45174E-2 3.25227E-2 1.21875E-1 1.94064E-3 4.23527E-3 5.22297E-2 3.39507E-3 3.97102E-3 6.61085E-3 2.23512E-2 5.42897E-2 5.65964E-2 7.55157E-2 9.38497E-3 6.17465E-3 4.55475E-3 3.85027E-5 8.35125E-6 2.42897E-2 6.81951E-4 2.09951E-2 4.15233E-3 2.819E-2 1.73271E-2 2.46897E-4 4.31112E-3 5.32829E-3 -9999 -9999 -9999 -9999 -9999 -9999 -9999 -9999 -9999 -9999 -9999 -9999
5.29975E-2 2.63712E-1 4.03573E0 3.3178E-2 3.1066E-3 1.40065E-2 4.62444E-3 6.10482E-3 2.21016E-3 2.06597E-3 2.6981E-2 1.16299E-4 8.03618E-3 9.86864E-3 5.14253E-3 7.01055E-3 2.60613E-2 5.52356E0 1.14953E1 2.71272E-2 4.18786E-2 3.36865E0 6.87171E-2 2.04609E0 7.83445E-2 5.33113E-2 2.62949E-3 2.16696E-3 2.06725E-3 1.3486E-1 8.92769E-2 6.80332E-2 1.53672E-2 4.95132E-2 4.29189E-3 3.33964E-4 3.94862E-4 9.40098E-4 5.28514E-4 5.42466E-3 2.47843E-3 4.27536E-3 3.86673E-2 5.74598E-4 6.10603E-3 5.22921E-4 1.20194E-3 2.67618E-3 -9999 -9999 -9999 -9999 -9999 -9999 -9999 -9999 -9999 -9999 -9999 -9999
7.91551E-1 9.84167E-1 1.72603E1 1.07487E1 9.82386E-1 4.25034E-3 5.23185E-3 3.80878E-3 1.79497E-2 2.23699E-3 2.55906E-2 4.55016E-4 4.22993E-3 2.97645E-2 2.34903E-2 1.16607E-1 6.4107E0 2.03834E1 1.89946E1 2.7165E-2 9.88244E0 2.67572E-1 1.86371E-3 1.57765E-3 1.76719E0 3.28353E0 4.71365E-1 1.44073E-1 5.59182E-2 5.66587E-3 5.01618E-3 9.77725E-4 1.4113E-3 5.24067E-2 5.91089E-3 5.33746E-3 5.36135E-3 2.13816E-4 7.03007E-5 3.9005E-4 2.42619E-3 1.24261E-2 3.56336E-2 8.03404E-4 1.3988E-2 3.57783E-3 1.62134E-3 2.9178E-3 -9999 -9999 -9999 -9999 -9999 -9999 -9999 -9999 -9999 -9999 -9999 -9999
5.24422E1 1.73874E1 9.58749E0 5.88545E0 4.95158E-2 1.26687E-2 4.48444E-2 3.95555E-2 1.74496E-2 6.98207E-3 4.5588E-2 2.1257E-2 7.18524E-2 3.76918E-2 2.37897E-2 9.14009E-5 2.18239E-3 3.11861E-1 1.71872E1 3.53854E0 2.8193E0 9.88026E-3 1.3249E-3 2.60727E-3 3.1457E-2 4.6974E-2 5.6359E-2 1.51683E-3 7.94677E-4 4.78837E-4 1.01451E-3 1.1964E-2 3.11837E-3 5.89244E-2 5.35058E-3 3.52992E-3 5.6926E-4 4.88633E-2 2.52779E-3 1.11686E-3 6.46477E-3 3.3968E-2 5.0831E-4 1.26291E-3 1.88401E-3 1.8209E-3 2.37056E-2 3.70407E-2 -9999 -9999 -9999 -9999 -9999 -9999 -9999 -9999 -9999 -9999 -9999 -9999
1.16366E0 1.58588E-2 8.27524E-2 7.23914E-2 6.37174E-1 1.57929E0 7.53502E-3 2.53507E-3 2.66799E-3 3.27248E-2 3.49506E-3 1.7611E-2 4.41857E-3 6.77702E-2 1.04865E-2 3.14284E-3 3.5949E-2 7.90742E0 4.25263E1 4.53411E-2 1.77826E-2 5.87362E-3 1.19804E-3 2.32619E-3 2.76079E-2 3.10497E-2 6.04828E-2 1.29352E-3 1.68298E-3 4.48162E-3 4.26359E-3 3.94554E-3 4.66259E-3 6.0056E-2 1.97483E-2 3.63889E-3 8.87654E-3 1.33862E-2 6.31306E-3 2.14041E-2 1.51729E-2 2.64006E-2 1.19364E-3 4.68947E-3 1.38215E-3 8.80374E-4 6.69307E-5 4.07833E-3 -9999 -9999 -9999 -9999 -9999 -9999 -9999 -9999 -9999 -9999 -9999 -9999
9.53548E-3 6.34514E-2 6.33616E-2 1.40941E-2 3.75895E-2 6.17784E-2 3.25114E-2 6.08119E-2 2.06919E-2 5.78679E-3 3.29005E-2 1.5816E-3 6.80164E-3 2.62026E-3 2.83859E-2 7.17399E-3 2.18136E-1 3.16756E0 1.62222E1 1.12789E0 6.15002E-2 5.13935E-3 1.94128E-3 3.6891E-3 2.08243E-2 3.02805E-3 9.72503E-2 3.43912E-2 1.76427E-3 6.37428E-3 7.04988E-2 4.67808E-2 5.43615E-2 5.52929E-2 4.20358E-4 5.28872E-3 2.52861E-2 4.67943E-2 1.54939E-3 8.72791E-5 1.03861E-2 2.48746E-3 1.07803E-2 1.56542E-3 4.88442E-3 6.5934E-3 5.72228E-3 1.9941E-3 -9999 -9999 -9999 -9999 -9999 -9999 -9999 -9999 -9999 -9999 -9999 -9999
2.00642E-4 5.21276E-3 4.11137E-3 1.67617E-3 6.26653E-2 2.80592E-2 1.18729E-1 2.33813E-2 4.69346E-3 1.9632E-2 5.85792E-2 6.81935E-2 3.54374E-2 2.36765E-2 7.66935E-3 2.193E-3 3.75467E-3 1.70684E0 3.99246E1 6.40693E-2 4.72806E-2 2.2002E-2 2.33014E-2 4.78866E-4 1.02683E-3 9.02517E-3 6.5622E-3 9.88443E-2 5.78966E-2 5.03265E-2 2.18559E-3 1.51418E-2 6.4005E-2 5.42126E-2 4.98389E-3 4.31923E-4 1.01572E-2 1.35381E-2 1.36881E-3 2.21258E-2 3.67826E-3 2.83371E-3 2.91861E-2 2.58832E-2 3.24784E-2 4.99798E-2 9.23659E-2 9.12486E-2 1.57906E-2 -9999 -9999 -9999 -9999 -9999 -9999 -9999 -9999 -9999 -9999 -9999
2.51565E-4 4.21184E-3 2.34263E-4 3.91555E-3 5.50876E-3 6.88862E-2 1.46834E-3 5.60794E-2 1.37403E-2 8.10492E-2 2.21482E-2 2.20829E-2 7.33375E-2 1.07794E-1 3.38068E-2 6.42215E-3 2.67401E-3 7.25162E0 3.5071E-1 1.69874E-2 5.62306E-3 4.16749E-4 1.01329E-3 1.74825E-2 8.84279E-5 5.85191E-3 2.79666E-2 3.12226E-3 5.21919E-2 2.05426E-3 3.83244E-2 6.7493E-2 6.28769E-2 9.34545E-2 8.4376E-4 5.14443E-3 9.41062E-3 2.79343E-2 1.16318E-2 1.71363E-3 3.19557E-2 9.55023E-4 9.91414E-3 7.229E-3 1.76057E-3 7.86674E-4 4.27036E-4 4.14644E-4 8.2002E-2 -9999 -9999 -9999 -9999 -9999 -9999 -9999 -9999 -9999 -9999 -9999
1.50032E-3 2.25653E-3 5.43369E-5 7.71821E-4 7.80452E-4 6.07423E-3 5.65435E-2 3.18805E-3 3.10217E-2 1.69109E-2 4.53871E-2 9.16144E-3 1.30778E-2 5.24535E-3 7.79445E-1 4.68446E0 2.03849E1 8.63834E1 1.24604E1 4.93495E-1 1.78003E-2 5.62078E-3 1.55139E-3 1.88398E-3 7.15323E-3 8.89203E-3 9.21675E-3 8.69751E-2 8.80944E-2 3.36692E-3 3.44952E-3 2.55367E-3 1.00823E-1 6.40603E-2 6.71861E-2 5.69649E-3 1.26998E-2 2.91732E-2 1.61147E-2 1.90483E-3 4.19679E-2 2.07251E-3 2.22815E-2 1.19892E-3 2.39496E-3 3.70839E-3 5.28568E-3 1.18986E-3 8.2992E-3 -9999 -9999 -9999 -9999 -9999 -9999 -9999 -9999 -9999 -9999 -9999
3.02937E-2 1.46184E-2 3.35194E-2 7.57797E-5 9.89141E-4 3.21289E-5 2.46205E-2 8.20273E-3 3.01481E-2 3.21747E-2 5.04282E-3 9.71706E-3 7.51171E-3 1.49511E-4 1.55987E-3 1.90596E-3 5.11145E-3 8.60484E1 6.98267E0 3.55158E-2 4.83713E-3 3.95704E-4 1.18798E-2 3.12113E-2 2.40061E-3 6.9995E-3 2.74113E-2 5.90322E-2 4.21743E-2 4.48471E-3 2.06216E-2 4.78581E-3 5.93788E-2 1.05224E-1 1.18775E-1 6.03559E-2 1.64364E-2 3.52193E-2 4.81199E-2 2.5326E-3 4.63817E-2 1.68648E-3 3.54126E-2 3.39082E-2 5.81951E-3 5.76499E-3 3.68394E-4 5.28278E-3 8.40973E-2 -9999 -9999 -9999 -9999 -9999 -9999 -9999 -9999 -9999 -9999 -9999
1.83414E-2 3.06187E-2 1.80846E-2 1.05995E-2 2.4205E-3 9.16766E-3 4.26702E-5 2.54286E-3 6.96494E-3 7.81651E-2 1.81724E-2 2.32262E-2 1.32474E-2 5.25495E-2 2.5186E-2 2.64171E-2 1.25097E0 2.72637E1 1.07784E1 3.72E-2 8.60398E-3 4.95252E-4 1.2312E-2 5.26522E-2 1.87501E-2 8.03254E-3 3.39037E-2 2.3411E-2 4.9698E-2 8.77215E-2 1.21845E-2 3.41373E-3 2.2165E-2 9.80952E-2 1.96905E-1 1.26539E-1 1.16226E-1 1.92133E-2 5.37763E-2 3.78332E-3 6.0343E-2 1.19594E-3 8.95924E-3 5.79692E-3 4.96089E-2 5.27871E-2 2.12633E-3 4.70376E-2 1.10845E-2 -9999 -9999 -9999 -9999 -9999 -9999 -9999 -9999 -9999 -9999 -9999
4.99774E-4 2.87497E-2 1.76703E-2 6.13532E-2 4.53417E-2 1.81736E-3 6.32883E-3 2.37641E-2 4.3709E-2 6.83173E-2 5.10626E-3 8.14618E-2 6.51045E-3 3.15191E-3 6.11504E-3 2.94068E-3 7.97721E1 1.65823E-2 3.4092E-3 1.15187E-1 2.28425E-2 2.05598E-2 6.65295E-2 4.76787E-2 9.94991E-3 1.60055E-3 5.95673E-3 1.52728E-1 5.37223E-2 4.31537E-3 1.65801E-2 3.78459E-3 4.22231E-4 1.85717E-2 1.65645E-1 5.64646E-2 9.58949E-2 2.48318E-3 5.7592E-2 3.33529E-3 4.98698E-2 7.09517E-3 1.13143E-3 6.7676E-3 2.15819E-3 2.85482E-3 4.68907E-2 2.64775E-2 1.15875E-3 -9999 -9999 -9999 -9999 -9999 -9999 -9999 -9999 -9999 -9999 -9999
5.33385E-3 9.76645E-3 1.62636E-2 6.50289E-2 2.27996E-2 3.65682E-2 2.52123E-2 1.14823E-2 2.74726E-3 2.58122E-2 6.64984E-2 3.78034E-2 7.61077E-3 7.9441E-3 1.22585E0 8.70749E0 5.73262E1 1.76235E-1 2.74982E-2 1.50223E-2 1.00385E-2 5.2655E-4 9.99051E-3 1.78028E-2 4.48145E-2 3.42115E-3 2.7985E-2 5.71487E-2 1.43775E-1 4.10935E-3 5.10867E-3 2.0498E-2 5.8806E-2 3.31619E-3 1.59302E-1 1.39506E-1 7.86913E-2 2.24372E-3 1.88294E-2 2.6205E-2 5.58546E-2 5.31557E-2 6.75063E-3 1.08298E-3 7.91843E-4 2.3085E-3 6.98369E-2 4.98616E-3 9.88245E-4 -9999 -9999 -9999 -9999 -9999 -9999 -9999 -9999 -9999 -9999 -9999
3.62968E-3 5.77512E-2 2.94897E-2 5.61181E-2 9.55359E-3 7.33689E-5 1.84824E-5 5.04834E-4 6.63426E-3 1.77493E-2 5.47465E-2 7.86093E-2 8.53673E-1 3.45253E-2 1.67956E-4 4.71181E-3 2.72796E1 3.15472E-1 8.19058E-3 2.72825E-2 7.28161E-3 1.9536E-2 6.20237E-3 1.99049E-3 2.61003E-2 9.64817E-3 1.54077E-3 2.73848E-2 6.40335E-2 2.08098E-2 6.08913E-2 3.24276E-3 5.81922E-3 3.69545E-2 1.59122E-1 6.70176E-2 8.94498E-2 2.09466E-3 5.08003E-3 6.31073E-3 6.38038E-2 1.42944E-2 4.91906E-2 2.60255E-3 2.10342E-2 4.4837E-2 5.23353E-3 9.34092E-4 2.3559E-3 -9999 -9999 -9999 -9999 -9999 -9999 -9999 -9999 -9999 -9999 -9999
6.23155E-3 3.18772E-4 9.64479E-3 1.72465E-2 5.57033E-2 2.3059E-2 3.50249E-2 2.74722E-2 3.01133E-2 3.02116E-2 4.51788E-2 4.25752E-2 5.95602E-3 2.23281E-3 3.81961E-3 2.96604E-1 2.64059E1 5.86603E-3 1.23309E-2 5.10113E-3 1.09355E0 5.21106E-3 6.89981E-4 1.72358E-3 3.83703E-2 7.25923E-2 5.57997E-2 2.54666E-2 6.18713E-2 8.78155E-2 1.78531E-2 1.97212E-2 5.66353E-2 7.80959E-2 1.62615E-1 9.82058E-2 3.60314E-2 1.4766E-2 4.10691E-3 7.20245E-3 6.38133E-2 3.76309E-2 4.9734E-2 5.07664E-2 7.82424E-2 5.15169E-3 4.20674E-4 7.60002E-4 -9999 -9999 -9999 -9999 -9999 -9999 -9999 -9999 -9999 -9999 -9999 -9999
3.77057E-3 5.91211E-3 2.49966E-2 2.91216E-2 1.38056E-2 3.31845E-2 6.84461E-5 4.08512E-4 1.33047E-3 2.42163E-3 9.74107E-3 1.68992E-3 7.8534E-3 4.45827E-3 2.72763E-3 1.62106E-1 4.3865E1 6.00934E-3 4.51459E-3 4.85615E-3 2.78945E0 5.56788E-4 2.42659E-2 2.0931E-2 1.60616E-2 8.68218E-3 3.66422E-4 4.57875E-3 9.31032E-2 1.25215E-1 6.99544E-2 2.21899E-2 9.29358E-3 9.03193E-3 1.624E-1 1.74498E-1 5.75619E-2 2.42323E-2 3.1506E-3 3.0712E-3 6.80796E-2 7.22053E-2 7.31399E-2 5.53418E-2 4.38164E-2 5.4874E-3 2.3577E-4 6.30491E-4 1.14739E-2 -9999 -9999 -9999 -9999 -9999 -9999 -9999 -9999 -9999 -9999 -9999
1.62906E-2 2.35439E-4 8.74733E-3 3.26066E-2 8.67251E-3 1.07157E-2 1.74272E-2 1.83355E-3 5.26221E-3 4.00775E-3 2.13715E-2 4.5632E-3 5.72276E-3 2.53739E-2 3.06669E-2 1.38048E0 5.04583E1 2.03338E-1 4.45241E-3 9.04366E-2 2.52263E0 2.55096E-2 3.96587E-4 9.34083E-3 6.11172E-2 5.04594E-3 1.15453E-2 4.43402E-4 2.25284E-2 7.73834E-2 1.99017E-2 2.54524E-2 7.41656E-2 5.68426E-2 1.58786E-1 1.73894E-1 6.24493E-2 5.26877E-2 5.10994E-3 3.10352E-3 2.05527E-2 7.2255E-2 5.01829E-2 5.91667E-2 4.75656E-2 3.5032E-2 2.02342E-2 5.48533E-3 1.35582E-3 -9999 -9999 -9999 -9999 -9999 -9999 -9999 -9999 -9999 -9999 -9999
