outputallcorrectTI_nofloodareas_nofloodcontrols_BK1/flood.asc
ncols         319
nrows         495
xllcorner     219017.22331753
yllcorner     4610852.5305323
cellsize      500.0
NODATA_value  -9999
[rows 286 to 311 of 495, columns 120 to 179 of 319]
2.29791E0 2.40896E0 6.8018E-1 2.55733E0 1.61412E1 9.67956E0 1.16205E0 2.43696E0 5.28024E-1 2.06522E-1 7.93401E0 1.43669E1 2.13635E-1 1.82083E-1 1.31034E0 1.94767E-1 4.44327E0 2.79152E0 1.33478E1 5.51628E0 4.28775E0 9.82792E0 5.7159E-1 5.29699E0 1.14532E0 1.30235E1 7.3089E-1 1.59725E-2 1.0391E-1 2.12366E-1 3.02062E-1 1.1794E0 2.36999E-1 7.44977E0 5.11893E1 1.66229E0 1.8943E1 3.56989E1 3.97597E1 2.83001E1 2.88226E1 2.6578E1 3.82945E1 5.35052E1 3.58027E1 3.86967E1 3.25541E1 3.22601E1 2.93561E1 2.88193E1 3.12783E1 3.97557E1 3.60723E1 2.82469E1 2.77959E1 2.94729E1 3.04912E1 3.08379E1 3.10581E1 2.94047E1
8.23519E-1 7.22542E-1 1.69279E0 1.62153E1 1.89421E0 7.11136E0 1.10185E0 2.26296E-1 3.98582E0 2.95646E0 4.05933E0 5.91364E-1 2.19092E-1 8.22715E-1 1.45442E0 7.15803E-1 3.92882E0 2.47432E0 1.4127E1 1.77615E1 4.3019E0 4.91922E0 1.09083E0 3.24022E0 6.63054E0 4.74143E-1 4.47496E-1 1.86975E-2 4.34951E-3 8.36874E-1 1.23476E0 5.29037E-1 6.5115E-1 1.36565E1 4.7104E1 2.10508E1 5.74569E0 3.56861E1 4.04857E1 4.27383E1 4.18852E1 1.06979E1 7.11608E1 2.45056E1 7.28938E1 2.41583E1 2.41779E1 7.27072E1 7.24539E1 7.24437E1 7.25307E1 7.26087E1 7.25472E1 7.24132E1 5.75313E1 5.80409E1 5.80856E1 5.78851E1 5.82733E1 5.84676E1
8.25823E-1 2.01954E0 1.50587E1 2.07903E0 2.60361E0 7.4932E-1 8.3025E0 1.73617E0 1.43879E-1 4.86814E-1 1.56413E0 4.3296E0 3.14725E0 2.01997E1 7.13264E-1 5.34501E0 1.56101E1 1.7164E0 2.07008E0 1.5801E0 1.13272E1 3.41654E0 3.71348E0 8.48946E-1 1.78845E-1 1.18969E0 1.83211E-1 1.56378E-1 5.94144E-4 3.27718E-1 2.61904E-1 8.15756E0 9.08939E-1 1.59926E1 4.51046E1 3.14761E1 8.03135E0 3.68059E1 4.05636E1 3.34546E1 4.22708E1 7.10378E1 3.62386E1 3.63194E1 3.80748E1 3.51707E1 3.42603E1 3.36355E1 2.68951E1 2.62818E1 2.64077E1 3.26999E1 3.21285E1 2.51506E1 2.55992E1 2.55155E1 2.39289E1 1.60304E0 1.39458E0 9.46773E-1
6.92269E0 1.34639E1 9.02322E0 4.27939E-1 3.70963E0 9.95979E0 4.31703E0 1.24931E0 4.72555E-1 5.58956E0 5.68072E0 8.6144E-1 3.34241E0 2.04309E1 2.6529E0 1.55092E1 5.38986E0 5.29208E0 4.39615E-1 3.43208E0 3.68885E-1 3.55118E0 5.0583E0 3.43089E0 3.84796E-1 9.40334E-2 2.93589E-1 8.39728E-2 1.54967E-2 1.02714E-1 2.57973E-1 1.79337E0 9.57387E0 1.12757E0 8.17946E0 4.67265E1 4.25844E1 3.84447E1 3.97159E1 3.34576E1 7.0229E1 3.69717E1 3.76558E1 3.75958E1 3.81717E1 3.6703E1 3.50826E1 3.47545E1 2.83114E1 2.7301E1 2.72033E1 2.668E1 3.26582E1 2.56116E1 2.51977E1 2.27096E1 1.88168E1 2.68398E1 5.88011E0 4.00316E0
8.7431E0 1.83007E-1 7.15045E-1 8.46506E-1 8.43228E-1 3.57674E-1 1.78677E0 6.07197E-1 9.78843E0 8.57077E0 8.03763E0 9.97981E-1 1.5933E1 1.80545E1 1.54146E1 3.88179E-1 9.65954E-1 2.22652E0 9.44571E-1 3.50106E0 8.34579E-1 3.83719E-1 2.10593E0 3.24933E-1 7.74905E-1 9.59064E-1 1.79697E0 1.70696E-1 7.74546E-2 1.12961E0 1.3088E0 4.04007E0 1.6888E1 1.51341E1 6.15126E0 4.68293E1 4.21146E1 3.14796E1 4.02506E1 7.1018E1 3.85075E1 3.73134E1 3.59997E1 3.41308E1 3.2742E1 3.2102E1 3.19812E1 3.21072E1 2.55732E1 2.4932E1 2.44513E1 2.177E1 2.41474E1 1.95137E1 2.41986E1 6.1697E0 1.21485E1 2.64832E1 5.87613E0 1.62399E-1
8.1771E0 2.54106E0 3.25199E1 2.1436E0 1.53778E0 1.62704E0 1.80325E0 7.60465E0 9.71946E0 7.17411E-1 7.92353E-1 9.72824E-1 7.23752E0 5.04286E-1 4.98715E0 2.2431E0 4.11752E-1 3.81789E-1 3.29049E0 6.48729E-1 4.32607E-1 3.6736E-1 2.94152E0 4.73544E-1 2.23808E0 1.89507E0 8.65554E-1 8.22637E-1 7.03323E-1 4.01609E-1 2.98476E-1 2.52746E-1 6.19404E0 1.62482E1 1.36923E1 3.84338E1 3.40265E1 4.07192E1 7.08784E1 3.78935E1 3.67515E1 3.7967E1 3.39343E1 3.26716E1 3.26128E1 3.29268E1 3.31797E1 3.31951E1 3.04887E1 1.62234E1 2.911E1 5.41421E0 8.66581E0 1.15666E1 9.5752E0 2.45611E1 2.5297E0 1.19189E1 4.03825E-1 1.36883E0
1.31345E1 1.85403E0 1.49024E1 1.6655E-1 3.15051E-1 5.57904E-1 2.69494E0 7.82604E0 7.66044E0 3.72206E0 2.49412E-1 6.87164E-1 5.09288E0 2.26856E-1 8.53053E0 3.69479E-1 1.02076E0 1.94346E-1 4.33968E0 3.88893E0 4.81794E0 3.95425E0 6.38047E-1 7.5684E-1 5.12804E-1 2.76095E0 1.28143E1 1.5912E0 7.08444E0 1.72328E0 1.55234E-1 1.59645E-1 3.78346E-1 1.53749E1 2.5422E1 4.12612E1 3.42134E1 7.06388E1 4.05591E1 3.82083E1 3.85151E1 3.54684E1 3.29324E1 3.29471E1 3.49622E1 3.24058E1 2.56779E1 1.64045E1 2.3053E1 1.46329E1 1.69369E0 2.03631E0 3.81119E-1 3.81669E-1 1.77746E0 2.01961E1 3.71719E-1 1.34666E1 3.22966E-1 3.24695E-1
4.87874E0 3.49936E1 1.04473E1 4.97681E-1 7.01086E0 8.27247E0 1.00136E1 2.01097E1 1.47796E1 5.90478E0 4.08005E-1 9.4829E-1 4.8825E0 1.60408E-1 1.0857E0 9.11515E-1 1.78054E0 5.60954E0 2.99778E0 3.32571E-1 3.48588E-1 9.64975E-1 6.56065E-1 1.1487E0 3.61595E-1 4.62414E0 8.10939E0 4.78138E0 6.40282E-1 4.43497E-1 5.4001E-1 2.51768E-1 1.39132E0 2.38363E1 3.07322E1 4.27376E1 5.65085E1 3.27772E1 3.10171E1 3.06804E1 3.12866E1 2.39678E1 2.9803E1 3.02112E1 3.0318E1 3.10213E1 7.74258E0 6.5909E0 1.49537E1 5.59071E0 2.01369E0 3.97643E-1 2.78941E0 6.4255E-1 2.90588E0 1.32663E1 3.5791E-1 1.08747E0 3.02896E0 1.45131E0
4.3132E0 3.47185E1 2.78207E1 3.05945E0 1.02928E0 5.87382E-1 1.59916E1 7.51438E0 3.94168E0 3.02198E0 2.11259E-1 8.71584E-1 8.61705E0 5.70631E-1 2.91812E0 2.06403E-1 6.41909E0 4.88357E0 3.56389E-1 2.45404E0 6.02518E0 6.37721E0 1.36068E0 5.86347E-1 6.07757E0 3.01072E1 8.46189E0 9.94339E-1 7.07634E-1 2.1713E0 1.78592E0 7.71895E-1 2.67448E0 8.21219E0 2.59448E1 5.40315E1 3.58251E1 3.58653E1 2.83172E1 3.5634E1 2.17533E1 1.94835E1 6.98728E0 6.67879E0 1.25804E1 1.32612E1 7.80796E0 6.1746E-1 4.08974E-1 3.65925E-1 5.35727E-1 2.81285E-1 1.3294E0 2.29438E-1 2.05971E-1 1.29915E1 3.27273E-1 4.8701E-1 1.4851E0 8.17548E-1
1.52044E0 5.89423E0 1.73099E-1 9.28646E-1 3.1976E-1 5.88558E-1 1.1977E0 1.27379E1 6.6937E0 4.11121E0 1.00547E0 1.92369E-1 3.40327E1 3.70121E0 2.40411E0 2.1141E-1 6.62216E0 3.59685E0 8.4026E0 4.06847E-1 3.81341E0 1.08571E0 5.56733E0 8.47711E-1 3.2153E0 2.46674E1 8.10796E-1 3.67297E-1 7.05106E-1 3.44178E-1 1.52201E-1 9.78078E-2 2.40374E-1 6.8729E0 5.01911E1 3.39295E1 3.57493E1 3.73716E1 4.1632E1 3.72821E1 3.02013E1 2.90571E1 1.64313E1 4.72822E0 4.03344E0 3.0678E0 2.65692E0 3.41196E1 4.1006E0 1.16509E0 5.06141E-1 9.77446E-1 5.53033E-1 6.6196E-1 2.30929E-1 2.9736E0 3.66473E-1 1.26457E0 4.52953E-1 2.0356E-1
2.54431E1 2.47578E-1 1.66497E-1 3.88726E-1 3.81373E-1 9.15977E-1 7.68726E-1 6.38578E-1 1.23028E1 4.10881E0 5.64903E0 2.06525E0 2.30219E1 2.45788E-1 2.13368E0 2.47856E0 1.84631E1 2.16566E0 1.83408E-1 2.42027E0 1.97967E-1 3.5721E-1 5.90751E-1 2.11835E1 2.71575E1 6.04399E-1 2.62988E0 5.99182E0 1.69491E-1 5.13235E-1 2.20729E-1 1.19313E-1 1.45886E-1 2.68147E1 3.19225E-1 3.39877E-1 1.62204E0 1.13826E1 1.75084E1 2.83826E1 3.01387E1 3.78808E1 2.63988E1 2.87517E0 1.80146E0 3.56276E0 4.37964E0 1.22852E0 2.62965E0 1.87335E1 1.19823E1 5.20562E-1 6.57693E-1 3.90553E-1 6.69717E-1 3.33831E-1 2.91252E0 1.63546E-1 1.52398E-1 8.83767E-4
1.76179E0 2.09287E-1 4.72235E-1 4.91316E-1 7.40492E-1 4.18208E-1 2.88171E-1 4.17141E0 5.80079E-1 4.33139E0 5.2289E0 2.16917E0 9.51391E0 1.59315E0 5.41243E-1 4.05871E-1 2.81718E1 2.1051E0 1.94165E-1 1.80568E-1 1.77502E-1 6.68881E0 7.71301E0 2.73884E1 3.03814E0 4.97531E-1 3.58231E0 7.16325E-1 1.00301E0 4.91312E-1 2.01887E-1 1.49529E0 1.89921E-1 2.77659E1 2.84486E-1 2.33281E-1 2.16916E-1 4.36114E0 3.50958E0 1.29789E0 4.75218E0 3.4921E1 3.7208E1 1.7361E1 5.80748E0 1.03246E1 1.21884E1 3.83493E0 6.20847E0 6.1424E0 1.15051E1 4.39933E0 2.13215E0 3.13888E0 3.8865E-1 7.58477E-1 1.23585E1 6.69966E-1 1.85632E-1 1.9517E-1
4.32785E0 2.42856E-1 1.82618E0 2.52933E0 1.6285E-1 1.79186E-1 1.52129E0 1.01501E1 1.59795E0 4.85738E0 2.87401E-1 5.66261E0 9.78136E0 5.46989E0 1.03178E0 4.80219E-1 8.88605E0 2.10041E0 8.33929E0 1.10042E0 4.58059E0 3.36442E1 5.12451E-1 1.62937E0 3.24719E0 4.74577E0 6.09817E0 2.24697E-1 9.63364E-1 6.83651E-1 1.50573E-1 1.91912E-1 2.20883E-1 2.3177E1 1.33279E-1 2.17428E0 1.12637E-1 4.82738E-1 9.38959E-1 1.58831E-1 2.08097E1 2.69697E1 1.09518E1 3.41166E1 2.81625E1 4.35523E-1 5.45117E-1 7.81793E0 2.53459E0 4.05323E0 2.07295E0 2.01125E1 3.93095E0 1.17527E1 9.21153E-1 4.25385E0 6.72474E-1 2.95988E0 1.4069E0 2.15762E-1
1.12552E1 7.55175E-1 4.31011E0 2.56774E-1 2.38524E-1 2.25354E-1 7.71747E0 2.71447E0 2.5738E-1 2.13701E0 1.96042E-1 4.71794E0 1.16235E0 1.63219E1 1.61373E0 8.61148E-1 3.45045E1 6.01809E0 8.08765E0 2.82132E1 7.4287E-1 6.6935E-1 9.16822E-1 3.7374E-1 1.85045E0 9.21844E-1 6.53344E0 1.97181E0 2.08239E1 2.29816E1 1.52037E-1 2.30269E1 2.37789E1 4.1459E0 1.27416E0 2.26817E-1 5.1106E-1 1.51116E-1 8.1639E-1 2.73444E-1 8.29453E-1 2.75793E0 1.56696E-1 1.65134E-1 3.57335E1 4.04852E1 3.82488E1 4.32743E0 2.618E0 8.9168E0 3.1205E0 4.19472E0 1.88503E1 3.99922E-1 9.6911E-1 4.9617E-1 9.49984E-1 3.89262E-1 2.39362E0 3.6278E0
7.85854E1 8.9484E1 9.6233E1 2.87935E1 1.35723E0 6.36272E0 2.68277E-1 2.45533E-1 3.95524E0 1.84403E-1 7.49123E-1 3.18674E-1 2.08134E1 2.57996E1 1.15828E1 2.70018E0 3.20962E1 6.43009E0 6.8772E-1 3.97463E-1 6.36198E-1 5.66854E-1 2.00442E0 1.93557E0 1.86336E0 1.17325E1 7.85867E0 2.34995E1 2.69507E-1 1.51001E0 2.36277E1 2.54671E-1 1.62916E-1 2.92973E-1 1.98739E0 8.00752E-1 3.40118E0 2.56324E0 1.29638E-1 2.1895E-1 8.22117E-1 1.21696E0 4.68246E-1 1.83449E-1 2.56983E1 8.52778E-1 8.30111E0 3.87986E1 4.52617E1 4.02482E0 2.58654E1 2.70639E1 2.58517E0 8.95158E0 3.84765E-1 4.00428E-1 3.3042E-1 1.20622E0 3.52075E0 1.21473E-3
7.38658E1 4.88627E1 2.2012E1 6.10571E0 9.68339E1 4.88194E0 6.89856E-1 4.61916E-1 2.64816E-1 2.63424E-1 1.51722E0 1.31096E1 3.54172E1 1.12414E0 1.28017E1 1.57024E1 2.45406E1 2.4425E0 4.84398E-1 8.5498E-1 3.93205E-1 2.14493E-1 2.3211E0 6.44701E0 2.24149E1 6.77364E1 7.63885E1 2.04154E0 6.10892E-1 4.25277E-1 4.99499E0 5.05655E-1 1.81264E-1 3.10855E-1 1.0583E0 1.68463E0 3.98486E-1 4.22725E-1 1.77631E-1 1.35181E-1 5.60228E-2 7.6694E-1 1.37052E0 1.93727E-1 5.69713E0 2.94733E0 3.24262E1 2.13678E0 1.84673E-1 3.5328E1 3.95993E1 2.9266E1 1.42046E1 3.53873E-1 8.48653E-1 9.17545E-1 2.0683E-1 1.79406E-1 8.23972E0 1.72562E-2
1.58868E1 8.46326E0 1.29738E1 1.25811E1 3.62942E1 9.65533E1 1.1158E0 8.95632E0 8.80047E0 1.24373E0 1.86383E1 3.49605E1 1.98187E1 4.78466E0 1.06092E0 2.14438E0 3.1248E1 7.40927E-1 7.45839E0 1.06872E1 5.0032E-1 6.04441E-1 2.88798E-1 7.30511E0 8.00181E1 1.29591E0 1.08757E1 6.28814E0 7.11234E0 5.1679E0 3.74157E-1 1.05884E0 4.82843E-1 4.92399E-1 2.09891E0 1.25156E1 4.12869E-1 2.59139E0 4.3392E-3 1.14901E-2 2.22589E-4 1.63061E-1 1.4454E0 3.56616E-1 1.04818E0 4.93157E-1 7.22902E0 1.96339E0 2.68614E-1 2.24809E0 2.53699E1 1.99451E0 2.21484E1 3.11664E0 2.63289E0 8.49599E-1 2.77551E-1 2.24739E-3 3.60549E-1 8.08724E-4
6.71418E0 2.00807E1 3.3972E1 2.53882E1 1.50917E1 7.65484E1 1.57315E0 5.47426E0 1.3023E1 2.22693E1 1.7955E1 4.87714E-1 1.67774E0 1.91853E0 4.36091E0 8.63706E0 4.36941E0 3.02355E1 8.046E0 2.1218E0 2.92983E-1 2.57987E0 1.12423E1 1.19614E1 2.96009E1 2.2635E1 2.57748E1 8.3759E0 2.27392E1 1.9335E0 3.19661E-1 3.50454E-1 1.64457E-1 1.36295E0 3.06713E0 8.03706E0 6.05742E0 1.55494E-1 3.67268E-1 1.47107E-2 6.33346E-3 2.59627E-3 9.15135E-4 1.14866E-1 1.8007E-1 1.24846E0 3.84208E-1 7.27602E0 4.79335E-1 2.68511E0 1.40765E1 4.51476E-1 1.8319E1 7.3151E0 1.93194E0 5.6208E0 2.18516E0 5.80473E-3 2.47227E-3 4.54317E-2
1.68255E-1 5.09333E0 6.71288E0 1.30132E1 4.19198E1 7.47504E1 1.77336E1 4.57027E1 4.62868E1 1.77859E0 4.78359E0 7.6493E0 8.28994E0 7.07251E0 9.8699E-1 1.28807E0 3.20637E1 2.18711E0 4.57647E0 2.9103E-1 1.65005E0 2.71068E1 1.56251E1 2.85092E1 5.06125E0 4.30402E0 1.17243E0 3.53568E1 1.94305E1 1.10489E1 1.82248E-1 3.09585E-1 8.02551E-1 2.17035E-1 1.58443E0 2.59619E1 1.4478E1 2.59597E-3 1.26832E-2 3.29124E-2 1.08895E-2 1.26743E-2 3.34479E-3 7.02149E-1 1.25723E0 7.65596E-1 9.33147E-1 1.25043E1 9.81449E0 9.78119E0 5.82068E-1 3.35062E-1 2.08689E0 1.83458E1 6.73649E0 7.13671E-1 2.18604E-1 6.8843E-4 2.45988E-3 4.39606E-2
3.03243E-1 6.19908E-1 2.8752E1 1.7957E1 6.42301E0 2.94095E1 3.23711E1 3.80531E0 9.80057E-1 6.56502E0 6.61526E0 1.51597E0 4.13302E0 5.67983E0 7.55078E-1 8.07036E0 5.99572E0 1.90031E0 2.30115E0 2.53908E-1 1.16006E1 1.70241E1 6.59902E1 4.73401E0 6.98278E0 8.4034E0 1.96141E0 2.81655E1 2.64822E1 3.04266E1 3.10496E1 3.14311E0 1.39164E1 3.07771E0 3.60159E0 4.13698E0 3.13424E0 5.66992E-1 2.84697E-3 1.26887E-2 1.44017E-2 3.71716E-2 7.56313E-2 3.68455E0 2.26981E0 1.41749E0 4.89653E0 6.22997E0 1.40242E1 6.60259E-1 1.71789E-1 7.03424E-1 2.22561E0 2.11825E1 8.76127E0 8.00999E-1 2.28229E-1 5.25951E-3 4.83847E-3 2.20808E-3
2.77227E-1 1.47111E0 1.18119E0 1.495E1 1.13115E1 4.47975E0 3.10536E1 5.38104E1 6.11061E1 5.54198E0 4.37466E0 5.23609E0 1.99158E1 2.29149E1 1.6463E1 9.22247E0 2.14342E0 3.01953E0 2.97265E-1 4.08184E0 6.56676E1 8.87968E1 1.1563E0 2.7179E1 8.16823E0 2.8413E1 3.15266E1 7.90891E0 8.89184E0 1.08009E0 1.1664E0 6.19077E0 6.5273E-1 1.26244E0 8.20537E-1 5.85209E0 1.11038E1 1.26711E0 2.78604E-1 3.42848E-3 4.95326E-2 9.00927E-3 4.008E-3 2.81782E-1 1.80944E-1 2.14754E-1 1.19905E1 2.07956E1 6.39056E0 2.60038E-1 8.12929E-1 4.34251E-1 1.30138E0 1.60585E1 9.54108E0 7.14763E-1 2.05243E-1 6.72327E-4 2.38599E-2 6.13785E-3
4.20093E-1 7.68124E-1 1.79382E-1 9.68019E0 8.01319E0 1.28743E1 8.91587E0 1.15904E1 1.45822E1 9.42973E1 9.87726E1 9.7273E1 9.79292E1 2.65277E1 9.24734E0 1.93114E1 7.80666E0 5.1777E0 6.37357E0 8.73433E1 3.29536E1 1.4719E1 9.10623E-1 1.15315E0 6.97826E0 2.6923E0 3.11826E0 1.38822E1 1.98287E0 1.04184E1 5.12169E0 3.87241E-1 1.85419E-1 2.18596E-1 1.90934E0 1.18946E0 5.78344E0 9.8773E0 1.25545E0 2.39406E-2 4.42074E-3 3.77556E-3 1.23256E-2 2.87447E-3 1.48212E0 6.20547E-1 1.74297E-1 1.10195E1 7.00029E0 7.02406E-1 8.35931E-1 2.30914E-1 4.446E-1 3.30262E-1 1.51857E1 1.5245E0 8.76901E-1 2.40291E-2 6.22923E-3 1.35313E-2
3.25589E-1 6.136E-1 2.19178E-1 5.36344E-1 5.0659E-1 1.72151E1 3.17913E0 3.37367E0 3.32433E0 4.80534E-1 1.24475E1 4.88665E0 2.84311E0 8.47923E1 1.43737E0 4.51879E0 2.89494E0 1.22452E1 8.88494E1 4.43724E1 1.30026E1 1.24084E1 4.24277E0 6.33729E0 2.34706E1 1.19278E1 1.59402E0 3.7826E0 2.33033E0 1.07831E0 3.80627E0 3.60627E-1 9.29488E-1 5.1476E-1 8.73687E-1 4.46596E0 2.4082E0 1.16942E0 1.87374E0 2.4388E-1 4.07114E-2 2.71664E-2 4.88702E-3 4.02414E-4 5.40445E-3 2.15385E0 9.50515E-1 4.977E-1 6.8443E0 3.53276E-1 4.86138E-1 6.96556E-1 7.70394E-1 5.01945E-1 1.74368E1 2.38926E-1 6.23745E-1 8.59702E-4 2.18728E-3 1.92164E-3
7.78966E-1 8.04958E-1 3.15445E-1 4.99382E-1 2.60795E0 5.16189E0 8.58344E-1 1.09016E0 9.38799E0 2.02622E1 2.83713E-1 2.0158E0 2.03625E1 8.92624E1 7.70416E0 8.20281E0 2.89312E1 6.7757E1 9.00824E0 7.17509E0 1.08162E0 7.17647E0 1.22409E0 9.86111E0 1.89066E1 7.07471E-1 2.01844E0 8.12347E-1 4.82424E-1 4.3228E0 2.61839E1 4.96689E0 5.74962E0 8.52263E-1 4.85727E-1 3.59887E-1 5.4386E-1 1.14774E1 1.51123E-1 5.98063E-1 1.09719E-1 9.62099E-2 2.50974E-2 5.92829E-3 1.6764E-3 3.32644E-3 5.22533E-3 2.32734E-1 3.9902E-1 1.64308E1 7.14167E-1 1.64687E0 1.66885E0 1.64902E0 8.09992E0 1.34971E0 1.50509E-1 1.18515E-3 5.0586E-2 5.74412E-2
7.61364E-1 4.34993E0 8.3208E-1 4.4886E-1 2.48577E-1 2.4842E0 2.17799E0 4.15277E1 2.04224E1 2.80932E-1 1.78019E-1 3.72511E0 7.25194E0 9.47556E1 1.2333E1 2.12588E1 3.50083E1 1.1666E1 8.91664E0 7.48671E0 2.05659E-1 5.122E-1 3.18609E-1 2.25784E0 7.08271E0 2.19164E0 3.77021E-1 2.19978E0 1.1025E0 2.52728E0 3.40153E0 8.08442E0 6.07535E0 1.85934E0 1.63036E-1 6.93521E-1 4.18931E-1 3.88419E0 1.11143E-1 1.64289E-1 2.64936E-2 1.03183E-2 4.58913E-3 3.01816E-3 1.92451E-3 5.16037E-5 2.76446E-4 5.40162E-3 2.12666E0 1.0614E1 8.9091E-1 3.15075E0 1.69769E0 1.97594E0 7.5781E0 6.95977E0 3.6574E0 3.41544E-1 1.2802E-3 1.62893E-3
1.02735E1 1.55673E0 4.02108E0 1.12335E0 3.74752E0 8.34882E0 1.09937E1 5.00112E-1 8.28342E0 2.74607E-1 1.21388E-1 2.32127E-1 1.48705E0 8.84417E0 9.605E1 9.75157E1 9.9605E1 1.03261E1 1.01285E0 1.79814E-1 3.29309E-1 3.79591E0 3.64057E-1 1.03329E0 5.35582E-1 4.85407E-1 3.26712E-1 6.97966E-1 1.01847E0 5.77546E0 8.60542E0 7.29017E0 1.5259E0 3.86788E-1 3.16379E-1 9.70929E-1 2.32827E0 2.03673E-1 6.90899E-1 3.53369E-1 4.3139E-3 2.60753E-2 3.86886E-3 2.78999E-2 6.28699E-3 3.19965E-3 9.61453E-5 5.78554E-4 1.86128E-3 1.80545E-1 1.36977E0 7.35723E0 1.93673E0 1.03457E0 6.67879E0 6.77451E0 1.54349E0 1.91001E-1 5.64724E-3 1.78897E-3
