STATUSquoLogistic/flood_STATUSquo.asc
ncols         319
nrows         495
xllcorner     219017.22331753
yllcorner     4610852.5305323
cellsize      500.0
NODATA_value  -9999
[rows 338 to 363 of 495, columns 236 to 294 of 319]
1.01041E-2 1.12893E-3 5.27024E-4 1.32409E-3 1.07478E-3 3.95038E-4 2.32699E-4 1.19005E-4 4.23968E-5 7.34418E-4 5.89875E-4 5.34023E-5 3.62984E-5 1.49145E-4 1.4792E-4 1.47365E-4 1.88623E-4 9.56496E-3 1.35893E-2 2.45581E-2 2.02751E-3 2.806E-3 7.45336E-3 3.42959E-3 2.14329E-4 2.04243E-3 1.79547E-4 1.15931E-4 2.9379E-4 9.68057E-4 3.29177E-4 2.71263E-4 7.26206E-4 1.50723E-3 4.62348E-3 7.35108E-4 7.0483E-3 8.20728E-4 1.89676E-3 1.23451E-3 2.9182E-3 2.51074E-3 1.21232E-2 1.28711E-3 -9999 -9999 -9999 -9999 -9999 -9999 -9999 -9999 -9999 -9999 -9999 -9999 -9999 -9999 -9999
4.44214E-3 1.23933E-3 5.20936E-4 3.36955E-4 1.70508E-3 4.51628E-4 3.93905E-4 2.52556E-3 1.11798E-4 6.33018E-5 4.1427E-5 7.92608E-5 1.1433E-4 1.44546E-4 6.62097E-4 3.22617E-4 3.42813E-3 1.36863E-2 1.3889E-2 2.04233E-2 1.53166E-3 1.64976E-3 1.46068E-2 8.45324E-3 4.35317E-3 1.96816E-4 1.43711E-4 1.20695E-4 1.31772E-4 3.01688E-4 2.01035E-4 8.06959E-4 2.71243E-4 6.28101E-4 1.93926E-3 3.50093E-3 4.2987E-4 4.33576E-4 1.17778E-3 8.80647E-4 2.35496E-3 5.67357E-3 1.3002E-2 1.64137E-3 1.28166E-3 -9999 -9999 -9999 -9999 -9999 -9999 -9999 -9999 -9999 -9999 -9999 -9999 -9999 -9999
2.8089E-3 2.07129E-3 7.73048E-4 6.03395E-4 4.39498E-3 1.33991E-3 1.25707E-4 1.33681E-4 5.6857E-5 4.89179E-5 5.68913E-5 1.19164E-4 1.89732E-4 5.5324E-3 1.21743E-2 5.91572E-3 7.51573E-3 1.95084E-2 1.65632E-2 1.86538E-4 3.11992E-3 3.05735E-4 2.29369E-3 7.63659E-3 1.19711E-3 1.58437E-4 1.49408E-3 1.25126E-4 2.37352E-4 2.00313E-4 1.51674E-4 3.22332E-4 6.60745E-4 2.61806E-4 8.5618E-4 1.9363E-3 2.25727E-4 2.85544E-4 9.36442E-4 1.55228E-3 4.48488E-3 1.62543E-3 1.06812E-2 2.97553E-3 9.43457E-4 -9999 -9999 -9999 -9999 -9999 -9999 -9999 -9999 -9999 -9999 -9999 -9999 -9999 -9999
2.60834E-2 1.28141E-2 7.47481E-3 1.49109E-3 3.90234E-4 2.30225E-4 2.3037E-3 1.18663E-4 6.23579E-5 5.73778E-5 2.13345E-4 1.23436E-4 4.02622E-4 1.21838E-2 1.46126E-2 9.07909E-3 1.0365E-2 1.72907E-2 1.6243E-2 1.78264E-4 1.88711E-4 2.25519E-4 8.92983E-5 9.39822E-5 2.18907E-4 1.51063E-2 1.72547E-4 2.65747E-3 1.83764E-3 2.09186E-3 6.32523E-4 1.76496E-4 2.53343E-4 3.85987E-4 1.35945E-3 2.8601E-4 2.09486E-4 2.46777E-4 3.59724E-4 1.0215E-3 4.93801E-3 1.36145E-3 7.95932E-3 9.35573E-3 2.32893E-3 1.4025E-3 -9999 -9999 -9999 -9999 -9999 -9999 -9999 -9999 -9999 -9999 -9999 -9999 -9999
1.18226E-2 9.03803E-3 6.56792E-3 4.90748E-3 1.48698E-3 5.31184E-4 2.79412E-4 7.8814E-5 7.63154E-5 7.83085E-5 1.33148E-4 5.28259E-4 7.88913E-3 1.86242E-4 3.95004E-3 1.36328E-2 1.06679E-2 1.77431E-2 1.7599E-2 2.90864E-4 1.39441E-3 1.73399E-4 1.32992E-4 2.25593E-4 1.11158E-4 2.57091E-4 3.62588E-4 5.0002E-3 3.58707E-3 3.6508E-3 1.79359E-4 3.32425E-4 1.52603E-4 3.49612E-4 2.66929E-4 5.09268E-4 1.6911E-4 1.74696E-4 2.13384E-4 5.78277E-4 1.75883E-3 1.49126E-3 7.50168E-3 1.85585E-3 7.74E-3 1.3849E-3 -9999 -9999 -9999 -9999 -9999 -9999 -9999 -9999 -9999 -9999 -9999 -9999 -9999
1.00874E-3 8.10307E-3 1.11956E-3 8.42212E-4 2.29111E-3 1.42743E-3 2.56531E-3 1.41355E-3 9.10759E-5 1.4275E-4 2.63205E-3 2.81052E-3 2.17687E-4 1.8824E-4 1.22802E-4 3.01555E-3 1.4242E-2 1.40476E-2 1.90138E-2 2.34132E-4 1.23167E-3 8.51631E-5 1.91977E-3 8.78318E-5 2.91975E-3 8.33307E-5 2.12893E-3 3.40752E-3 1.58287E-2 8.33866E-3 2.75807E-4 1.72865E-4 2.28525E-4 1.97075E-4 1.00322E-4 1.71015E-4 1.84075E-4 7.14689E-5 2.54891E-4 4.44869E-4 4.96585E-4 1.00694E-3 7.57435E-3 2.06398E-3 7.65116E-3 2.42797E-3 2.21779E-3 -9999 -9999 -9999 -9999 -9999 -9999 -9999 -9999 -9999 -9999 -9999 -9999
8.99578E-4 4.56123E-3 2.50638E-3 9.45236E-4 9.05047E-4 3.44336E-3 9.42234E-4 2.63332E-4 1.24164E-3 3.65559E-3 2.20019E-4 2.02933E-4 2.17532E-4 1.27641E-4 2.19726E-4 1.96642E-4 2.9045E-3 1.92745E-2 9.90724E-3 3.13217E-3 4.10479E-3 2.42946E-3 3.18065E-4 1.4867E-3 1.23591E-4 1.01989E-3 1.37495E-4 1.46673E-2 5.01582E-3 1.10432E-2 4.37897E-3 2.27175E-4 1.35224E-4 1.78187E-4 7.50556E-5 3.08112E-3 1.6772E-4 6.38296E-5 1.56519E-4 8.44739E-4 1.97713E-3 2.88841E-3 7.72771E-3 2.6115E-3 6.98896E-3 8.16605E-4 6.54986E-4 2.06724E-3 -9999 -9999 -9999 -9999 -9999 -9999 -9999 -9999 -9999 -9999 -9999
1.44118E-3 1.47901E-3 7.45466E-3 1.49262E-3 1.46092E-3 2.56175E-3 4.93396E-4 3.31962E-3 2.54057E-4 2.84304E-3 2.45094E-3 5.70295E-4 2.15145E-4 2.07442E-4 2.48628E-3 3.15884E-4 2.32304E-4 3.85296E-3 2.10745E-2 2.30777E-2 2.75445E-3 2.11836E-3 5.69153E-4 1.62612E-3 1.32053E-3 1.38159E-2 1.76284E-2 2.04102E-2 3.98377E-4 6.80618E-3 2.53249E-3 1.30749E-4 9.94369E-5 1.30131E-4 6.98178E-5 3.80344E-3 1.28578E-3 7.29429E-5 1.53778E-4 2.37197E-4 1.23286E-3 2.39592E-3 4.8705E-3 6.03883E-3 1.23267E-3 6.05436E-3 5.98996E-4 1.21316E-3 1.16585E-3 -9999 -9999 -9999 -9999 -9999 -9999 -9999 -9999 -9999 -9999
2.01598E-3 1.31117E-3 5.47911E-3 2.38697E-3 4.78854E-3 1.36255E-3 1.4085E-3 5.86997E-3 3.7271E-3 2.98497E-4 2.87068E-3 2.34239E-2 4.5432E-4 3.84897E-3 1.79917E-3 1.98769E-3 4.23369E-3 2.80606E-3 7.01482E-3 5.46812E-3 2.16288E-2 2.21455E-2 2.51679E-3 3.46371E-4 1.4687E-2 1.38623E-3 3.8667E-4 4.28032E-4 1.86807E-3 1.74918E-2 1.14894E-2 5.0701E-3 2.2935E-4 1.00934E-4 6.82196E-5 4.63968E-3 2.61294E-3 8.52519E-5 1.42439E-4 8.00834E-4 4.59664E-4 3.38788E-3 9.77121E-4 5.31508E-3 1.23516E-3 1.15255E-3 7.67629E-3 5.93271E-4 4.67644E-4 -9999 -9999 -9999 -9999 -9999 -9999 -9999 -9999 -9999 -9999
1.23066E-3 1.43651E-3 6.12306E-3 6.05481E-3 2.48425E-3 1.38362E-3 6.56861E-3 1.45428E-3 5.87726E-4 2.25993E-4 3.48681E-4 4.58161E-4 2.53333E-2 1.58924E-2 6.88285E-3 5.88134E-3 9.02777E-3 7.51546E-3 3.6972E-3 5.68859E-3 5.45281E-4 1.76742E-3 2.49457E-2 7.08342E-4 1.97174E-3 2.81489E-4 8.35849E-3 4.46444E-4 5.28448E-4 4.57419E-3 1.65992E-2 7.25434E-3 2.61887E-3 1.49743E-4 1.03675E-3 7.60039E-4 1.72616E-4 1.43168E-4 2.08292E-4 2.19363E-4 1.38335E-3 3.7317E-4 3.2761E-3 1.36772E-3 4.09059E-3 1.54696E-3 7.94831E-3 3.92473E-4 3.32806E-4 1.51189E-3 -9999 -9999 -9999 -9999 -9999 -9999 -9999 -9999 -9999
8.70183E-4 3.73511E-3 2.24588E-3 1.26237E-2 2.69564E-3 1.24658E-2 2.84408E-3 6.09091E-3 5.00169E-4 4.87197E-4 2.47199E-4 2.76411E-4 3.8657E-4 2.2074E-2 2.51101E-3 3.88579E-4 1.8108E-2 2.69159E-2 1.11038E-2 5.89594E-3 1.94501E-2 3.79423E-4 2.92013E-3 2.3451E-2 2.16952E-3 2.68743E-4 5.18938E-4 3.64838E-3 9.01484E-3 4.4708E-3 5.56515E-3 5.96387E-4 2.11678E-4 2.61856E-4 1.03988E-4 9.85366E-3 1.96281E-3 2.15923E-3 9.59596E-5 2.80742E-4 3.91439E-4 2.19365E-4 1.31542E-3 1.56802E-3 2.61379E-3 1.11415E-3 7.90472E-3 2.73248E-4 6.86726E-4 2.93294E-4 -9999 -9999 -9999 -9999 -9999 -9999 -9999 -9999 -9999
4.69291E-3 4.91953E-3 1.20612E-2 2.59141E-3 2.2876E-3 1.40199E-2 1.9639E-3 2.94887E-3 2.84569E-3 1.44015E-3 6.81403E-4 4.68123E-4 3.13649E-4 2.28263E-4 5.65255E-3 1.85623E-2 3.30657E-3 5.74622E-3 1.03083E-2 5.65694E-3 3.77335E-4 5.24062E-3 1.86293E-4 3.26905E-3 4.19864E-3 6.03539E-3 2.91105E-4 2.86071E-3 4.17151E-3 1.12985E-3 5.17663E-4 2.09158E-4 1.76319E-4 1.74687E-4 2.83268E-4 1.90052E-3 1.19172E-2 2.37127E-4 2.26376E-4 1.04605E-4 1.6395E-4 4.36128E-4 2.09474E-4 8.16908E-4 7.7124E-4 3.58897E-3 4.24523E-3 3.09668E-4 2.89666E-4 3.25453E-4 4.82326E-4 -9999 -9999 -9999 -9999 -9999 -9999 -9999 -9999
1.94422E-3 1.4574E-2 1.49048E-2 1.98542E-3 2.26489E-3 1.59816E-2 5.23723E-3 8.75695E-4 1.39672E-3 5.26846E-4 2.40175E-4 2.31181E-4 2.17201E-4 3.35005E-3 1.92548E-4 1.43368E-4 6.0325E-4 1.5563E-4 2.24903E-3 6.05596E-3 2.56025E-3 2.08656E-4 2.2141E-3 2.26591E-4 4.15989E-3 3.36504E-4 3.54905E-4 2.87952E-4 2.10385E-4 1.07575E-3 3.44594E-3 3.48339E-4 1.95801E-4 1.72896E-4 1.53715E-4 1.74734E-3 1.46749E-2 2.8981E-3 1.30403E-4 1.64708E-4 8.04403E-5 2.07565E-4 2.17463E-4 1.76219E-4 2.48539E-3 8.61772E-4 7.23486E-3 3.35093E-4 1.68474E-4 2.29771E-4 3.39728E-4 -9999 -9999 -9999 -9999 -9999 -9999 -9999 -9999
1.32181E-1 8.98744E-3 3.18009E-2 2.79424E-3 2.6785E-3 1.19994E-2 4.59649E-3 2.40718E-3 1.10669E-3 1.61067E-3 6.39526E-4 6.07528E-4 1.89489E-4 1.38903E-4 1.26262E-4 2.03411E-4 1.50183E-4 2.20939E-4 8.28509E-5 1.5167E-4 4.25666E-4 4.56366E-4 2.49333E-4 1.50775E-4 5.58022E-4 3.44378E-3 4.33096E-3 7.45377E-4 7.63427E-4 1.78233E-4 4.10308E-4 2.07437E-4 1.7248E-4 2.34507E-4 1.44823E-4 3.23451E-3 1.97013E-2 4.10574E-4 1.41261E-4 8.75425E-5 4.70021E-3 7.76783E-5 1.11657E-4 9.32994E-4 3.22888E-4 3.8379E-4 7.26101E-3 3.09591E-4 2.50061E-4 3.01432E-4 2.49284E-4 -9999 -9999 -9999 -9999 -9999 -9999 -9999 -9999
3.26125E-3 1.39392E-1 1.58147E-1 2.26517E-2 2.00439E-2 4.16397E-3 1.92087E-3 4.62377E-3 2.92923E-3 1.25245E-3 1.53431E-3 3.39512E-4 1.86444E-3 3.66997E-3 2.43857E-4 1.07395E-4 1.01467E-4 8.22425E-5 1.2304E-4 1.09044E-4 6.86701E-5 1.93947E-4 4.01063E-4 2.07308E-4 2.14109E-4 4.17127E-4 2.77876E-4 4.20569E-3 4.42373E-4 4.93256E-4 3.16217E-4 2.00603E-3 2.05683E-4 1.74801E-3 1.65624E-2 1.87814E-2 1.16311E-2 5.79951E-4 1.23704E-4 6.35886E-5 1.79112E-4 6.9726E-5 1.41125E-4 6.62683E-4 1.03869E-4 2.91943E-4 7.1015E-4 4.90731E-3 9.96746E-5 1.92371E-4 3.31871E-4 1.65359E-4 -9999 -9999 -9999 -9999 -9999 -9999 -9999
8.16089E-4 1.34857E-3 2.07353E-2 1.40997E-1 1.5926E-1 1.50813E-2 5.57561E-2 1.21383E-3 1.18413E-3 8.56077E-4 7.99548E-4 9.03859E-4 5.1117E-3 1.37492E-3 3.16431E-3 1.76404E-3 2.44514E-3 1.09752E-4 1.52291E-3 1.74784E-3 1.93711E-3 1.65084E-3 5.09387E-3 6.13698E-4 7.24727E-4 2.02968E-3 3.03984E-4 5.9125E-3 4.66991E-3 3.56957E-3 1.90038E-3 3.80228E-3 2.12102E-2 5.60043E-4 1.38236E-3 8.1225E-4 3.84365E-3 1.28234E-4 1.95116E-4 6.55596E-5 7.90594E-5 8.09907E-5 9.65498E-5 5.02014E-4 1.44172E-4 1.17516E-4 2.40703E-4 6.78988E-3 2.26131E-4 1.04751E-4 1.21469E-4 1.42885E-4 -9999 -9999 -9999 -9999 -9999 -9999 -9999
5.15061E-4 8.83596E-4 1.6695E-3 2.26419E-3 8.13497E-2 1.68934E-1 9.53832E-3 6.13894E-3 2.61188E-3 1.32611E-3 1.61767E-3 2.00317E-3 1.93461E-3 2.68599E-3 1.36804E-3 5.22774E-3 2.03175E-3 3.08705E-3 3.55451E-3 6.08274E-4 4.77573E-3 6.84556E-4 1.57916E-3 1.62657E-3 4.8193E-4 7.06284E-4 3.57742E-2 4.35687E-3 2.4235E-4 1.25816E-3 3.16767E-4 3.23984E-4 2.59151E-4 2.30964E-4 2.51092E-3 8.81694E-3 2.79597E-4 1.68198E-4 6.84139E-5 1.31967E-4 9.23464E-4 1.47606E-3 3.07789E-5 4.30981E-4 5.75554E-5 2.39014E-4 1.39192E-4 2.53069E-3 7.87743E-4 1.77922E-4 1.65142E-4 5.80412E-5 -9999 -9999 -9999 -9999 -9999 -9999 -9999
3.9063E-4 6.56329E-4 2.1378E-3 1.39685E-2 1.44974E-2 6.33836E-2 1.41626E-1 1.69047E-3 2.51275E-3 1.24221E-3 5.53147E-3 9.19178E-4 1.50332E-3 4.69332E-3 1.24281E-3 2.14722E-3 2.89598E-4 1.03918E-3 8.02915E-4 8.05474E-4 1.12441E-3 1.04037E-3 5.53109E-4 2.5739E-3 8.42502E-4 1.20024E-3 5.04364E-2 5.39283E-3 3.6373E-4 4.58197E-4 1.73146E-2 1.05426E-2 2.97704E-4 1.91231E-4 1.28667E-4 4.58686E-3 3.06179E-3 3.07798E-4 5.1721E-5 2.47081E-4 1.06927E-4 5.72902E-5 4.69547E-5 2.74309E-4 6.14905E-5 8.07967E-5 2.60261E-4 8.40169E-4 4.60174E-3 7.02468E-4 3.38141E-4 5.14217E-5 7.02345E-5 7.84816E-5 -9999 -9999 -9999 -9999 -9999
6.1736E-4 5.05241E-3 6.95709E-3 1.59886E-3 1.72054E-3 9.69085E-3 1.42567E-1 5.6042E-3 4.02563E-3 1.40038E-3 8.35298E-3 1.78375E-3 7.98995E-3 1.63334E-3 1.5248E-3 4.1748E-3 9.99801E-4 2.70671E-3 3.40274E-3 2.66593E-3 1.84064E-3 2.18348E-3 4.9001E-3 1.41308E-3 4.36138E-3 8.46501E-3 8.91254E-4 2.74909E-4 2.48982E-3 2.52857E-3 3.70706E-3 4.37013E-4 1.33628E-4 1.48738E-4 2.01388E-4 4.55964E-4 1.2675E-3 4.59614E-4 2.39332E-3 4.90043E-5 9.22774E-5 1.65251E-3 4.14684E-5 1.96505E-4 5.56276E-5 1.09254E-4 1.42388E-4 3.93648E-4 4.91751E-3 3.10891E-4 1.08483E-4 2.21905E-4 5.5423E-5 5.40874E-5 4.12219E-5 1.02611E-4 -9999 -9999 -9999
5.16723E-4 4.24857E-2 1.59394E-3 1.12244E-3 2.46196E-3 3.31996E-2 4.5443E-2 3.52161E-2 7.92459E-3 1.88784E-3 2.00407E-3 6.54804E-3 9.20437E-3 3.12082E-3 1.64113E-3 9.65604E-3 1.61853E-3 1.50756E-3 1.10943E-2 3.86507E-3 1.42166E-3 1.2318E-3 2.81386E-3 8.08926E-3 9.95657E-3 7.45222E-4 9.81612E-4 3.54771E-4 3.35896E-4 2.10793E-4 1.38907E-4 1.83728E-4 1.11318E-4 8.77161E-5 2.02865E-4 1.84499E-3 3.13428E-4 1.58022E-4 1.58867E-4 5.7956E-4 3.75588E-5 1.20658E-3 6.30357E-5 2.12764E-4 6.91382E-5 5.21327E-5 1.65966E-4 1.38056E-4 2.73988E-3 3.60399E-4 1.18032E-4 1.76234E-4 9.6498E-5 3.04729E-5 4.92843E-5 2.76387E-5 1.1721E-4 1.03776E-4 -9999
6.33786E-3 1.4745E-3 1.74533E-3 5.26585E-4 8.87576E-4 1.83882E-3 1.72443E-2 7.91672E-2 1.69961E-1 3.317E-3 3.81394E-3 2.15941E-2 2.28824E-2 6.97502E-3 7.44195E-3 1.88787E-3 2.15189E-3 1.20423E-2 3.09194E-3 1.04946E-3 1.11913E-3 1.25337E-3 9.48205E-4 2.41471E-3 1.0708E-2 3.57374E-3 2.11287E-3 9.52775E-4 4.38444E-4 1.87342E-3 7.63693E-5 1.81395E-4 1.77396E-3 5.46824E-5 1.90499E-4 9.03516E-4 5.59742E-4 4.6679E-4 1.74585E-4 9.49486E-4 7.67976E-4 9.67942E-4 5.04812E-5 1.56864E-4 3.03371E-5 9.28338E-5 5.3554E-5 6.0923E-5 1.67199E-3 2.40196E-3 1.43257E-3 1.20811E-3 2.57229E-4 3.74863E-5 1.88828E-5 4.54695E-5 4.56828E-5 4.7139E-5 7.75933E-5
1.08085E-2 6.4986E-4 6.85826E-4 4.85064E-4 7.50745E-4 1.13628E-2 1.12956E-2 2.2953E-3 1.78414E-2 1.43272E-1 1.51186E-1 5.35449E-2 1.57278E-2 1.43364E-1 4.12031E-2 2.22939E-2 2.7454E-2 1.62224E-3 1.16058E-3 1.10965E-3 1.19037E-3 9.49692E-4 7.14476E-4 1.589E-3 9.67473E-3 1.52045E-3 1.05721E-3 3.16515E-3 1.38781E-3 4.1305E-4 1.7626E-3 8.21442E-5 1.61805E-4 1.18166E-4 7.04939E-5 1.47959E-4 1.3125E-3 5.99215E-3 3.20028E-4 1.66708E-3 4.41989E-4 2.2657E-5 1.63373E-3 1.0346E-4 1.09742E-4 3.43389E-5 5.14233E-5 1.15254E-4 1.86192E-3 9.51095E-4 1.68572E-4 1.37934E-4 5.21251E-4 2.87192E-4 2.9595E-5 2.36571E-5 7.4101E-5 4.72523E-5 4.55634E-5
7.49116E-4 6.70189E-4 5.10781E-4 7.44104E-4 4.69184E-3 1.8734E-3 9.97295E-3 1.95985E-3 5.05672E-3 1.91125E-3 1.66432E-2 9.90446E-4 4.52643E-3 1.58317E-3 1.04902E-2 7.64925E-3 2.51525E-3 9.67696E-2 9.45704E-4 5.3539E-4 6.40165E-4 1.88308E-3 1.11424E-2 1.00902E-2 1.45038E-3 1.51971E-3 1.5921E-3 1.59754E-3 1.32336E-3 5.39359E-4 2.28996E-4 9.59349E-4 1.14163E-3 1.38209E-3 9.50487E-5 1.24999E-4 9.987E-5 1.60745E-3 2.52831E-4 2.03478E-4 9.13831E-4 1.52136E-5 9.84403E-4 2.30905E-5 4.49145E-5 7.3919E-5 1.17688E-4 4.36737E-4 1.24062E-4 1.27925E-3 4.78621E-4 3.0652E-4 1.71153E-4 4.23005E-4 2.27857E-4 5.22396E-5 2.31072E-5 3.22372E-5 5.19029E-5
5.35409E-4 5.29981E-3 6.09052E-4 1.70581E-3 5.66154E-3 1.24285E-3 1.12452E-2 9.4432E-3 8.00458E-3 2.26871E-3 4.51556E-2 5.86391E-3 6.04073E-3 7.7449E-3 1.1028E-3 2.79105E-3 3.59923E-3 3.50332E-3 2.9022E-2 7.09149E-4 1.15998E-3 9.89619E-3 5.65571E-3 7.65857E-3 4.97766E-3 1.12155E-3 3.69318E-3 1.16535E-3 5.30071E-4 2.60125E-4 1.42577E-4 1.61714E-3 9.41635E-4 1.65698E-3 1.12225E-4 8.71502E-5 2.31652E-4 1.95298E-3 2.88228E-4 2.71147E-4 1.09343E-3 6.75578E-4 1.42483E-5 2.74724E-5 1.63874E-5 8.6309E-5 9.31875E-5 9.2244E-5 1.30337E-4 6.7771E-4 1.37286E-4 1.32909E-4 1.18385E-4 6.77123E-5 3.65915E-4 1.08615E-4 1.03166E-4 8.0869E-5 2.99874E-5
4.84015E-4 5.79253E-4 1.85345E-3 9.72823E-3 4.71101E-3 3.67415E-3 4.84433E-3 9.70317E-3 1.72224E-3 5.11036E-3 4.74735E-2 1.4659E-3 6.67223E-3 3.06449E-3 1.16249E-3 1.15472E-3 2.8866E-3 1.345E-3 1.66659E-3 3.3396E-2 1.69854E-2 7.53329E-3 1.44536E-3 4.15388E-3 2.34653E-3 4.83946E-3 8.92596E-4 3.13448E-3 5.17527E-3 3.51041E-3 2.02818E-4 3.46692E-4 3.15231E-4 1.22833E-3 2.64353E-3 1.55028E-4 2.12368E-4 1.60217E-3 4.04694E-4 1.28949E-4 6.85762E-4 7.72202E-4 7.18489E-4 1.41436E-5 1.61572E-5 3.99619E-5 5.3239E-5 6.27846E-5 5.29008E-5 7.6741E-5 6.98667E-4 6.35536E-4 2.19177E-4 1.21853E-4 8.75893E-5 4.50298E-4 4.83807E-5 4.90075E-5 1.79727E-4
4.42089E-4 5.16214E-4 1.74221E-3 2.74158E-3 2.55011E-3 1.79484E-3 7.5281E-3 5.60715E-3 1.99138E-3 4.30938E-3 1.26078E-2 4.0624E-3 5.23724E-3 1.46969E-3 2.74014E-3 7.16405E-4 1.63966E-3 1.4564E-3 7.81921E-3 1.62513E-3 2.36576E-2 1.98987E-3 1.85871E-3 1.03916E-3 9.10761E-4 1.55479E-3 6.07239E-4 7.09074E-4 1.6062E-3 2.43832E-3 1.0175E-3 2.84263E-4 7.48216E-4 4.04153E-4 2.00527E-3 2.74699E-3 1.61174E-4 1.69838E-3 3.47476E-4 4.39781E-3 1.80155E-3 1.10675E-3 5.10345E-4 7.61232E-4 6.3967E-4 3.6887E-4 1.75373E-5 3.03685E-5 5.82441E-5 7.17575E-5 1.20042E-4 1.75858E-4 3.19631E-4 1.01263E-4 6.00741E-5 5.02542E-4 3.58361E-5 3.13477E-5 8.96994E-5
