STATUSquoLogistic/flood_STATUSquo.asc
ncols         319
nrows         495
xllcorner     219017.22331753
yllcorner     4610852.5305323
cellsize      500.0
NODATA_value  -9999
[rows 182 to 207 of 495, columns 0 to 58 of 319]
-9999 -9999 -9999 -9999 -9999 -9999 -9999 -9999 -9999 -9999 -9999 -9999 -9999 -9999 -9999 -9999 -9999 -9999 -9999 -9999 -9999 -9999 -9999 -9999 -9999 -9999 -9999 -9999 6.71302E-2 1.30788E-1 3.83931E-1 1.17784E-1 8.25312E-2 5.37851E-2 1.39367E-1 3.23643E-2 3.42416E-2 2.38815E-3 6.00046E-3 2.79563E-3 1.72756E-3 1.70858E-3 1.42989E-3 1.2122E-3 1.06771E-2 2.98122E-2 1.23664E-2 2.08786E-2 1.70645E-1 2.99638E-2 5.65171E-2 1.35926E-1 1.48249E-1 3.91602E-1 4.6367E-1 4.6747E-1 4.51819E-1 2.2379E-1 7.72623E-2
-9999 -9999 -9999 -9999 -9999 -9999 -9999 -9999 -9999 -9999 -9999 -9999 -9999 -9999 -9999 -9999 -9999 -9999 -9999 -9999 -9999 -9999 -9999 -9999 -9999 -9999 -9999 -9999 1.09068E-1 6.96103E-2 3.52775E-1 1.05487E-1 5.76667E-2 1.53515E-1 1.3219E-1 1.20747E-1 9.08801E-2 5.99288E-2 2.38548E-3 2.11459E-3 1.39814E-3 1.33031E-3 1.90968E-3 1.05075E-3 3.48445E-3 8.74439E-3 1.32267E-2 1.93616E-2 9.89636E-3 5.25143E-3 2.32395E-2 1.2948E-1 2.78412E-1 1.65613E-1 2.03783E-1 4.525E-1 4.63542E-1 5.39804E-1 3.09117E-1
-9999 -9999 -9999 -9999 -9999 -9999 -9999 -9999 -9999 -9999 -9999 -9999 -9999 -9999 -9999 -9999 -9999 -9999 -9999 -9999 -9999 -9999 -9999 -9999 -9999 -9999 -9999 -9999 1.43778E-1 5.39734E-2 1.63142E-1 2.07148E-1 1.661E-1 1.64088E-1 7.96487E-2 4.50931E-2 5.10931E-2 1.02735E-1 7.15393E-2 8.11878E-3 4.18087E-3 2.17831E-3 1.67996E-3 1.08535E-3 1.27595E-2 9.20394E-3 6.38431E-3 3.58467E-3 3.27393E-3 2.09995E-2 5.73162E-2 6.33269E-2 1.36408E-1 1.78773E-1 3.45155E-1 1.77546E-1 1.82236E-1 3.2477E-1 5.1336E-1
-9999 -9999 -9999 -9999 -9999 -9999 -9999 -9999 -9999 -9999 -9999 -9999 -9999 -9999 -9999 -9999 -9999 -9999 -9999 -9999 -9999 -9999 -9999 -9999 -9999 -9999 -9999 -9999 -9999 4.47608E-2 7.42766E-2 1.76404E-1 1.75434E-1 6.11149E-2 1.43613E-1 1.40942E-1 1.4373E-1 3.20536E-2 3.49302E-2 4.44342E-3 2.61124E-3 1.03193E-3 1.24026E-3 1.94834E-3 2.4306E-3 7.28819E-3 1.65797E-3 1.89913E-3 2.24E-3 1.75401E-3 2.17819E-3 4.9075E-2 1.03068E-1 2.76501E-2 3.65422E-2 6.90762E-2 5.88844E-2 6.37567E-2 1.34877E-1
-9999 -9999 -9999 -9999 -9999 -9999 -9999 -9999 -9999 -9999 -9999 -9999 -9999 -9999 -9999 -9999 -9999 -9999 -9999 -9999 -9999 -9999 -9999 -9999 -9999 -9999 -9999 -9999 -9999 -9999 4.05312E-2 1.75661E-1 1.17611E-1 8.2582E-2 7.47404E-2 5.41216E-2 7.77633E-2 2.92887E-2 6.35304E-2 3.10688E-3 2.71151E-3 1.92097E-3 1.29161E-3 1.903E-3 1.58494E-3 2.38347E-3 1.2142E-3 1.34629E-3 1.65421E-3 3.12572E-3 2.36476E-2 5.46034E-3 7.30186E-2 2.56288E-2 2.24816E-2 3.09354E-2 5.35841E-2 8.30801E-2 1.41257E-1
-9999 -9999 -9999 -9999 -9999 -9999 -9999 -9999 -9999 -9999 -9999 -9999 -9999 -9999 -9999 -9999 -9999 -9999 -9999 -9999 -9999 -9999 -9999 -9999 -9999 -9999 -9999 -9999 -9999 -9999 -9999 5.73052E-2 1.74954E-1 7.439E-2 1.56224E-1 1.80722E-1 1.59114E-1 9.45648E-2 3.26344E-2 5.75512E-3 1.64262E-3 2.3952E-3 7.32381E-4 2.44621E-3 8.2736E-4 1.21953E-3 7.53883E-4 1.73888E-3 2.87997E-3 4.17756E-3 3.3666E-2 3.13697E-3 1.33849E-2 3.14406E-3 3.85333E-2 7.27088E-2 4.78081E-2 8.78489E-2 1.95598E-1
-9999 -9999 -9999 -9999 -9999 -9999 -9999 -9999 -9999 -9999 -9999 -9999 -9999 -9999 -9999 -9999 -9999 -9999 -9999 -9999 -9999 -9999 -9999 -9999 -9999 -9999 -9999 -9999 -9999 -9999 -9999 -9999 7.72778E-2 1.68521E-1 7.73366E-2 5.45095E-2 5.25238E-2 4.05972E-2 7.62179E-2 2.66983E-3 9.64892E-3 9.68313E-3 6.36507E-3 1.89089E-3 2.83918E-3 2.20298E-3 2.71547E-3 3.0073E-3 2.58442E-3 8.78498E-3 5.62051E-2 5.69047E-2 4.91036E-3 2.95246E-3 1.21163E-1 3.52422E-2 2.85287E-1 1.37435E-1 7.71961E-2
-9999 -9999 -9999 -9999 -9999 -9999 -9999 -9999 -9999 -9999 -9999 -9999 -9999 -9999 -9999 -9999 -9999 -9999 -9999 -9999 -9999 -9999 -9999 -9999 -9999 -9999 -9999 -9999 -9999 -9999 -9999 -9999 -9999 -9999 1.60324E-1 1.49007E-1 1.36115E-1 1.18713E-1 3.28194E-2 1.04511E-1 2.15273E-2 3.00311E-3 2.91818E-3 5.97616E-3 2.471E-3 1.85612E-3 1.13655E-3 4.35808E-3 5.12887E-3 2.15601E-3 3.32198E-3 3.42822E-3 2.80909E-3 2.93624E-2 2.69661E-2 2.31662E-1 1.04004E-1 3.31997E-1 1.9165E-1
-9999 -9999 -9999 -9999 -9999 -9999 -9999 -9999 -9999 -9999 -9999 -9999 -9999 -9999 -9999 -9999 -9999 -9999 -9999 -9999 -9999 -9999 -9999 -9999 -9999 -9999 -9999 -9999 -9999 -9999 -9999 -9999 -9999 -9999 -9999 8.31197E-2 7.19799E-2 5.28819E-2 1.2558E-1 4.77412E-2 6.31665E-2 9.92288E-2 9.48042E-3 2.37422E-3 2.57072E-3 1.87667E-3 2.91556E-3 2.33264E-3 4.09813E-3 2.84662E-3 1.76971E-3 3.34162E-3 6.86139E-2 9.36795E-2 1.41558E-1 1.66474E-1 2.74971E-1 4.62626E-1 1.8853E-1
-9999 -9999 -9999 -9999 -9999 -9999 -9999 -9999 -9999 -9999 -9999 -9999 -9999 -9999 -9999 -9999 -9999 -9999 -9999 -9999 -9999 -9999 -9999 -9999 -9999 -9999 -9999 -9999 -9999 -9999 -9999 -9999 -9999 -9999 -9999 -9999 1.56995E-1 1.32646E-1 4.10399E-2 9.72695E-2 1.48367E-1 4.15023E-2 7.47759E-2 6.34606E-3 2.47284E-3 1.65095E-3 1.96514E-3 2.40381E-3 3.97341E-3 4.20348E-3 3.40101E-3 3.62629E-3 4.01604E-3 6.12833E-2 1.08073E-1 1.76326E-1 1.53583E-1 2.49765E-1 4.4284E-1
-9999 -9999 -9999 -9999 -9999 -9999 -9999 -9999 -9999 -9999 -9999 -9999 -9999 -9999 -9999 -9999 -9999 -9999 -9999 -9999 -9999 -9999 -9999 -9999 -9999 -9999 -9999 -9999 -9999 -9999 -9999 -9999 -9999 -9999 -9999 -9999 7.71633E-2 6.74985E-2 4.021E-2 1.52018E-1 5.74094E-2 1.15954E-1 5.81321E-2 4.27766E-3 2.73531E-3 1.37436E-3 1.79395E-3 7.27722E-3 3.03949E-3 2.96988E-3 1.37079E-3 1.97326E-3 2.68937E-3 1.34647E-2 7.75895E-2 1.55688E-1 1.9386E-1 1.04824E-1 3.99824E-2
-9999 -9999 -9999 -9999 -9999 -9999 -9999 -9999 -9999 -9999 -9999 -9999 -9999 -9999 -9999 -9999 -9999 -9999 -9999 -9999 -9999 -9999 -9999 -9999 -9999 -9999 -9999 -9999 2.36551E-3 4.01417E-3 3.66709E-2 1.16324E-1 9.54742E-2 -9999 -9999 -9999 1.01264E-1 1.57272E-1 1.4714E-1 1.21945E-1 1.53438E-1 1.01356E-1 7.78574E-2 4.56659E-3 2.86383E-3 1.41953E-3 3.90811E-3 2.83369E-3 1.33707E-2 2.31966E-3 1.51249E-3 1.62237E-3 1.80152E-3 8.80107E-3 9.47066E-3 8.68299E-2 1.83774E-1 6.88998E-2 7.18773E-2
-9999 -9999 -9999 -9999 -9999 -9999 -9999 -9999 -9999 -9999 -9999 -9999 1.19439E-2 2.89406E-3 2.32131E-3 3.21719E-3 1.23356E-3 4.44147E-3 1.49284E-3 2.5772E-3 -9999 -9999 -9999 -9999 -9999 1.79052E-1 3.74818E-3 3.16785E-3 3.37259E-3 2.80931E-2 5.71858E-2 4.2531E-2 4.15585E-2 4.06994E-2 6.74076E-2 2.20227E-1 2.55636E-1 6.32672E-2 5.19719E-2 4.81973E-2 1.4116E-1 4.99801E-2 3.22806E-2 3.0288E-3 3.08556E-3 1.42946E-3 2.02352E-3 1.82466E-3 1.2514E-2 2.23835E-3 2.83824E-3 1.28092E-3 1.37271E-3 3.68259E-3 1.57221E-1 9.5005E-2 3.92812E-1 1.92151E-1 7.53533E-2
-9999 -9999 -9999 -9999 -9999 -9999 -9999 -9999 -9999 -9999 1.2652E-2 3.04898E-3 2.27769E-3 1.13574E-2 9.67967E-4 1.39483E-3 8.19125E-4 3.18265E-3 1.24186E-3 8.40316E-4 1.34717E-3 2.37879E-3 9.43495E-2 1.10739E-1 1.21822E-1 1.75947E-1 6.47029E-2 5.56893E-3 5.5393E-3 1.88946E-3 3.73439E-3 3.74673E-2 1.193E-1 1.18225E-1 1.55486E-1 9.42803E-2 2.41574E-1 2.22186E-1 2.05474E-1 2.11484E-1 1.80971E-1 3.56619E-2 3.09E-2 7.44912E-2 4.52897E-3 2.2773E-3 1.7912E-3 9.99371E-3 9.68019E-3 1.38011E-3 1.75325E-3 1.1889E-3 1.56802E-3 6.43654E-3 8.80575E-3 1.55898E-2 2.64143E-2 6.49212E-2 4.55852E-1
-9999 -9999 -9999 -9999 -9999 -9999 -9999 -9999 4.00511E-3 2.49202E-3 2.34443E-3 1.06801E-2 1.70036E-3 7.44046E-3 1.09488E-3 8.19471E-4 9.03998E-4 8.06581E-4 7.33456E-4 1.46235E-3 6.0195E-3 1.50844E-2 2.99719E-3 3.09646E-2 3.10791E-3 1.43588E-1 2.6027E-3 2.29136E-3 6.21413E-3 3.7078E-3 3.99892E-2 5.65557E-2 3.76847E-2 1.31617E-1 4.43284E-2 7.49829E-2 6.08053E-2 1.73993E-1 1.14428E-1 3.59999E-2 3.97398E-2 1.94599E-1 1.69088E-1 1.3384E-1 9.25341E-2 1.28073E-2 1.17663E-2 7.30669E-3 3.02118E-3 1.85203E-3 1.2735E-3 9.67845E-4 1.45496E-3 1.63297E-3 2.49722E-3 1.02162E-1 5.23175E-2 6.42961E-2 9.22755E-2
-9999 -9999 -9999 -9999 -9999 -9999 -9999 1.64132E-3 1.12289E-2 1.96331E-3 1.70042E-3 7.70984E-3 1.61999E-3 6.46754E-3 1.65197E-3 8.44819E-4 6.86051E-4 9.32817E-4 2.5298E-3 4.42588E-3 2.71548E-3 3.88986E-3 1.11502E-3 2.67432E-3 2.75829E-3 1.33703E-1 7.8717E-2 4.70375E-2 4.55304E-3 3.96323E-3 1.88694E-3 3.89066E-2 1.2283E-1 4.69363E-2 2.24328E-2 4.06843E-2 9.98436E-2 1.5069E-1 3.14659E-2 8.54064E-2 4.09775E-2 9.46696E-2 5.12911E-3 1.68555E-1 4.63566E-3 3.13914E-3 2.49896E-3 3.4451E-3 1.00077E-3 1.81969E-3 9.60069E-4 9.39678E-4 1.24302E-3 5.77439E-3 1.18568E-2 6.82173E-2 2.08719E-2 2.22865E-2 3.96999E-2
-9999 -9999 -9999 -9999 -9999 -9999 1.73108E-3 1.43236E-3 3.16929E-3 5.66597E-3 1.80518E-3 2.14382E-3 5.23394E-3 9.88186E-4 5.24077E-3 1.27906E-3 8.30962E-4 1.71998E-3 8.95703E-4 1.06808E-3 1.71869E-3 1.15317E-3 1.27036E-3 2.55842E-3 1.14092E-1 2.87605E-1 3.69155E-3 4.66052E-3 3.20755E-3 3.83184E-3 4.25924E-3 1.14573E-1 5.31185E-2 4.30364E-3 2.90455E-2 3.91379E-2 1.17476E-1 3.86182E-2 3.38429E-2 4.37243E-2 4.20755E-2 4.43253E-3 1.14407E-1 1.21076E-1 8.48179E-2 6.73039E-3 2.19802E-3 7.41048E-3 2.19332E-3 1.59669E-3 7.28327E-4 4.86697E-4 1.01901E-3 1.21432E-3 7.59253E-3 2.96631E-1 3.24406E-1 1.63131E-1 1.63854E-1
-9999 -9999 -9999 -9999 -9999 2.5522E-3 2.37719E-3 1.09651E-3 1.83956E-3 6.02595E-3 1.0355E-3 1.25348E-3 4.49368E-3 5.26703E-4 8.59306E-4 3.12488E-3 7.43063E-4 1.22967E-3 1.05609E-3 5.94421E-4 1.2092E-3 1.93033E-3 3.61808E-3 9.69707E-3 2.56995E-3 2.32731E-1 5.91048E-2 2.58545E-3 4.49448E-3 4.34787E-3 7.82915E-2 5.13816E-3 5.26031E-3 5.23948E-2 3.07905E-2 8.70449E-2 4.9415E-2 1.26786E-1 1.24023E-1 5.2111E-2 4.96574E-2 3.27118E-3 5.24119E-2 2.44199E-3 1.75721E-2 3.12005E-3 5.55514E-3 1.71717E-3 1.33844E-3 1.03339E-3 6.35956E-4 5.77219E-4 4.68637E-4 7.22817E-4 2.33418E-3 7.40709E-3 1.49289E-2 3.06648E-2 1.18852E-1
-9999 -9999 -9999 -9999 5.15934E-3 2.49886E-3 1.2698E-3 1.28821E-3 2.5048E-3 4.13658E-3 8.22026E-4 5.5657E-4 4.83141E-3 6.57011E-4 8.62612E-4 1.41659E-3 6.59978E-4 7.94175E-4 6.93928E-4 1.02092E-3 2.30165E-3 9.01744E-3 9.0383E-3 1.67366E-3 5.10088E-3 2.15856E-3 1.11304E-1 4.37976E-3 3.93731E-3 2.5908E-3 1.73428E-2 4.21671E-3 4.24725E-3 8.75948E-2 1.14231E-1 2.01881E-2 2.9684E-2 2.84259E-2 4.8365E-2 1.20786E-1 3.27416E-2 2.1757E-3 3.93987E-3 2.02131E-3 2.97119E-3 1.78512E-2 4.03696E-3 1.60899E-3 7.76313E-4 1.35149E-3 6.29182E-4 6.08225E-4 4.27158E-4 8.75802E-4 1.19619E-3 2.74717E-3 1.25672E-1 4.40274E-2 4.7589E-2
-9999 -9999 -9999 3.84667E-3 7.87254E-4 3.09906E-3 1.06613E-3 9.84765E-4 1.59953E-3 2.39187E-3 6.09807E-4 1.82591E-3 1.58493E-3 8.22254E-4 4.54848E-4 9.31931E-4 7.42172E-4 3.23718E-4 6.4011E-4 7.7209E-4 6.85611E-3 4.36516E-3 1.42379E-3 3.71045E-3 2.37548E-3 1.50256E-3 3.25292E-2 5.17531E-3 2.56379E-3 2.91474E-3 5.05136E-3 3.7276E-3 5.6855E-3 4.4357E-3 2.87692E-3 1.73318E-2 3.07597E-3 2.30569E-3 4.04371E-2 1.10562E-1 2.18759E-3 1.62243E-3 1.85854E-3 2.69506E-3 2.9938E-3 9.52415E-3 1.08389E-2 1.17666E-3 2.19502E-3 1.31751E-3 1.1561E-3 4.26325E-4 4.07562E-4 7.93778E-4 1.90573E-3 3.85536E-3 5.5375E-2 1.02989E-1 4.78193E-2
-9999 -9999 1.30083E-2 3.51104E-3 9.75879E-4 1.2754E-3 2.15561E-3 1.14849E-3 7.20341E-4 1.02952E-3 1.6236E-3 1.31408E-3 9.59944E-4 4.3921E-4 4.879E-4 8.68984E-4 6.05261E-4 4.56075E-4 8.78181E-4 3.84472E-3 3.71686E-3 2.70575E-3 1.16976E-3 1.90666E-3 1.38552E-3 2.11511E-3 1.20641E-2 2.20707E-3 2.13574E-3 2.71503E-3 3.06978E-3 3.24615E-3 3.66106E-3 2.23953E-3 2.40724E-3 2.17448E-3 9.6514E-3 2.13705E-3 4.05543E-2 1.22868E-1 4.26028E-2 2.57727E-3 1.87904E-3 1.53276E-3 3.99231E-3 2.09105E-3 3.9703E-3 7.6613E-3 1.10627E-3 1.94959E-3 1.46856E-3 6.51144E-4 3.39041E-3 5.75242E-4 1.64504E-3 6.25636E-3 6.38318E-2 2.59018E-1 2.98941E-1
-9999 -9999 8.8128E-3 8.47633E-3 1.13764E-3 1.48247E-3 7.08254E-4 5.81434E-4 4.0233E-4 5.17652E-4 7.02008E-4 4.22024E-4 7.4299E-4 7.83869E-4 4.35441E-4 7.27533E-4 4.15428E-4 8.38108E-4 1.78421E-3 9.23541E-4 1.58152E-3 1.22213E-3 1.37784E-3 1.72058E-3 1.2766E-3 2.76248E-3 1.11813E-2 2.05367E-3 3.66526E-3 2.21407E-3 1.24452E-2 3.52431E-3 2.25075E-3 1.87142E-3 1.25597E-3 1.72068E-3 7.39869E-3 2.17335E-3 2.68348E-3 1.0531E-1 2.17728E-3 2.007E-3 1.97718E-3 1.71657E-3 3.73827E-3 2.67294E-3 2.38358E-3 1.51518E-3 1.04281E-2 1.59001E-3 1.10645E-3 1.17036E-3 3.72502E-3 1.51427E-3 2.3149E-3 8.27466E-3 1.44314E-2 1.62787E-1 1.64713E-1
-9999 1.69694E-3 3.53323E-3 1.23804E-3 8.38076E-3 3.62735E-3 2.54151E-3 1.22377E-3 5.71663E-4 2.46436E-4 5.86684E-4 2.57533E-4 5.4817E-4 6.84521E-4 4.18141E-4 4.03075E-4 5.26827E-3 7.6707E-3 8.55747E-4 1.55608E-3 1.68539E-3 1.35627E-3 1.62314E-3 1.97447E-3 3.80748E-3 4.92864E-3 3.30319E-3 4.65965E-3 9.97611E-3 5.21344E-2 1.52819E-2 8.0223E-3 2.82018E-3 1.75806E-3 1.04563E-3 1.77002E-3 2.74082E-3 1.67051E-3 2.66141E-3 1.54973E-2 4.51358E-3 1.80507E-3 1.02218E-2 1.40027E-2 3.07971E-3 4.5677E-3 1.22466E-3 2.24903E-3 5.76523E-3 1.69376E-3 2.19779E-3 1.65474E-3 9.83611E-4 1.13389E-3 2.5191E-3 5.10299E-3 4.80337E-2 7.18885E-2 1.18648E-1
-9999 1.38836E-3 8.40417E-4 1.40744E-3 2.20615E-3 1.43221E-3 7.12324E-4 7.14305E-4 2.10294E-4 1.85274E-4 3.84178E-4 3.18033E-4 2.46752E-4 4.00183E-4 6.05872E-4 4.97091E-4 6.66293E-3 7.08734E-4 1.25039E-2 4.26408E-3 9.26512E-3 2.03118E-3 9.03986E-4 1.27833E-3 1.26109E-3 2.26482E-3 3.07165E-3 1.61034E-3 1.71735E-2 5.64089E-3 3.06673E-3 2.00897E-3 4.15025E-3 1.39879E-3 8.43756E-4 7.45564E-4 1.72266E-3 1.94072E-3 1.00267E-2 2.43081E-3 3.27925E-3 2.50587E-3 4.04814E-3 2.18221E-3 2.51776E-3 8.66233E-3 3.46308E-3 1.14621E-3 1.22089E-3 1.32874E-3 8.24557E-4 1.73644E-3 1.2765E-3 2.78174E-3 2.355E-3 2.34141E-3 3.33178E-3 2.58013E-2 3.62438E-2
-9999 6.67736E-3 6.93447E-4 7.62647E-4 5.0625E-4 3.46766E-4 4.3222E-4 1.95672E-4 4.62136E-4 9.96068E-5 1.70878E-4 1.13046E-4 2.40578E-4 1.52311E-4 3.92592E-4 1.1061E-3 1.62993E-3 1.71654E-2 4.82997E-3 1.81484E-3 2.31733E-2 6.77735E-3 5.76361E-3 6.21951E-3 6.83837E-3 8.19675E-3 1.48252E-3 1.54805E-2 3.41724E-1 3.02736E-2 4.60989E-3 2.63984E-3 1.70741E-3 1.63903E-3 1.93057E-3 1.72387E-3 3.05862E-3 6.74453E-3 1.8472E-3 2.14014E-3 1.39206E-2 1.77746E-2 9.33537E-2 2.38007E-3 3.06033E-3 7.38535E-2 3.48113E-3 1.51565E-3 4.86265E-3 2.91713E-3 7.93727E-4 4.27952E-3 1.34317E-3 2.2195E-3 5.86207E-3 2.58191E-3 3.0351E-3 1.61807E-1 3.42213E-1
-9999 4.82196E-3 9.82218E-4 3.91803E-4 2.94384E-4 2.07708E-4 1.85287E-4 3.52814E-4 1.47733E-4 1.21121E-4 8.35636E-5 8.14028E-5 7.53095E-5 1.84413E-4 3.65496E-4 7.19211E-4 1.14579E-3 1.83591E-3 2.44811E-2 7.52118E-3 1.49109E-3 1.40162E-2 1.43825E-2 6.94376E-3 7.59735E-3 1.76706E-2 8.40199E-3 1.11814E-2 3.32832E-1 3.96347E-3 1.88831E-2 8.01319E-3 1.46001E-3 1.13864E-3 8.59432E-4 1.28122E-3 2.26544E-3 2.35897E-3 1.78052E-3 1.89737E-3 3.22836E-3 3.2134E-3 5.30267E-3 1.8204E-1 8.4381E-2 7.00773E-3 3.49631E-3 1.13566E-2 2.91971E-1 2.51844E-3 1.22241E-3 2.59075E-3 2.20545E-3 3.8365E-3 3.07247E-3 1.2664E-1 1.28264E-1 2.833E-1 1.0249E-1
