STATUSquoLogistic/flood_STATUSquo.asc
ncols         319
nrows         495
xllcorner     219017.22331753
yllcorner     4610852.5305323
cellsize      500.0
NODATA_value  -9999
[rows 208 to 233 of 495, columns 177 to 235 of 319]
8.28866E-2 2.30886E-1 2.35399E-1 2.97375E-1 6.87767E-1 6.52751E-1 6.63833E-1 5.37998E-1 3.47869E-1 5.45692E-1 4.45685E-1 4.59792E-1 3.7005E-1 5.34633E-1 5.05162E-1 4.8459E-1 3.14854E-1 2.33561E-1 1.94689E-1 2.02289E-1 1.22462E-1 1.30095E-2 1.13195E-2 9.49992E-3 9.29314E-4 1.03004E-3 5.99107E-4 2.52376E-3 4.17971E-3 9.8391E-4 2.46316E-3 2.72277E-4 6.38066E-4 4.01717E-4 6.87104E-4 7.33632E-3 5.06928E-2 1.01155E-3 1.3694E-3 9.39141E-3 1.23608E-3 1.09437E-3 6.51334E-3 1.01341E-3 4.74915E-4 6.55251E-3 6.54367E-3 1.20382E-2 1.88555E-3 6.31859E-4 6.81197E-3 1.36652E-3 9.45543E-4 3.39835E-3 3.30816E-4 8.03715E-4 5.6513E-4 7.57517E-3 8.54012E-4
5.99816E-2 1.61591E-1 4.18537E-1 3.46501E-1 4.33335E-1 4.63948E-1 3.89033E-1 7.02297E-1 6.59959E-1 4.42987E-1 4.50602E-1 3.91276E-1 5.57085E-1 3.95718E-1 2.61748E-1 2.86316E-1 5.74333E-2 2.1156E-2 2.86126E-3 4.88542E-2 4.13903E-3 1.37008E-3 9.67854E-4 8.95339E-4 7.18789E-4 9.45482E-4 4.63081E-4 2.55183E-3 2.8944E-4 9.93063E-3 5.57021E-4 7.96914E-4 1.30265E-2 6.5712E-3 4.19221E-2 6.1164E-4 4.9574E-3 1.34845E-3 9.6802E-4 1.06745E-2 8.27268E-4 5.3065E-4 5.15265E-4 1.93532E-3 1.72438E-2 2.01991E-2 1.57015E-2 9.36435E-4 7.74124E-4 9.57321E-4 4.87056E-3 8.47677E-4 1.68023E-3 3.58563E-4 8.86293E-4 1.33656E-3 1.08561E-3 5.0614E-4 1.15326E-2
9.41484E-2 2.79892E-1 1.57278E-1 2.20589E-1 3.95209E-1 4.42994E-1 2.73936E-1 4.37238E-1 3.55774E-1 6.85135E-1 5.56095E-1 5.62734E-1 5.07975E-1 4.79507E-1 4.57936E-1 7.39021E-2 2.5508E-2 2.29647E-3 3.5793E-3 7.26647E-3 1.94011E-3 2.25935E-3 1.27102E-3 7.64295E-4 7.25571E-3 3.85147E-4 2.43671E-4 3.4668E-3 3.04029E-4 3.09104E-4 1.15622E-2 5.10069E-4 3.75233E-3 3.47491E-4 1.15634E-3 7.62547E-4 6.86363E-3 1.37608E-3 3.85388E-2 2.33034E-2 1.10593E-3 1.88483E-3 6.88996E-4 1.7777E-3 1.11977E-2 4.98132E-4 1.20776E-2 8.45699E-4 5.55745E-3 6.5363E-4 4.30551E-3 4.8773E-3 2.53185E-3 1.73342E-2 7.02846E-3 8.10691E-4 1.66753E-3 8.32775E-4 1.61176E-3
8.06966E-2 2.62911E-1 9.18569E-2 1.8561E-1 1.71725E-1 4.1939E-1 2.87182E-1 4.06886E-1 2.5805E-1 6.23677E-1 3.63116E-1 4.42219E-1 3.87461E-1 3.6286E-1 8.96709E-2 1.35736E-1 6.63054E-2 4.22929E-2 5.4397E-3 3.12659E-3 1.38396E-2 3.06407E-3 1.13062E-3 4.65795E-3 1.52512E-3 4.26934E-4 2.26103E-3 3.50383E-3 2.56595E-3 2.63347E-4 4.83125E-4 5.71746E-3 9.92894E-4 3.29238E-3 5.49137E-4 6.28871E-4 2.70557E-3 1.94822E-2 1.02314E-2 1.70245E-3 1.66628E-3 1.26036E-3 3.26319E-3 8.71079E-3 7.93129E-3 7.58469E-3 1.45364E-3 1.1195E-2 4.02003E-3 2.33308E-2 2.67274E-2 1.65978E-2 3.88476E-3 8.48501E-4 1.00588E-3 1.53525E-3 1.4348E-2 6.05955E-4 8.8321E-3
4.24852E-2 1.4129E-1 3.85206E-2 8.96466E-2 5.13194E-2 3.63215E-1 2.35104E-1 3.10578E-1 4.79827E-1 4.64381E-1 6.45123E-1 4.67245E-1 4.63168E-1 3.83387E-1 1.13965E-1 6.21451E-2 5.9779E-2 5.50675E-2 2.24112E-1 2.07334E-1 2.57053E-3 1.36983E-2 5.4187E-3 7.14769E-4 4.86854E-4 4.19613E-4 3.01731E-3 7.98286E-4 1.05658E-3 6.35449E-4 8.28849E-4 3.77777E-3 4.34295E-4 4.88645E-3 2.05062E-4 8.16669E-4 2.75688E-3 4.14418E-3 9.90616E-3 5.58098E-3 2.46375E-3 1.64876E-3 9.4819E-4 1.40929E-2 2.45253E-3 8.59954E-4 9.68905E-4 1.79529E-2 1.82969E-2 8.0334E-3 1.57336E-3 2.6276E-3 1.61757E-3 6.19978E-3 3.4071E-2 1.18691E-2 3.35412E-3 1.07397E-3 1.36338E-2
7.51977E-2 7.93279E-2 4.46373E-2 4.63551E-2 6.26641E-2 1.58792E-1 2.2249E-1 3.6343E-1 3.86369E-1 4.82929E-1 6.77038E-1 4.192E-1 3.59427E-1 4.09027E-1 3.30098E-1 9.1414E-2 8.1336E-2 2.52807E-1 6.527E-2 1.04542E-2 2.31361E-3 8.35564E-3 4.1459E-3 2.44846E-3 1.02734E-3 4.01345E-3 2.69976E-3 5.85453E-3 2.3674E-4 9.95557E-4 4.12454E-3 8.91014E-4 4.17392E-4 3.93374E-3 1.66784E-4 9.28984E-4 4.52631E-3 3.97134E-3 1.14329E-3 2.41087E-3 3.30753E-3 1.57235E-3 9.25182E-4 5.59696E-4 3.50172E-2 8.6961E-3 1.46515E-3 1.89731E-2 7.60247E-4 1.35233E-3 1.06455E-3 3.13835E-3 9.64888E-4 1.28813E-3 1.02008E-3 7.64536E-3 5.70602E-2 1.10938E-2 1.42605E-3
4.92477E-2 1.42808E-1 9.4237E-2 1.08621E-1 4.55707E-2 5.35869E-2 3.10854E-1 4.66292E-1 3.75694E-1 4.15412E-1 5.15597E-1 6.59522E-1 4.7625E-1 3.71222E-1 2.20978E-1 6.60177E-2 1.97115E-1 1.59912E-1 1.06181E-1 1.04136E-2 1.76982E-2 1.25321E-3 6.42287E-4 4.68927E-4 9.63403E-4 2.15973E-3 1.82001E-3 1.19213E-4 1.38597E-4 5.22586E-4 5.15978E-3 3.49273E-4 3.90813E-3 4.20619E-3 7.1169E-3 4.5563E-3 1.49692E-3 1.11793E-3 1.37526E-3 1.07961E-3 3.2218E-3 1.62374E-3 5.57017E-4 7.28423E-4 1.38906E-3 2.14779E-3 1.85449E-2 1.59236E-3 1.02071E-2 1.07916E-3 6.47279E-3 3.47374E-2 4.65828E-4 5.17098E-3 1.09941E-2 1.0297E-3 1.36015E-3 1.83458E-3 1.64278E-3
7.48122E-2 1.37984E-1 7.77315E-2 8.40042E-2 7.68125E-2 1.93606E-1 3.5686E-1 2.47333E-1 2.79301E-1 4.38425E-1 3.38708E-1 6.51901E-1 4.20567E-1 5.3321E-1 5.11764E-1 2.34625E-1 7.59115E-2 6.80277E-2 4.70707E-3 4.46572E-3 2.81699E-3 1.26275E-3 8.39774E-4 2.49541E-3 3.35389E-4 1.44147E-3 2.3528E-3 2.97736E-3 1.23818E-4 5.12218E-4 3.98082E-3 2.6988E-4 3.03412E-3 2.39588E-4 6.16939E-4 4.11371E-2 1.2189E-3 1.38254E-3 9.18291E-4 1.60819E-2 1.98134E-2 8.58991E-4 4.54115E-4 8.57063E-4 2.9482E-3 1.42698E-2 2.892E-3 1.4772E-3 1.05249E-3 1.44305E-3 3.37491E-2 9.70301E-3 6.36631E-4 6.13826E-4 6.72926E-4 4.93835E-3 7.88507E-4 9.40176E-3 1.84769E-1
1.4983E-1 1.03034E-1 7.37562E-2 1.39275E-1 8.67775E-2 3.36645E-1 2.8316E-1 2.24923E-1 4.06159E-1 3.96456E-1 3.36369E-1 3.64621E-1 6.83642E-1 3.8957E-1 2.21636E-1 1.39142E-1 1.20911E-1 6.89261E-2 4.94641E-3 3.94859E-3 1.05248E-3 2.70716E-3 1.22964E-3 3.65457E-3 1.75979E-4 2.10078E-3 1.52086E-3 1.47198E-3 1.49084E-3 2.4802E-3 4.92792E-4 3.63586E-3 2.56357E-4 1.02167E-4 5.5E-4 4.38295E-2 7.42491E-4 1.31327E-3 1.21183E-3 1.95839E-3 3.24171E-3 1.40727E-3 5.16204E-4 1.45484E-2 7.53206E-4 2.6972E-3 1.49972E-2 7.83485E-4 2.89364E-3 3.29399E-3 7.48022E-3 1.08752E-3 9.20993E-4 3.66081E-4 4.35546E-4 5.67559E-4 8.10071E-3 2.65327E-2 4.77023E-3
5.54632E-2 1.6633E-1 1.79003E-1 9.91838E-2 1.47041E-1 5.40772E-1 3.89295E-1 2.14776E-1 4.94662E-1 3.16502E-1 4.16548E-1 4.40432E-1 6.50564E-1 4.92491E-1 2.16202E-1 2.50474E-1 6.66818E-2 1.0541E-1 1.55507E-1 1.69453E-2 1.12125E-2 8.41267E-4 3.0007E-4 1.85361E-4 1.95731E-4 3.39915E-3 2.64503E-3 5.7347E-3 1.40626E-3 1.46867E-3 6.83871E-4 2.99646E-4 2.50226E-3 1.09705E-4 7.01456E-4 7.02331E-3 7.6141E-4 6.66893E-3 1.14041E-2 1.02441E-2 6.23107E-4 6.22416E-3 1.06417E-3 9.27225E-3 1.21325E-3 1.59731E-3 1.59402E-2 1.1297E-3 9.59051E-4 1.06734E-2 7.07804E-4 6.02868E-4 5.6677E-4 7.20699E-4 2.76685E-3 1.67722E-3 4.40028E-3 5.01965E-1 2.55513E-2
1.5473E-1 5.71718E-2 6.34365E-2 4.10151E-1 4.36606E-1 2.15704E-1 1.95051E-1 2.24971E-1 5.07819E-1 3.25288E-1 2.80258E-1 4.38827E-1 6.32079E-1 4.31301E-1 2.60381E-1 4.687E-1 2.85966E-1 2.43588E-1 8.79854E-2 7.36268E-3 3.91461E-3 5.6475E-4 3.02629E-4 1.46679E-3 1.54713E-3 3.61291E-4 4.27099E-4 2.60525E-4 8.79102E-4 3.59857E-3 4.02152E-4 3.01304E-4 1.82569E-3 4.50218E-4 3.19164E-3 1.61213E-3 4.05381E-4 7.85348E-4 8.77862E-4 1.8304E-2 1.56476E-3 8.42335E-3 8.71795E-4 1.44532E-3 6.15619E-4 1.63261E-3 2.42459E-2 1.52066E-3 1.26186E-2 1.13587E-3 1.76468E-3 6.05214E-4 5.93877E-4 7.14422E-4 8.42185E-4 2.20963E-3 6.39348E-3 2.03562E-1 1.00559E-2
2.05765E-1 8.17661E-2 1.24799E-1 7.62893E-2 4.77563E-1 4.70285E-1 3.32926E-1 4.05934E-1 4.2573E-1 4.39872E-1 3.48615E-1 3.56596E-1 3.79758E-1 6.44762E-1 4.39946E-1 4.18194E-1 1.11837E-1 1.07016E-1 5.74807E-2 3.84219E-3 4.37611E-3 1.14456E-2 9.35857E-3 6.76141E-4 2.23869E-3 2.39479E-4 1.57597E-4 2.03074E-4 5.18871E-4 2.82832E-3 3.67006E-3 2.46204E-3 8.36986E-4 1.54744E-3 9.78785E-4 1.18744E-3 8.17616E-4 7.91445E-4 6.55829E-4 1.28445E-3 7.37184E-4 8.73218E-3 7.95188E-4 4.75318E-4 1.36303E-3 1.22158E-3 1.54416E-1 2.08337E-3 1.14831E-2 1.18809E-3 4.43839E-4 3.56626E-3 3.9558E-4 4.46916E-4 3.43218E-4 1.09887E-3 3.48892E-2 2.80273E-3 1.39939E-3
1.76626E-1 2.30873E-1 2.11278E-1 1.59126E-1 2.41433E-1 4.96297E-1 4.54541E-1 1.3761E-1 3.37831E-1 4.58731E-1 2.29365E-1 4.84902E-1 4.42196E-1 6.66488E-1 4.79189E-1 3.18503E-1 1.74421E-1 6.66329E-2 1.51667E-1 1.01438E-1 1.02474E-3 7.97416E-4 1.38385E-3 8.07612E-4 2.32287E-3 2.33579E-3 1.35226E-4 3.48217E-3 6.26581E-3 8.33489E-4 8.05895E-4 3.66107E-4 2.92328E-4 1.6658E-3 5.45696E-4 6.40261E-4 1.13096E-3 3.18325E-4 3.93436E-3 3.66915E-4 3.97749E-4 1.73638E-3 8.26968E-3 1.02636E-2 1.23317E-2 1.52344E-2 1.31818E-1 1.49751E-2 5.1368E-3 1.55989E-3 6.79614E-4 6.00064E-4 5.09781E-4 3.11451E-4 6.26605E-4 2.66389E-2 4.61436E-3 1.64438E-3 1.2428E-3
3.23554E-1 1.60838E-1 1.61365E-1 2.34995E-1 2.09949E-1 3.1677E-1 4.10437E-1 2.2142E-1 3.80013E-1 2.0282E-1 1.39533E-1 1.56116E-1 3.35818E-1 6.37124E-1 2.52859E-1 4.79863E-1 4.49455E-1 2.88288E-1 1.60747E-1 9.09776E-2 3.66842E-3 2.64992E-3 6.43692E-4 1.76514E-4 1.8283E-4 1.71004E-3 1.34978E-3 2.11765E-3 1.574E-3 5.97375E-4 5.86773E-4 1.76812E-3 3.41582E-4 1.30152E-3 2.92044E-4 6.9141E-4 3.86886E-4 4.40055E-3 3.9382E-3 5.29592E-3 5.43734E-3 7.53858E-3 5.11716E-3 7.04521E-4 1.46382E-3 1.18432E-3 1.45739E-1 1.70852E-3 1.04913E-3 1.26137E-3 3.50617E-4 6.09281E-4 3.27252E-4 8.81296E-4 1.79561E-3 1.62225E-1 9.28402E-4 9.04511E-4 6.79739E-3
1.75462E-1 3.31064E-1 2.76173E-1 2.32476E-1 1.97838E-1 2.84686E-1 2.23342E-1 2.0118E-1 5.67656E-1 4.24351E-1 1.58473E-1 3.17873E-1 4.05929E-1 6.21859E-1 4.50825E-1 4.45655E-1 4.11076E-1 1.33108E-1 5.45417E-2 5.59412E-2 1.73944E-3 8.04747E-4 7.99464E-4 3.16348E-4 2.21716E-3 1.68197E-4 2.82142E-3 3.85029E-3 1.71505E-4 2.1218E-4 3.7943E-4 4.36716E-3 3.51955E-3 1.02171E-3 1.3244E-3 5.27916E-3 4.54485E-4 1.56935E-3 4.97125E-4 9.41623E-4 1.94741E-3 6.68656E-4 7.11131E-4 8.33683E-4 1.10859E-3 8.85049E-4 1.40867E-1 3.29262E-3 1.55483E-3 4.7899E-4 4.11217E-4 2.03006E-3 6.6171E-4 1.7595E-3 1.61341E-1 1.58675E-2 8.47337E-4 8.6101E-4 1.19984E-2
3.09693E-1 2.02671E-1 2.33894E-1 2.00293E-1 2.89868E-1 3.28768E-1 1.71438E-1 4.34283E-1 4.40951E-1 2.79034E-1 5.11815E-1 5.11912E-1 5.63102E-1 3.70364E-1 5.05991E-1 4.29992E-1 3.69604E-1 4.18211E-1 1.44751E-1 4.19015E-2 1.13604E-3 2.43155E-3 6.40306E-4 2.54342E-4 2.09895E-3 2.00494E-4 4.11066E-3 2.70731E-4 2.76925E-4 3.04849E-3 3.39938E-4 4.18043E-4 4.26772E-3 3.42444E-4 7.78512E-4 3.50796E-3 8.09197E-4 4.56866E-4 4.30293E-4 5.22269E-3 6.23737E-4 9.2265E-4 7.81022E-4 8.09251E-4 1.23936E-3 1.77625E-3 4.63441E-1 3.24177E-3 1.36646E-3 8.30486E-4 3.36754E-4 3.46302E-4 1.75021E-3 2.35207E-1 1.68143E-3 1.0745E-3 1.17764E-2 4.69538E-2 1.21467E-2
1.55252E-1 2.42312E-1 4.29749E-1 4.51656E-1 4.66291E-1 4.77569E-1 2.55531E-1 2.62401E-1 4.10437E-1 2.08766E-1 4.32202E-1 3.46239E-1 6.52613E-1 5.78466E-1 5.83106E-1 5.18198E-1 4.3837E-1 4.69543E-1 9.18266E-2 1.91253E-2 6.46499E-3 1.2803E-3 3.56228E-4 3.72604E-4 2.09378E-3 4.58831E-4 5.50944E-3 3.41323E-4 1.95421E-3 1.68353E-3 4.26239E-4 5.49588E-3 8.31047E-4 2.39383E-4 5.30937E-4 3.77403E-3 5.67782E-3 2.82521E-4 1.42874E-3 1.01672E-3 6.3824E-4 8.39942E-4 1.30802E-3 1.55804E-3 1.13717E-3 3.4251E-2 1.20886E-1 1.34157E-3 8.62475E-4 4.35993E-4 5.97617E-4 2.50996E-3 2.69751E-1 3.05835E-3 4.72087E-4 6.77288E-4 2.08666E-3 3.37327E-3 7.25981E-3
2.03316E-1 3.09557E-1 1.99842E-1 3.818E-1 2.49383E-1 3.65694E-1 3.58775E-1 3.90613E-1 3.88728E-1 4.06995E-1 4.1264E-1 5.37911E-1 3.56028E-1 4.75182E-1 4.35905E-1 6.02955E-1 5.41575E-1 3.48182E-1 2.48214E-1 1.48248E-1 1.80073E-2 1.11289E-3 6.31506E-4 6.60177E-4 6.48446E-4 3.80662E-4 7.09703E-3 9.6921E-4 4.23877E-4 3.17817E-4 2.51436E-3 1.2222E-3 3.03994E-4 1.94788E-3 3.16429E-4 2.57538E-3 7.6867E-4 1.09537E-3 3.67361E-4 5.22577E-4 3.08125E-3 5.08577E-4 1.50295E-3 1.37963E-3 1.10912E-2 7.36155E-2 1.06684E-1 1.31276E-3 1.79433E-3 6.30767E-4 3.49219E-3 2.23674E-1 1.49696E-3 7.53801E-4 2.8541E-4 9.532E-4 4.18703E-4 1.45853E-2 3.55458E-3
2.71091E-1 2.39005E-1 2.6254E-1 2.03121E-1 2.98427E-1 3.23352E-1 3.58896E-1 5.48687E-1 5.38304E-1 2.83861E-1 2.461E-1 6.25354E-1 3.44354E-1 4.26953E-1 4.67334E-1 4.33951E-1 6.20141E-1 4.39736E-1 4.3347E-1 1.46353E-1 3.804E-2 3.99322E-2 1.13634E-3 2.83716E-3 7.86035E-4 5.69999E-4 8.73645E-3 9.65372E-4 5.75816E-4 4.05256E-4 6.44029E-3 2.32059E-3 9.59165E-4 2.13399E-4 2.769E-3 3.80776E-4 2.82655E-4 2.30755E-4 3.93927E-4 2.6776E-4 2.75378E-3 2.49745E-3 6.05465E-3 3.37322E-3 4.21983E-3 1.49463E-1 1.68285E-3 1.81775E-3 1.37389E-3 6.96977E-2 1.95317E-1 1.30938E-3 6.75578E-4 2.69456E-4 2.81751E-4 6.44161E-4 5.24691E-4 1.47851E-3 8.92609E-3
1.43533E-1 1.35324E-1 1.72887E-1 1.98111E-1 4.94476E-1 5.22189E-1 4.47539E-1 3.16216E-1 3.26244E-1 1.63527E-1 2.76419E-1 1.94554E-1 5.74334E-1 3.86546E-1 4.44358E-1 4.73461E-1 4.21223E-1 6.0598E-1 4.12737E-1 4.14092E-1 1.58022E-1 6.38012E-2 8.18817E-2 6.64391E-3 9.01477E-4 8.23386E-4 9.30563E-3 7.9165E-4 7.22096E-4 4.57004E-4 9.44048E-3 8.8925E-4 2.54402E-4 6.63813E-4 2.86394E-3 1.87623E-4 1.52855E-4 5.6699E-4 1.15581E-4 5.00358E-4 8.15312E-4 3.4538E-3 3.21372E-3 3.34641E-3 1.73839E-2 4.56878E-1 1.8084E-3 1.34632E-3 2.75218E-3 2.0122E-1 4.93292E-4 3.9798E-4 2.57256E-4 1.56228E-4 2.97896E-4 1.79273E-4 1.17728E-3 2.831E-3 3.44321E-3
4.9986E-2 5.18859E-2 1.92442E-1 3.97056E-1 1.71409E-1 2.38129E-1 3.7674E-1 3.4598E-1 1.83957E-1 4.02742E-1 6.13884E-1 1.60593E-1 1.61165E-1 5.86198E-1 4.16668E-1 4.5096E-1 4.11439E-1 5.74354E-1 5.32189E-1 4.81778E-1 4.50576E-1 2.05052E-1 1.0359E-1 5.87074E-3 1.43327E-3 2.3885E-3 1.10044E-2 9.78113E-4 1.84532E-3 1.19269E-3 6.31609E-3 1.56574E-3 4.24452E-4 1.6956E-3 2.20309E-3 1.95434E-3 1.20726E-4 6.54205E-4 1.75117E-3 1.76185E-3 6.52659E-4 1.28153E-2 5.07426E-3 1.05311E-1 5.16944E-2 1.7833E-1 1.5629E-3 1.93803E-3 2.53773E-1 5.71694E-3 1.86925E-3 7.81012E-3 4.73763E-3 2.79293E-3 5.75551E-3 2.35006E-4 3.05058E-3 2.10616E-3 3.08958E-4
4.42237E-1 2.27715E-1 1.59262E-1 1.76397E-1 1.12988E-1 1.69094E-1 2.09333E-1 5.31996E-1 5.33675E-1 4.3554E-1 6.02353E-1 4.71605E-1 4.42374E-1 4.2252E-1 5.94415E-1 4.30756E-1 4.89994E-1 3.07533E-1 3.8721E-1 4.17646E-1 1.58563E-1 2.63275E-1 4.079E-2 4.20356E-3 1.9694E-3 1.16466E-1 7.93368E-4 9.04752E-4 1.04746E-3 1.36765E-2 7.71601E-4 7.68853E-4 1.02266E-3 2.56299E-3 1.48329E-3 1.41308E-3 2.01638E-4 7.60084E-4 9.92144E-3 5.86303E-3 6.87629E-3 5.26958E-2 1.60713E-2 2.42624E-2 1.58604E-1 5.57705E-3 2.24362E-1 1.50679E-1 2.34784E-2 9.39627E-4 4.45147E-4 4.10588E-4 1.89688E-4 1.47185E-4 2.37328E-3 2.45996E-3 2.63389E-3 2.7475E-3 1.83924E-4
1.92173E-1 1.26454E-1 5.00825E-2 1.48675E-1 1.0454E-1 2.30515E-1 4.41246E-1 3.22993E-1 3.48248E-1 3.37501E-1 6.01429E-1 4.0835E-1 4.49024E-1 4.11587E-1 5.74604E-1 4.08091E-1 2.39372E-1 1.90062E-1 5.6942E-1 2.97164E-1 1.06544E-1 1.58325E-1 9.48057E-2 3.83885E-2 1.34762E-1 5.66388E-2 1.36184E-3 9.14891E-4 1.21542E-2 1.93685E-3 4.63307E-4 2.67607E-3 3.2531E-3 3.2039E-3 1.45533E-3 1.26358E-3 4.29798E-4 5.80417E-4 1.24163E-2 7.64724E-4 1.50346E-3 1.85259E-3 3.12428E-3 1.88248E-1 3.79888E-3 4.3915E-3 3.07306E-1 2.50758E-1 2.42455E-1 2.03316E-3 5.38505E-4 1.81821E-4 1.97601E-3 3.22471E-3 1.52261E-4 5.21684E-4 1.73187E-3 1.46956E-3 1.88866E-4
1.05701E-1 6.29615E-2 1.4995E-1 1.10736E-1 1.9994E-1 4.25016E-1 3.07276E-1 9.20315E-2 2.3871E-1 3.35199E-1 3.14652E-1 6.3091E-1 3.61885E-1 4.43882E-1 4.02264E-1 5.87731E-1 4.74165E-1 1.62351E-1 3.93234E-1 5.16565E-1 2.51398E-1 1.02355E-1 7.11857E-2 2.49896E-1 6.85202E-2 2.89549E-3 5.12759E-3 1.75491E-2 5.53216E-2 7.89422E-3 7.77503E-4 3.49736E-4 1.15789E-4 1.73318E-4 4.81958E-4 1.60247E-3 1.44846E-4 4.83769E-4 9.87109E-4 6.10206E-3 2.34697E-3 1.37033E-3 8.30826E-4 1.34415E-1 5.8618E-1 2.64139E-1 1.00357E-1 4.08185E-3 2.893E-2 1.13008E-3 6.22085E-4 1.61431E-3 1.62245E-3 3.11238E-3 1.3907E-3 2.85482E-3 1.02301E-2 1.9881E-3 3.75484E-3
1.66289E-1 1.07486E-1 4.93624E-2 9.92416E-2 4.33257E-1 2.37054E-1 6.31984E-2 1.0866E-1 3.06641E-1 9.94455E-2 2.75359E-1 6.28257E-1 4.26258E-1 3.92311E-1 4.40395E-1 5.71069E-1 4.13026E-1 4.40994E-1 2.95051E-1 2.68455E-1 5.06309E-1 3.5409E-1 2.85038E-1 6.44579E-2 2.5418E-3 6.1778E-3 2.38331E-1 3.22589E-2 1.1135E-3 1.29595E-3 7.31377E-3 8.12641E-4 2.24877E-3 1.27298E-3 3.2038E-4 2.39204E-3 8.27862E-4 5.15389E-3 7.87496E-3 1.10004E-3 9.54972E-3 7.08033E-3 1.83751E-3 2.66466E-1 2.98356E-2 1.63415E-3 1.11666E-3 1.99147E-3 1.81802E-3 2.07261E-1 5.25962E-4 1.95038E-3 4.27191E-3 1.47222E-3 1.35136E-3 1.16589E-4 3.63318E-3 6.21779E-4 2.28623E-3
4.48967E-1 4.46186E-1 2.04648E-1 4.21338E-1 3.36154E-1 4.61226E-2 1.46206E-1 1.84755E-1 2.36648E-1 3.12895E-1 2.2455E-1 6.27832E-1 2.99383E-1 4.10596E-1 4.20636E-1 5.76169E-1 1.41797E-1 3.247E-1 3.73516E-1 2.12865E-1 2.03414E-1 2.71337E-1 4.34068E-1 5.08611E-2 3.60047E-3 1.3862E-1 2.02062E-2 2.90188E-3 3.15216E-3 5.76467E-4 1.0787E-3 3.04959E-3 3.86546E-4 4.01683E-4 1.4367E-4 2.8377E-3 2.4519E-3 1.21476E-2 8.44985E-4 6.09107E-3 1.53265E-3 1.29661E-1 3.40575E-1 1.50095E-1 2.80831E-3 7.14397E-4 1.35413E-3 8.31333E-4 1.42052E-3 2.23457E-1 4.6212E-4 1.25586E-3 4.04487E-3 2.63643E-3 1.54733E-3 3.48039E-4 4.45455E-3 1.32983E-3 9.64958E-4
