STATUSquoLogistic/flood_STATUSquo.asc
ncols         319
nrows         495
xllcorner     219017.22331753
yllcorner     4610852.5305323
cellsize      500.0
NODATA_value  -9999
[rows 208 to 233 of 495, columns 0 to 58 of 319]
5.9128E-3 8.70424E-4 2.91486E-3 1.73358E-3 7.56783E-4 5.67748E-4 4.61807E-4 1.86357E-4 1.8643E-4 6.34774E-5 1.37939E-4 4.7777E-5 1.11852E-4 1.00076E-4 1.68749E-4 2.86648E-4 3.17219E-3 6.48252E-3 2.27912E-3 3.24929E-3 3.54654E-2 1.56474E-2 6.07175E-2 1.24484E-2 7.63664E-3 7.87314E-3 1.88737E-1 3.5481E-1 1.76512E-2 1.4716E-2 1.30643E-2 1.33818E-2 1.37762E-2 8.70726E-4 1.19603E-3 1.13081E-3 1.35383E-3 1.95005E-3 1.84097E-3 4.45743E-3 2.10121E-2 1.23985E-2 9.42633E-2 8.04842E-3 1.08269E-2 4.2082E-3 4.00325E-2 3.69726E-3 2.96826E-1 1.15218E-2 1.32555E-3 1.64918E-3 2.01187E-3 3.76079E-3 8.39812E-2 1.51447E-2 2.03673E-3 2.35553E-3 2.62429E-3
3.86471E-3 2.56519E-3 1.14316E-3 3.15273E-4 4.39069E-4 1.9E-4 1.30684E-4 3.93431E-4 1.66684E-4 6.53873E-5 6.54104E-5 9.52011E-5 1.63838E-4 4.45306E-4 1.00432E-3 1.4861E-3 3.51591E-3 6.75757E-3 6.61786E-3 8.75239E-3 9.1921E-3 2.68775E-3 1.01897E-2 8.06598E-2 6.49237E-2 1.22993E-2 3.71732E-1 4.2439E-1 3.13262E-3 6.04295E-3 5.09793E-2 7.93746E-3 1.86475E-3 1.71282E-3 1.44283E-2 1.2522E-2 1.07039E-3 4.35374E-3 2.18263E-3 4.17494E-3 7.35981E-2 3.33963E-3 1.03513E-1 3.58288E-3 3.54763E-2 3.48935E-2 1.74832E-1 1.3675E-1 3.16465E-1 2.18582E-2 3.08761E-3 2.08255E-3 1.7425E-3 4.22547E-2 1.39729E-2 7.82048E-3 2.0406E-3 2.58109E-3 5.95014E-3
2.89822E-3 1.22198E-3 8.37241E-4 4.05472E-4 1.43468E-4 1.10212E-4 2.35209E-4 2.16298E-4 1.22927E-4 7.82714E-5 7.08722E-5 6.68764E-5 9.2114E-5 3.08457E-4 7.72808E-4 2.25204E-3 9.37745E-4 3.52131E-2 8.51275E-3 1.32099E-3 5.14261E-3 5.66464E-3 2.63537E-2 1.06176E-2 5.3393E-3 2.95493E-1 1.07848E-2 2.25673E-1 3.49561E-2 4.07638E-3 1.31142E-1 2.77422E-3 2.18508E-3 1.97948E-3 3.05719E-3 2.9049E-3 1.07596E-2 3.14771E-3 8.42934E-3 3.39324E-3 8.10314E-2 2.06254E-2 3.15402E-2 4.05374E-1 1.89744E-1 1.99651E-1 1.13721E-1 1.42899E-2 1.58E-2 2.58259E-2 1.20928E-2 3.00061E-3 1.96962E-3 1.43651E-2 7.50986E-3 1.78324E-3 2.45655E-3 4.79061E-3 1.90662E-3
1.22468E-3 4.03723E-4 7.07705E-4 4.21296E-4 1.60916E-4 1.04693E-4 9.62731E-5 2.45006E-4 1.16045E-4 1.64623E-4 1.09653E-4 1.6681E-4 3.1675E-4 5.61179E-4 1.48357E-3 7.22811E-4 8.13565E-4 1.23952E-2 2.02369E-2 2.36295E-2 1.76578E-2 1.51296E-3 8.23013E-3 2.79704E-3 1.07228E-2 9.97436E-3 9.3828E-3 7.00624E-2 1.68068E-1 2.4945E-2 9.52875E-2 5.59897E-2 3.5869E-3 6.31618E-3 7.08279E-3 1.44406E-2 1.79359E-2 6.61187E-3 1.09231E-1 5.60274E-2 5.60408E-2 3.00903E-1 1.60841E-1 4.33022E-1 1.29558E-1 6.51717E-2 1.25123E-1 1.63129E-2 1.58366E-2 1.44036E-2 2.94657E-3 1.11702E-2 9.19035E-3 4.39497E-2 2.40557E-3 2.74178E-3 1.4647E-3 1.63594E-2 2.24542E-2
2.0011E-3 4.79404E-4 3.72445E-4 7.09848E-4 2.09931E-4 3.38486E-4 1.46413E-4 1.44274E-4 5.31516E-4 1.29276E-4 1.56396E-4 3.91845E-4 3.70568E-4 6.31944E-4 1.23481E-3 8.7003E-4 6.65867E-4 6.48738E-4 7.93323E-4 1.02477E-2 2.7919E-3 1.45491E-2 3.99634E-3 2.60374E-3 2.5778E-3 2.80279E-3 2.79743E-3 2.74724E-2 1.9948E-1 6.15578E-2 1.56557E-1 1.42671E-1 1.62788E-1 1.55114E-1 7.92218E-2 2.35166E-2 1.96174E-2 5.1659E-3 1.03714E-1 1.02019E-1 1.60469E-2 1.45543E-1 4.8797E-1 3.93733E-1 6.37031E-2 1.94856E-1 1.21791E-1 3.40073E-1 1.57296E-1 3.15708E-1 6.77133E-3 2.99961E-3 4.12811E-3 3.01451E-3 2.64992E-3 3.39426E-3 3.0325E-3 1.76135E-3 1.67702E-3
1.151E-3 4.10896E-4 3.99091E-4 3.02304E-4 1.87559E-4 7.43797E-4 1.60044E-4 1.60957E-4 1.21665E-3 2.97314E-4 1.9439E-4 2.28449E-4 2.66601E-4 5.50768E-4 1.16845E-3 2.25386E-3 6.78279E-4 1.13134E-3 8.59962E-3 4.96021E-3 5.68366E-3 1.70749E-3 2.0754E-3 8.66141E-3 2.54109E-1 2.57337E-3 2.7153E-3 3.72398E-2 2.18213E-1 2.25432E-1 6.49736E-2 1.01971E-1 1.93846E-1 1.26183E-2 1.24332E-2 2.15542E-2 1.47447E-2 1.88408E-3 5.56967E-2 2.01229E-1 4.51974E-1 4.66146E-1 3.83563E-2 1.3492E-1 1.60716E-1 1.70408E-1 3.49678E-1 4.22439E-2 4.58704E-3 1.65538E-2 1.61135E-2 3.26873E-3 1.08856E-2 5.19738E-3 3.37979E-3 3.346E-3 3.33887E-3 1.92077E-3 3.16842E-3
-9999 4.3183E-4 5.30457E-4 5.49712E-4 5.513E-4 9.03958E-4 4.79201E-4 8.88553E-4 3.25422E-3 6.19031E-4 3.77828E-4 3.37671E-4 1.15711E-3 6.27022E-4 7.08436E-4 7.84632E-4 2.32629E-3 9.33234E-4 8.12386E-4 2.66055E-3 4.58724E-3 6.46801E-3 3.06486E-2 3.88517E-2 1.70089E-1 9.0944E-2 1.46899E-2 1.44015E-2 1.4248E-1 4.71548E-1 1.082E-1 4.62974E-2 3.88063E-2 1.20855E-1 1.13458E-2 1.27971E-2 2.23711E-3 1.29932E-1 2.17152E-2 1.53136E-1 1.40229E-1 9.63349E-2 9.01477E-2 1.37712E-2 1.50451E-2 1.43321E-1 6.73391E-3 2.63597E-2 1.69074E-2 2.11091E-2 2.74938E-2 4.21556E-2 1.18181E-2 3.40775E-3 7.52683E-3 1.20754E-2 1.00286E-2 3.14271E-3 6.24393E-3
-9999 1.3018E-3 2.07898E-3 6.90411E-4 2.07458E-3 1.10142E-3 4.66692E-4 3.59893E-4 3.30095E-3 4.83295E-4 9.25013E-4 5.89627E-4 9.65948E-4 2.11303E-3 8.39577E-4 4.6632E-4 1.38495E-3 4.39608E-3 1.03317E-3 9.23158E-4 2.85601E-2 3.41682E-2 1.41118E-2 1.36182E-2 1.20102E-2 3.57455E-1 1.4872E-1 1.91426E-2 9.89449E-2 1.75979E-1 2.25043E-1 1.30162E-1 1.03637E-1 9.57839E-2 1.4527E-2 1.20318E-1 1.40399E-2 2.18437E-2 9.25699E-2 1.87633E-1 1.38264E-1 8.41817E-2 4.59083E-3 4.40513E-3 1.39077E-2 1.22526E-1 1.05851E-1 3.19069E-1 2.22492E-1 1.95286E-2 3.31847E-1 1.66147E-2 9.91225E-3 3.00321E-3 8.29197E-3 1.2543E-2 1.86147E-3 2.01436E-2 1.63372E-3
-9999 5.58518E-3 1.35208E-3 3.7074E-3 2.07841E-3 6.0774E-4 5.12816E-4 5.7701E-4 2.56981E-3 8.74422E-4 6.80078E-4 5.56485E-4 4.12309E-4 2.66519E-3 8.10112E-4 5.74484E-4 9.2257E-4 2.07728E-3 5.754E-3 5.49029E-3 6.33351E-3 5.59682E-3 1.7572E-3 1.19958E-2 1.34982E-2 1.5803E-1 3.96108E-1 1.5243E-1 1.82007E-2 1.53936E-1 5.21688E-1 1.78368E-1 1.10827E-1 1.89707E-1 1.26648E-1 2.07931E-1 1.96249E-1 1.78002E-2 3.29122E-2 8.27506E-2 1.53563E-1 5.64788E-2 3.57289E-3 2.87352E-3 3.85857E-2 3.83937E-1 3.37174E-1 3.29236E-2 2.34899E-2 2.21867E-2 3.68867E-1 4.83178E-2 4.25922E-2 1.04262E-2 1.58061E-2 9.61331E-3 1.34445E-2 2.21159E-3 2.90969E-3
-9999 -9999 3.56999E-3 2.88833E-3 2.02138E-3 9.40875E-4 6.9826E-4 1.53466E-3 4.15213E-3 5.86521E-4 4.3705E-4 4.44708E-4 7.22775E-4 3.37955E-3 1.80327E-3 5.67483E-4 5.85865E-4 9.54007E-4 1.17826E-3 1.32704E-3 1.1447E-2 1.37484E-3 6.40236E-3 6.92088E-3 8.16145E-3 2.22053E-3 7.84123E-2 4.49009E-1 1.38082E-1 1.23817E-1 4.93489E-1 3.42312E-1 1.47515E-1 1.80797E-1 2.69392E-1 1.65556E-1 2.50985E-1 1.02929E-1 1.02735E-1 5.21582E-1 3.93352E-2 4.22936E-2 1.51665E-2 3.77281E-2 3.48006E-1 1.45658E-1 1.56669E-1 1.46191E-1 2.40776E-1 3.60062E-1 1.56588E-1 1.0465E-2 1.13987E-2 4.20576E-2 1.0099E-2 1.20447E-2 1.67638E-2 2.58615E-3 1.53962E-3
-9999 -9999 6.27074E-3 2.07031E-3 7.07605E-4 9.15263E-4 7.95988E-4 5.32422E-3 8.63312E-4 5.73225E-4 9.39995E-4 7.81994E-4 3.06086E-3 1.86219E-3 1.19727E-3 9.50888E-4 1.06473E-3 2.67172E-3 1.08848E-3 1.76842E-3 1.86895E-3 8.02768E-3 6.74268E-3 2.52764E-3 9.34517E-3 1.0818E-2 1.13466E-2 3.86044E-1 1.91491E-1 1.76684E-1 1.15259E-1 4.86256E-1 1.2023E-1 1.34182E-1 3.32063E-1 2.08158E-1 3.47089E-1 1.76347E-1 2.47506E-1 1.10262E-1 9.34694E-2 2.33342E-2 1.76445E-1 2.19287E-1 3.87789E-1 2.56775E-1 2.13807E-1 1.97322E-1 4.47691E-1 3.80976E-1 1.49536E-1 1.10557E-2 2.14291E-3 1.16105E-2 2.2622E-2 9.29925E-3 1.08585E-2 2.91184E-3 1.54161E-3
-9999 -9999 7.02655E-3 3.40439E-3 9.32311E-4 1.29387E-3 9.09614E-4 6.60251E-3 8.9983E-4 5.11222E-4 9.73897E-4 3.68794E-3 1.40646E-3 9.93058E-4 6.07585E-4 1.31076E-3 4.14983E-3 3.50468E-3 2.93597E-3 1.95428E-3 1.91284E-3 1.60825E-3 9.36566E-3 7.82953E-3 2.30728E-2 2.28048E-1 3.15945E-2 3.79819E-2 4.45797E-1 2.15094E-1 8.2369E-2 5.13043E-1 2.10958E-1 2.05866E-1 3.72256E-1 1.90962E-1 1.24599E-1 5.07153E-1 1.51644E-1 4.1424E-2 2.36357E-2 3.20456E-2 1.30038E-1 4.50224E-1 2.36384E-1 1.19113E-1 1.68656E-1 4.17739E-1 1.815E-1 1.82776E-1 1.09369E-1 5.29217E-2 1.11451E-2 9.14619E-3 1.94859E-3 1.35666E-2 9.47338E-3 2.0258E-3 1.34234E-3
-9999 -9999 8.95819E-3 1.32376E-3 1.31096E-3 1.44698E-3 1.24526E-3 6.65738E-3 1.46047E-3 5.09648E-3 5.00028E-3 1.19287E-3 7.99345E-4 9.18028E-4 1.54516E-3 1.155E-3 2.3333E-3 8.13204E-3 3.45281E-2 2.85822E-3 1.82013E-2 1.37487E-3 1.88121E-2 2.6479E-3 1.24311E-2 1.36739E-1 1.35469E-1 5.3473E-2 4.08737E-1 4.89829E-1 8.30155E-2 5.2793E-1 6.22391E-2 3.8452E-1 1.67701E-1 1.34082E-1 4.67574E-1 2.87E-1 6.31331E-2 6.40515E-2 1.33032E-1 3.89638E-2 4.30317E-1 1.29876E-1 1.06394E-1 2.10658E-1 1.24006E-1 4.97161E-1 1.54344E-1 3.78027E-1 8.48525E-2 1.01992E-2 9.38773E-3 1.92768E-2 4.41163E-2 5.12331E-3 2.33849E-3 1.59664E-3 2.7638E-3
-9999 -9999 1.07117E-2 1.93539E-3 1.02745E-3 4.88471E-3 1.26095E-2 1.06206E-2 6.96406E-3 1.32821E-3 1.05636E-3 1.12994E-3 1.81964E-3 1.63449E-2 1.61228E-2 2.6985E-3 1.48497E-3 3.10611E-3 1.31506E-2 2.25083E-2 9.29672E-2 1.61288E-2 1.61969E-2 6.84799E-2 2.89675E-2 2.28958E-2 4.31756E-2 3.13957E-1 2.69826E-1 2.59833E-1 4.68005E-1 5.28418E-1 6.49295E-2 2.13967E-1 3.94604E-1 1.96493E-1 4.96103E-1 1.31154E-1 4.52574E-2 4.12599E-2 8.24785E-2 1.52334E-1 4.60138E-1 1.54479E-1 1.74149E-2 1.02772E-1 4.78023E-1 2.44521E-1 4.17909E-1 3.37075E-2 2.05499E-3 2.44776E-3 1.31326E-3 1.29641E-2 7.5091E-3 2.3938E-3 3.36843E-3 1.33398E-3 2.25924E-3
-9999 2.22396E-3 2.15937E-3 8.45414E-3 3.84841E-3 1.58974E-2 2.54605E-3 1.84379E-3 1.26937E-3 1.60856E-3 1.46415E-3 9.92763E-4 1.99041E-3 7.82565E-4 1.04187E-3 4.28655E-3 4.34889E-3 1.4161E-2 1.49789E-2 4.02196E-3 5.52935E-3 1.19167E-1 1.35938E-1 1.79637E-1 1.77718E-1 4.09654E-2 1.60213E-1 2.96833E-1 3.84842E-1 2.99583E-1 1.93426E-1 5.13126E-1 2.99667E-1 2.03571E-1 2.02221E-1 5.19153E-1 1.44849E-1 5.72536E-2 1.59362E-1 2.01282E-1 1.63292E-1 4.17574E-1 1.78595E-1 1.1813E-1 1.07349E-1 5.91489E-2 1.49986E-1 1.22928E-1 9.51749E-2 3.44769E-2 2.1825E-3 8.01744E-3 9.6556E-3 8.53082E-3 2.61126E-3 1.91194E-3 3.44196E-3 1.31417E-3 2.37681E-3
-9999 2.91852E-3 3.99018E-3 5.77799E-3 2.89055E-2 1.64466E-2 3.48766E-3 8.49373E-3 3.80599E-3 1.58398E-3 7.17552E-4 7.0513E-4 1.06024E-3 7.10093E-4 1.19854E-3 2.95205E-3 1.17714E-2 3.53015E-3 1.94077E-3 2.27832E-3 8.41742E-3 2.66608E-1 1.06144E-1 1.1162E-1 1.93955E-1 4.4995E-1 2.27018E-1 2.37099E-1 2.23454E-1 4.90622E-1 3.24715E-1 1.77297E-1 5.38043E-1 2.81156E-1 1.98341E-1 4.9781E-1 1.41136E-1 4.52985E-2 2.98284E-1 2.10549E-1 1.41825E-1 4.37004E-1 4.84281E-1 4.76922E-1 4.76207E-1 1.521E-1 3.27006E-1 1.12863E-1 4.8195E-3 1.26845E-1 1.48447E-2 3.39221E-3 5.45094E-2 8.75694E-3 3.00714E-3 1.58938E-3 1.82073E-3 3.77395E-3 3.17736E-3
-9999 -9999 2.18749E-3 2.64424E-3 2.81468E-2 2.40149E-3 1.60256E-2 5.8054E-3 1.09671E-3 9.21954E-4 1.29361E-3 9.49112E-4 1.3861E-3 9.2818E-4 2.26876E-3 3.27004E-3 6.98319E-3 2.29497E-3 1.54568E-3 4.38457E-3 2.31997E-3 3.51218E-3 2.66731E-3 1.18602E-1 1.39564E-1 3.8704E-1 4.90003E-1 2.01984E-1 2.24373E-1 3.32569E-1 2.64332E-1 1.7977E-1 2.65925E-1 5.80032E-1 5.69923E-1 5.26422E-1 2.56833E-1 3.29716E-1 1.39276E-1 1.58603E-1 1.52854E-1 5.49877E-1 4.58127E-2 1.83086E-1 1.10953E-1 1.37981E-1 1.0188E-1 2.97902E-1 1.64818E-1 3.86328E-3 2.32042E-3 3.70375E-3 2.87248E-3 3.02487E-3 8.68847E-3 2.12291E-3 2.56467E-3 4.15638E-3 8.16265E-3
-9999 -9999 2.66196E-3 2.32961E-2 3.78877E-3 1.40814E-3 1.36313E-3 1.32719E-2 8.24225E-3 4.27692E-3 1.93694E-3 1.08851E-3 2.87127E-3 2.29765E-3 2.29226E-3 1.21358E-3 3.65834E-3 1.33196E-3 2.93948E-3 4.37203E-3 2.07863E-3 1.66155E-2 2.8625E-1 3.71271E-1 2.93589E-1 1.11054E-1 3.87247E-1 4.82897E-1 3.52535E-1 2.15554E-1 3.2373E-1 4.85667E-1 4.22866E-1 2.27711E-1 6.72389E-2 5.57378E-1 5.98243E-1 4.13603E-1 2.93851E-1 2.09986E-1 1.93128E-1 2.19074E-1 1.46396E-1 1.46823E-1 1.72421E-1 1.26701E-1 4.01015E-3 6.01226E-3 1.48373E-2 2.48586E-2 2.44029E-3 1.2206E-2 2.15378E-3 3.16082E-3 3.78222E-3 2.20271E-3 3.47892E-3 1.37239E-3 2.23342E-3
-9999 -9999 3.89428E-3 1.75856E-2 1.39751E-3 1.12455E-3 1.52102E-3 7.98314E-4 5.20276E-3 1.27255E-2 5.87964E-3 6.19973E-3 2.73975E-3 1.13149E-3 1.65056E-3 1.28361E-3 1.29073E-3 1.39501E-3 2.18382E-3 1.533E-3 1.55052E-2 1.82016E-2 3.08706E-2 1.22638E-1 1.45201E-2 8.6844E-2 1.30708E-1 3.48667E-1 4.89777E-1 5.16396E-1 4.1884E-1 1.9972E-1 2.72755E-1 2.30845E-1 3.16333E-1 1.16659E-1 6.84953E-2 5.82686E-1 2.44265E-1 2.17795E-1 5.00246E-1 5.61386E-2 2.29429E-1 3.23969E-2 9.39032E-2 1.36614E-2 4.7278E-3 1.82893E-2 8.38668E-3 1.29404E-2 1.3763E-1 1.49292E-2 1.48211E-2 2.01552E-3 2.05005E-3 2.03071E-3 1.78858E-3 2.0022E-3 2.00418E-3
-9999 -9999 2.12198E-2 5.65016E-3 2.52973E-3 1.54604E-3 1.311E-3 1.11701E-3 2.5503E-3 1.47903E-2 3.14927E-3 2.00714E-3 1.78435E-3 1.1266E-3 8.4311E-4 1.48634E-3 1.18069E-3 8.62368E-4 1.09084E-3 1.14548E-3 1.45732E-3 1.66238E-3 3.58948E-3 1.5641E-2 8.91909E-2 1.82744E-1 2.26581E-1 1.8176E-1 2.94075E-1 2.60776E-1 1.89841E-1 1.98822E-1 6.74872E-2 3.44451E-1 8.58409E-2 2.04812E-1 5.39315E-2 2.44756E-1 3.56291E-1 7.50288E-2 5.2545E-1 1.04037E-1 2.18618E-1 4.66187E-2 3.41682E-3 2.15302E-2 3.69971E-3 3.90006E-3 2.99389E-3 1.96917E-1 3.43459E-1 1.25653E-2 1.51346E-2 1.2097E-2 7.68485E-3 3.25987E-3 2.9468E-3 6.41045E-3 3.81451E-3
-9999 -9999 -9999 6.06606E-3 2.64721E-3 1.24549E-3 1.52933E-3 1.31175E-3 9.69607E-4 1.28228E-2 3.85574E-3 2.57839E-3 8.63649E-3 3.41407E-3 1.47325E-3 8.20716E-4 8.31124E-4 9.14445E-4 5.58512E-3 1.11669E-3 1.44453E-3 9.48004E-3 1.45667E-2 1.42918E-2 1.25635E-2 9.73031E-2 1.82059E-1 2.54689E-1 1.70239E-1 2.16194E-1 2.34567E-1 2.39375E-1 3.03282E-1 4.17774E-1 2.92669E-1 2.15328E-1 5.37175E-2 3.43263E-1 5.98933E-1 5.19192E-1 9.67189E-2 3.66146E-2 3.4861E-2 1.16471E-1 1.80799E-1 2.73219E-3 1.73137E-2 2.58754E-3 1.53058E-1 4.20616E-1 3.46975E-2 3.08368E-3 3.40727E-3 4.06242E-3 5.93655E-3 3.29084E-3 2.97592E-3 7.87477E-3 3.31534E-3
-9999 -9999 -9999 7.34222E-3 2.89558E-3 1.39965E-3 1.28079E-3 6.51541E-4 1.03955E-3 9.67469E-3 8.67187E-3 7.72608E-3 1.61616E-3 2.91174E-3 1.95552E-3 1.2252E-3 1.40452E-3 8.78532E-4 1.42738E-3 8.98365E-3 1.1936E-2 1.79061E-2 2.14849E-2 3.42039E-1 3.92743E-1 3.06852E-3 2.06166E-2 1.8026E-1 1.17365E-1 1.40258E-1 2.24356E-1 2.7888E-1 3.83725E-1 2.53378E-1 3.3791E-1 2.61954E-1 1.70063E-1 2.5181E-1 3.85156E-1 6.04404E-1 1.28992E-1 2.00822E-1 1.49503E-1 3.55054E-1 1.95469E-1 4.04235E-2 1.65844E-2 1.07516E-2 3.52087E-1 4.12537E-2 4.2051E-3 1.18199E-2 1.29254E-2 4.4891E-3 3.03391E-3 5.15639E-3 3.60293E-3 8.34958E-3 4.02595E-3
-9999 -9999 -9999 5.2887E-3 5.42728E-3 3.70658E-3 6.93951E-4 2.90779E-3 1.35088E-3 2.11986E-3 1.42374E-3 1.51091E-3 9.77757E-4 1.67325E-3 1.53425E-3 2.22812E-3 1.41935E-3 3.20455E-3 4.58103E-3 1.00761E-2 5.28872E-3 3.76269E-3 8.16418E-3 8.63873E-3 6.14544E-2 4.13681E-1 4.08748E-1 4.32784E-1 3.10104E-1 1.49926E-1 2.05429E-1 2.86597E-1 2.42476E-1 3.59971E-1 2.41675E-1 5.38845E-1 5.19934E-1 5.18152E-1 5.32699E-1 6.35744E-1 8.4992E-2 1.70556E-1 3.80523E-1 2.28678E-1 4.67678E-2 8.46575E-2 1.19115E-2 1.01338E-2 3.26804E-2 1.98415E-1 9.97092E-2 3.43323E-3 2.58817E-3 5.99066E-3 4.38734E-3 4.82478E-3 1.894E-3 5.31587E-3 8.9591E-2
-9999 -9999 -9999 5.97528E-3 1.18092E-3 8.4945E-4 6.77655E-4 9.13906E-4 1.59546E-3 2.41926E-3 1.80307E-3 2.01907E-3 1.7861E-3 1.9255E-3 2.34088E-3 6.99121E-3 7.69611E-3 1.06879E-2 7.7711E-3 4.21813E-3 3.19961E-3 2.46642E-3 1.68737E-3 5.26544E-3 9.78532E-2 1.03901E-1 1.22887E-2 1.01236E-1 4.30712E-1 1.51217E-1 4.53803E-2 2.36482E-1 2.03774E-1 3.1577E-1 4.58529E-1 1.5125E-1 1.7157E-1 1.56893E-1 3.13374E-1 3.97871E-1 6.19464E-1 4.22244E-1 9.47913E-2 3.38317E-2 1.49043E-1 1.03397E-1 3.89314E-2 7.98307E-2 3.96E-1 4.31234E-2 3.60436E-3 4.02704E-3 2.80599E-3 2.80507E-3 5.49128E-3 2.48598E-3 2.85844E-3 2.29413E-3 1.32592E-1
-9999 -9999 -9999 7.77395E-2 2.02838E-3 1.41758E-3 1.82531E-3 7.28151E-4 1.30071E-3 2.96762E-3 1.34608E-3 1.07639E-3 1.81243E-3 1.40134E-3 1.1761E-3 1.9275E-3 1.4906E-3 3.39084E-3 3.81478E-3 2.19634E-3 1.58556E-3 1.92E-3 3.70375E-3 2.69471E-3 1.02183E-2 3.63707E-3 1.1846E-2 1.17234E-1 2.10156E-1 2.37701E-1 4.54331E-1 4.67461E-1 4.70277E-1 4.4914E-1 2.926E-1 4.02233E-1 1.77832E-1 1.08125E-1 1.34505E-1 1.73585E-1 3.96972E-1 4.90596E-1 3.90958E-1 2.83208E-1 1.13318E-1 4.3909E-2 6.89978E-2 2.67493E-2 2.05739E-1 3.90717E-2 2.68109E-3 1.67164E-3 2.69536E-3 1.91648E-3 3.58582E-3 2.51999E-3 2.46086E-3 4.22526E-2 3.30711E-2
-9999 -9999 -9999 1.9875E-1 4.30377E-2 3.86776E-3 1.52456E-3 1.48848E-3 1.47978E-3 4.65957E-3 3.43229E-3 1.35068E-3 2.75319E-3 1.86678E-3 7.11809E-4 1.05497E-3 9.33117E-4 1.75619E-3 2.18179E-3 9.77698E-4 9.17137E-4 1.11572E-3 1.44563E-3 7.07053E-3 8.29779E-3 1.4844E-2 4.9262E-3 1.50082E-1 2.34019E-1 1.48014E-1 1.90006E-1 4.60821E-1 4.05161E-1 3.14876E-1 1.69123E-1 2.15875E-1 2.56577E-1 1.35351E-1 1.12356E-1 1.91548E-1 1.73612E-1 5.73485E-1 6.19386E-1 5.63819E-1 1.75413E-1 1.1695E-1 9.52439E-2 1.51441E-1 1.37971E-1 1.87861E-2 4.27646E-3 3.61011E-3 2.80797E-3 2.12396E-3 7.7857E-3 3.37961E-3 2.65885E-3 2.95556E-2 9.37534E-2
