landuse_ti_only_rm1_NOFCS/flood.asc
ncols         319
nrows         495
xllcorner     219017.22331753
yllcorner     4610852.5305323
cellsize      500.0
NODATA_value  -9999
[rows 135 to 161 of 495, columns 120 to 179 of 319]
3.97366E0 8.00287E0 5.05301E1 5.15002E1 5.40088E1 5.82118E1 8.81987E0 2.87594E-2 2.95144E-2 2.07178E0 1.5971E-2 3.64067E-2 1.27401E-2 4.86494E0 1.16991E1 5.78267E-1 8.81709E-1 1.95943E-1 7.75476E1 4.23984E1 9.72076E0 1.84395E1 3.55359E0 6.41502E0 6.87465E0 5.36907E-2 3.72825E-2 3.76565E0 3.67171E-2 1.92206E-1 2.42086E-2 2.66435E1 2.75466E-2 4.35787E-2 3.2101E-1 1.0134E1 3.14453E-1 3.90707E-1 5.09083E-2 6.19543E-2 6.29942E-2 4.49025E0 7.60699E0 3.14658E-1 8.28691E-1 4.07541E0 1.55478E0 4.12857E1 8.66864E-1 6.97648E-2 1.79096E0 7.39383E1 4.03308E0 6.77177E-1 3.00637E0 6.08763E-2 9.10636E0 1.31835E1 9.24194E0 7.45889E1
4.63985E1 8.16404E-1 2.75419E-2 1.96326E-1 4.05311E0 3.68071E0 1.15235E1 2.37382E-2 5.73309E-1 7.66893E-1 4.56916E-2 3.06004E-1 6.23358E0 3.49348E-2 1.66267E-2 4.59052E0 8.18311E0 2.69834E-1 7.8128E1 4.63888E1 3.61457E1 2.54321E1 1.88101E1 6.09898E0 4.34811E1 3.30402E0 4.13772E1 8.24962E-2 4.55211E-2 4.56159E-2 1.81755E1 3.67035E-1 5.72351E-2 7.84223E-2 5.25987E-2 2.20357E-1 1.11254E1 1.97869E-1 5.51201E0 1.94506E-1 1.67164E-1 2.79989E1 1.00738E0 4.48205E-2 4.49544E-2 2.69529E-2 8.26432E-2 4.59847E-1 7.85964E0 5.65642E-2 3.90046E-1 1.44615E1 7.70804E0 8.20993E-1 3.94237E-1 5.90784E-2 4.13372E-1 3.12973E-1 2.89367E0 5.14442E0
4.30249E1 2.23715E-1 3.13263E-2 3.33304E-2 4.12741E-2 5.98921E-2 3.76349E-1 5.28138E-2 2.27572E0 5.31546E-2 9.62962E0 5.95957E0 5.03616E-2 5.55347E-2 4.11916E-2 7.58623E-3 1.35039E-2 6.90049E0 4.44311E1 9.86295E1 4.49863E1 2.19701E0 8.67613E-1 5.32543E1 4.31956E1 3.57995E1 1.27399E0 9.82924E-1 6.00366E-2 8.82216E0 4.92504E-2 2.16894E-1 1.20093E1 2.56685E-1 1.11768E0 2.35212E-1 6.09037E-1 2.52133E0 5.56451E-2 5.35238E-2 7.78004E0 2.19818E-1 3.55706E-1 6.87639E-1 1.99548E-1 5.46871E-2 2.72007E-2 2.81513E-2 1.31031E0 7.07952E0 2.33881E-1 1.39017E1 2.01978E-1 5.46817E-1 1.1473E0 2.29024E0 3.67626E-1 6.21926E-2 3.05314E0 5.27896E-1
5.43645E-2 2.35788E-2 3.58943E-1 5.17517E-2 5.27056E-1 2.10287E0 9.34761E-1 5.79672E-1 3.47736E0 2.76016E0 6.40654E0 1.4653E0 6.69917E-1 6.59601E-1 1.05882E0 5.11617E-2 5.44897E-2 4.08528E-2 4.17529E1 8.54696E1 3.28526E1 1.17275E1 5.17859E1 8.00499E0 9.37842E0 3.57991E0 5.14623E0 5.82406E-1 9.5333E0 8.46404E-1 4.26514E-2 7.61662E-2 5.45942E-1 2.52835E0 4.39863E-1 5.27854E-2 4.61227E0 5.35175E-2 2.39998E1 8.74672E0 3.13998E-1 1.93782E0 2.95225E-1 4.39964E-2 1.70691E0 7.09168E-1 5.38E-2 5.32201E-1 3.22148E-2 4.60416E-2 7.43879E0 2.17517E1 3.43888E-2 3.04922E0 2.91631E1 3.22958E-1 1.80485E0 5.83886E-2 2.24531E0 7.14231E-1
9.03289E-1 5.80297E-2 5.26603E-1 3.66416E-1 5.95081E-2 3.52544E-1 2.11445E1 1.1164E1 4.09119E-3 5.04254E-3 2.53667E-2 2.05538E-2 2.69224E0 1.42137E0 4.10144E-2 3.59865E-2 3.74361E-2 4.8286E-1 6.6569E0 3.92061E0 9.7802E1 5.52211E1 1.02303E0 2.07077E1 9.77534E0 7.78336E0 6.47275E-1 6.29811E-1 9.78154E0 5.45956E-2 1.111E0 5.91671E-2 5.55788E-2 1.95301E0 1.36671E1 5.53315E1 1.57896E1 8.51223E0 2.73604E-1 1.39168E0 1.72388E-1 5.51447E-2 9.30785E-1 1.91438E-1 4.48879E-1 7.85355E-1 5.89579E-1 3.27465E-2 2.7238E-2 1.96797E0 2.73553E1 7.55166E-2 4.30928E0 5.13542E0 5.85746E-2 1.61121E0 4.74773E-1 5.74142E-2 7.67993E-1 3.25027E0
3.98938E0 6.20874E-1 5.16796E-1 2.26081E-1 1.11179E1 1.59307E1 2.54382E1 9.00904E0 2.21368E-2 1.16978E-1 4.23276E-3 2.54201E-2 3.29618E-1 2.06993E1 2.17147E1 6.99229E0 7.63097E0 6.61021E0 6.00469E-2 7.91779E0 8.3537E1 4.48248E1 3.50194E1 1.04374E0 4.68693E0 5.28577E0 4.76983E0 1.0319E1 3.00558E1 2.59107E1 5.69564E-1 5.79875E-2 3.83221E-2 1.02938E1 3.54807E-1 1.94571E-1 5.57687E-2 3.60953E-1 3.16306E-2 6.33206E-2 7.01037E-1 1.12265E0 1.58385E0 1.97269E-1 6.54339E-2 2.39E0 1.18866E0 2.79128E-1 5.09065E0 1.61373E0 2.20579E1 9.25919E0 6.53258E-2 6.72019E-2 5.10783E-2 5.45939E-2 5.81477E-2 5.26951E-2 6.04429E-1 8.01692E-2
9.041E-1 4.11142E0 3.99061E-1 3.30483E0 5.2283E-2 1.83507E0 2.35401E1 3.13953E-1 2.43962E-2 3.11628E-3 1.84574E-1 2.25202E-3 2.6077E-1 5.42863E-2 5.02032E-2 2.23506E1 7.60651E-1 8.94432E-1 6.10061E-1 5.39701E-2 3.35406E1 8.60412E1 2.52086E1 1.05605E1 6.31029E-1 1.28037E1 5.55857E1 5.10128E1 3.2767E0 2.08738E0 6.56274E0 2.69965E0 1.43684E1 3.94632E0 1.8882E-2 6.02438E-2 2.88744E-1 4.91321E-1 1.25094E0 5.75816E-1 7.37877E-1 1.38785E0 7.51488E-2 4.94315E-2 3.48508E0 1.128E0 8.01327E-1 4.0004E-2 5.43061E-2 2.07267E-1 2.19891E-2 3.64847E1 5.20304E-2 3.73757E-2 6.81701E-1 4.05641E-1 1.22716E0 2.44014E-1 4.24825E-1 1.88959E0
3.29097E0 7.60396E-1 8.14106E0 4.48453E0 1.95965E-1 6.9681E0 9.52369E-1 1.34674E0 7.76974E-2 1.31235E-1 2.48541E0 5.03847E-2 4.15922E-3 2.86082E-2 6.62844E-1 5.2292E0 1.96977E0 1.94876E-1 6.61084E-1 2.95823E0 5.39191E-1 7.90654E1 2.35984E1 9.98008E0 6.92669E0 5.10719E1 6.57185E0 5.85108E-1 7.56111E0 4.31638E0 4.04426E0 5.41142E1 3.16695E-1 1.76598E-2 2.12453E0 6.03358E-2 5.024E-2 5.15921E-2 5.75638E-2 1.25373E0 3.7066E-1 4.0761E-2 4.14654E-1 1.13446E1 1.26229E1 4.91551E-1 1.16288E0 3.23101E0 5.06191E-1 2.6908E0 1.88984E-2 2.14506E1 1.62805E0 7.89908E-1 5.17549E-2 5.43668E-2 3.77055E-2 8.3514E-1 3.59048E-1 5.05931E-2
6.684E-1 4.73291E-1 7.16209E-1 7.78076E0 2.02572E0 2.64415E0 1.36703E1 5.93472E-2 2.85098E0 1.62264E-2 9.44167E-3 5.67842E-2 7.65638E-3 2.4508E-2 2.63324E-2 4.01085E-1 1.91471E-1 6.13898E-2 2.37834E0 5.29128E-2 3.12985E-2 7.51938E1 7.17466E1 5.82369E1 5.08118E1 2.1709E-1 2.85199E0 1.39627E0 2.82609E-1 3.11065E0 5.61025E1 1.16583E1 2.85522E-1 1.51851E-1 1.7475E-1 3.01797E-1 3.79758E-1 2.77302E-1 4.23835E0 3.09223E-1 5.90062E-2 3.08623E-2 7.33602E0 7.48169E-2 2.34471E-1 7.11249E-1 7.32778E-1 3.04827E-1 1.8658E0 2.9262E-2 4.01156E-1 1.49795E1 1.78954E1 8.5688E-1 4.90036E-2 6.35853E-1 4.31942E0 6.38877E-1 3.27059E0 4.38747E-2
2.4385E0 3.76602E-1 3.50855E1 1.46284E0 2.35082E1 5.47608E-2 4.75242E1 8.47748E0 6.35899E-1 5.33287E-2 1.40429E-1 5.4663E-2 1.92427E-1 1.08947E-2 2.07759E-3 2.7714E-2 5.19493E-2 9.7525E-1 7.99796E-1 1.88102E0 1.40196E-1 6.43648E-1 7.8618E1 2.84664E1 8.04621E0 6.64465E-1 1.89305E-1 4.16959E-1 2.05486E-1 1.72749E1 1.18573E1 9.91166E0 6.93073E-1 6.50793E-1 5.0927E-2 6.56074E0 5.68605E0 3.96496E0 5.28901E-2 1.43775E0 3.02804E-2 6.77143E0 3.55819E-1 4.84654E0 4.72036E0 1.38184E1 7.83672E-2 3.92764E-1 5.28235E-2 1.30604E1 3.29426E0 1.42633E1 4.44269E0 9.40727E0 8.59062E0 2.94774E0 3.25291E-2 5.3097E-2 7.65425E-1 3.72407E0
5.45204E-2 7.19195E-2 6.3995E0 7.38805E0 6.41783E-1 5.34301E-1 4.93491E1 1.9605E1 8.2639E-1 2.14275E-1 2.2217E-2 8.97799E-3 1.44198E-2 1.94552E-1 4.52279E-3 4.15621E-2 2.66342E0 2.21144E0 1.89882E0 5.91196E-2 6.00389E-2 2.29048E-2 4.47869E0 8.49019E1 4.76558E0 5.70459E0 7.08632E-1 2.89693E-1 3.1163E-1 6.17206E1 5.35475E0 1.38868E1 7.53411E0 1.54894E0 6.32535E0 2.22735E-1 5.86462E-2 2.01877E-1 4.44186E-1 2.45218E-2 5.07975E-2 7.7044E0 5.62626E-1 6.11346E-2 1.58504E0 3.2375E0 1.95417E-1 1.02845E0 5.04553E-2 3.17563E-1 1.5381E1 4.6749E-2 2.18722E-2 2.77676E-2 4.28212E-2 3.92992E-2 4.91401E-1 5.00977E-1 3.00797E-2 2.41636E0
4.09304E-2 2.42681E-1 5.36959E0 2.30204E-1 2.85161E-1 7.25899E-1 5.64334E1 1.90246E0 6.46419E-1 7.82692E-2 2.35438E-2 6.92746E-3 5.9946E-2 1.12682E-1 8.71453E-3 5.27444E-2 7.89161E-1 1.71434E0 2.44675E1 2.29468E1 5.18722E0 4.19575E0 3.29209E1 8.66168E1 1.10965E1 1.76124E1 2.23907E0 8.77941E-1 1.67794E0 1.01893E1 5.1335E0 1.01866E1 5.04201E1 1.54414E0 7.55471E0 7.10293E-2 6.18935E-2 6.63139E-2 4.02255E-2 7.89989E0 7.67584E0 3.11328E-2 2.49276E-2 7.21829E-2 2.90255E0 9.79393E-1 6.42215E-1 3.65098E-2 1.36987E0 4.16316E-1 1.63556E1 3.11327E-1 2.92E-1 1.97612E0 1.02399E0 5.27798E-2 1.99477E-1 2.80484E0 3.50817E0 9.40847E0
5.25202E0 1.44895E0 7.18495E0 4.32837E-1 5.64556E0 3.27815E0 5.40732E1 6.66279E-1 6.5794E-2 2.61635E-2 6.17565E-2 3.07303E-1 8.34586E-1 1.19385E-1 2.16167E-2 1.89516E0 2.42356E-2 2.62426E0 4.51227E-1 3.84731E-1 3.43533E-1 5.88506E-2 4.52729E1 9.77471E1 3.69582E1 4.31552E1 2.73094E0 9.41455E0 5.92955E1 4.80571E0 4.99486E0 4.96727E1 9.61815E-1 9.74929E0 1.21294E0 1.11891E0 5.94431E-1 3.95848E-2 6.00121E-2 7.26242E0 4.21353E-2 6.18129E-2 7.0433E-1 5.94084E-1 6.45003E-2 5.56914E-1 1.88677E0 1.99014E1 4.11523E0 6.88987E0 6.90148E0 1.33027E1 2.58513E0 5.31855E-2 5.76647E-1 7.26681E-1 3.27274E1 3.24648E1 5.06467E-2 9.5683E-1
3.4742E1 4.58707E1 3.81767E-1 6.65492E0 1.25471E0 9.79674E0 1.62349E1 7.42618E-1 3.53315E0 5.20539E-1 5.81434E-2 2.70791E-1 1.86696E1 2.0274E-1 3.13701E-1 2.29851E-1 4.07737E-1 1.58052E-2 4.85356E-1 4.59043E0 1.92822E1 6.12677E-2 4.12972E1 8.45781E1 5.01223E1 1.9211E1 1.5609E1 6.14444E1 1.26689E1 4.77562E1 4.64856E1 4.75495E0 7.6408E0 2.0616E0 2.33919E1 1.02822E0 1.54021E0 1.1292E0 7.13486E0 6.10737E-2 2.02408E0 1.70127E0 4.61886E-1 5.99542E-2 2.78166E0 2.30862E-2 1.6466E0 5.66739E-2 1.06414E0 3.61532E-2 3.21145E0 3.56388E-1 7.03682E1 4.78686E-1 4.08243E1 4.14441E1 5.13613E-1 3.72607E0 2.533E-2 5.5497E-2
3.60829E1 4.49737E1 5.48452E-1 8.15689E-1 5.58024E-2 5.2153E1 2.85834E1 2.90277E1 1.33442E1 2.4186E-1 1.94405E-1 6.65685E-1 7.07148E0 6.6824E0 5.90805E-2 8.76385E-1 4.13345E0 2.3013E-2 1.28209E0 2.0715E-1 6.12389E-2 2.25769E1 2.86073E0 7.92322E1 3.37267E1 2.98651E1 6.2383E1 1.64985E1 3.46495E1 1.0213E0 8.27232E-1 1.31072E1 5.51093E-1 2.0502E1 2.12352E0 2.42309E1 4.59443E0 5.36469E1 7.45898E0 4.4276E-2 4.6512E-2 2.09865E-1 3.79376E-1 6.10479E-2 2.61425E-1 3.04408E-1 3.83261E-2 2.47721E-1 2.59074E-2 2.18713E0 6.38833E-2 4.12976E-2 7.71448E1 3.7222E1 5.2823E-2 4.68145E-1 9.74308E-1 2.45119E-2 5.46788E-2 1.27747E0
4.88795E0 5.06061E1 4.30924E-1 5.47726E-1 2.46913E-1 5.19343E1 3.04309E1 2.19341E1 4.70498E0 2.84811E-2 2.83682E0 1.05027E0 3.02552E0 6.50892E0 1.56025E0 4.51244E-2 1.02952E0 8.29464E-1 3.54089E-2 4.76173E-2 3.6613E0 6.2357E0 4.40531E-2 6.50871E0 8.39923E1 9.02709E1 5.68297E1 5.70773E1 2.61496E1 6.82585E0 7.27378E-1 2.63714E0 2.93527E-1 2.66985E0 5.37937E0 1.72228E1 3.68509E1 5.47424E1 5.9486E0 4.09033E-1 2.52299E-2 2.58929E-2 4.45128E-1 1.9564E-1 7.04616E-1 8.97787E-1 7.90148E-1 2.17649E0 1.53142E0 3.19039E-1 5.47015E-2 8.32614E-1 7.20677E1 3.42322E-2 6.41832E-2 4.36072E-1 5.52433E-1 5.80013E-2 3.81497E-1 1.29144E1
4.75737E1 5.61055E1 2.63143E0 3.50186E-1 2.6979E0 1.09789E1 6.11997E1 1.13875E1 1.75772E0 6.97048E-1 5.88319E-1 7.61838E-1 1.89741E-1 9.36221E0 1.63347E0 5.68665E0 3.84377E0 4.12124E-1 5.33702E-2 2.98697E-1 2.75005E0 5.39523E-2 4.05377E-2 2.69621E-2 7.07372E0 9.52876E1 2.23419E1 3.76894E1 4.31589E1 2.55691E1 3.19571E1 1.63333E1 1.04153E0 1.05611E1 1.29976E0 3.08967E1 6.08043E1 2.40227E1 1.41371E1 2.36262E-1 1.94993E1 1.45121E0 5.39228E-2 5.76633E-2 1.93635E0 5.81602E-1 5.35794E-2 9.50209E-1 3.31374E-1 3.24847E-1 1.80431E-1 1.39042E1 6.5823E0 3.16048E0 3.70921E0 4.20316E0 2.55151E0 5.7202E-1 1.75174E1 2.19489E-1
4.4477E1 4.12335E1 4.32917E1 6.0539E1 6.04648E1 3.72918E1 3.10589E1 5.05021E1 1.1076E0 6.91417E-1 7.65268E0 6.22538E-2 2.61686E1 2.0495E0 6.10699E-2 3.97657E-2 4.08658E0 2.52672E-1 3.29935E0 7.94885E0 1.90604E-1 5.6799E-1 5.40729E-2 4.8011E-2 6.04147E0 3.78467E1 8.08513E1 6.16436E1 1.39198E1 1.11581E1 4.22201E0 1.45952E0 8.3315E-1 5.12593E0 2.2502E0 3.94916E1 5.41358E0 1.62354E0 2.93391E1 2.11998E1 1.92243E-1 1.68856E1 2.88758E0 1.73795E1 4.09379E0 6.20142E-1 3.31434E-2 1.94177E0 5.04283E-1 3.73387E-1 4.39768E-1 7.17119E1 3.20433E0 5.44622E-1 2.72386E0 6.21825E-1 8.48296E0 9.03503E0 5.35955E-2 2.79741E-2
1.39189E1 7.07376E1 9.97208E0 4.92819E-1 2.96949E-1 9.37942E-1 2.13374E-2 2.6695E-2 4.59008E1 4.37377E1 3.98216E-1 7.85067E0 4.64649E-1 4.34623E-2 1.04405E0 5.15175E-2 2.96628E-1 5.05298E-2 1.30351E1 6.72721E-1 5.44637E-2 2.30472E0 2.1342E1 5.55629E0 1.00909E1 3.84111E-2 4.67171E0 7.7106E1 4.96007E1 6.82943E0 2.04442E0 4.76388E-1 9.50434E0 1.11486E1 5.4779E1 6.56645E-1 1.12069E0 9.97774E0 4.15272E1 5.34571E-1 5.18525E0 4.47829E0 6.58741E0 1.95979E-1 3.4743E-2 8.25067E-1 2.22096E-2 2.04523E0 6.70316E-1 6.44497E-2 1.06341E1 7.17315E1 6.32505E-2 5.2311E-1 7.47538E0 7.88859E0 3.4397E-1 3.13004E0 5.8534E0 5.53146E0
6.92786E1 4.91845E1 6.96325E0 3.53216E-2 4.41954E-2 4.56716E-2 9.17072E-1 5.0911E-2 9.80144E-1 8.29994E0 1.37216E1 1.03398E1 2.59062E-1 6.15381E-2 6.0363E-2 4.65652E-1 5.14848E-1 5.31798E-1 9.90504E-1 2.70176E-1 1.68123E0 6.65802E-1 4.90904E-2 6.54331E-1 4.10589E0 3.10598E-1 4.90164E-2 5.05638E-1 8.2057E1 3.36005E1 4.55464E-1 3.54317E0 1.81647E0 2.56206E1 5.46593E1 9.22412E0 7.15454E0 4.81115E1 5.741E-1 2.75388E-1 1.0373E0 3.14375E-1 4.43712E-1 4.37611E0 3.2721E-2 5.84309E-2 2.24644E-2 2.72235E-2 4.41626E0 1.95694E-1 7.35725E1 3.60223E1 3.17275E0 4.48074E1 5.98518E-1 3.77028E-2 6.07876E-2 5.60969E-1 3.71057E-2 4.87908E-1
3.50293E1 6.18994E0 2.85127E1 2.289E0 4.13778E-2 3.43229E0 7.23199E0 1.57689E0 3.36697E-1 1.87862E-2 2.85107E0 3.41669E1 3.12899E-1 4.17381E-2 6.71555E-2 6.22878E-2 3.84843E-2 2.97212E-2 4.21622E0 7.76957E-1 3.54418E-1 6.25529E0 5.30222E0 2.43555E-1 2.97687E1 4.10454E-1 4.60284E-2 3.77984E-1 8.15165E1 4.42261E1 2.37293E1 4.03491E0 7.97887E0 6.01972E1 1.0515E1 8.7987E0 5.38163E0 3.74843E1 5.12534E-2 6.40545E0 2.82949E0 1.59014E0 3.54934E1 4.26514E-2 4.06056E-2 5.60816E-2 2.21738E-2 3.99975E-1 7.292E0 2.36944E1 9.9639E0 4.03839E-1 3.38632E1 8.79056E0 3.79149E-2 5.44733E-1 4.41158E-1 7.968E-2 1.56132E0 6.96984E-1
3.43142E1 7.40646E0 2.14346E-1 4.47035E-2 1.91931E0 4.68577E-2 6.04387E-1 1.07278E0 5.33143E-1 5.22748E-2 2.17431E-2 2.21398E1 5.28373E-1 4.3464E-1 6.24012E-1 3.37896E-2 4.08658E-2 2.44491E0 5.86153E-1 6.10811E-2 5.6511E-2 2.54105E0 4.88587E0 4.95307E0 2.72511E0 5.73356E-2 3.97107E0 1.17108E1 2.59168E1 6.26074E1 8.56309E0 5.78352E0 2.13195E1 5.65242E1 1.34455E1 1.39125E1 4.77444E1 1.55941E0 3.57924E0 5.27625E-2 4.10201E-1 8.40219E-1 3.6846E1 3.84369E-2 2.35923E-2 7.50231E-1 3.9363E0 7.47631E0 2.3299E1 1.587E-2 5.77169E-2 1.77544E-1 2.63505E-1 5.24036E1 3.98194E0 4.34067E-1 6.63299E0 2.5759E-1 4.12716E-1 3.2527E-1
2.75477E-1 2.18853E0 1.63279E-2 3.54576E-2 1.02644E0 2.7492E-2 2.08846E-1 2.99663E0 5.90696E-1 4.51031E0 4.40507E-2 1.92587E0 5.44647E-1 6.38416E-1 1.87211E0 3.33857E-2 4.78264E-2 3.83877E0 1.20036E0 1.5262E0 2.85316E0 5.88195E-1 2.27078E-1 5.80499E-1 8.76746E0 6.42618E0 5.65885E0 9.64653E0 6.88705E1 1.05375E0 5.99539E1 1.22915E1 5.77969E1 1.36229E1 1.22107E1 5.71625E1 4.14047E0 1.12814E0 3.22452E0 3.68489E0 3.40779E-1 9.10899E0 1.67434E1 1.62836E1 1.90987E1 1.6494E1 7.28882E1 6.97653E1 5.91428E-1 6.09417E-2 5.30323E-2 5.3128E-2 5.74745E-2 2.23641E-1 4.72373E1 5.24657E1 1.33783E0 3.34756E0 6.54818E0 2.91065E1
8.56762E0 2.62994E0 5.36851E-2 5.50476E-2 1.13361E0 5.31117E-2 1.0602E0 4.57582E0 1.25804E0 9.74591E-1 5.31615E-2 8.31109E-1 2.34644E0 1.35234E1 2.42716E0 5.58861E0 5.37608E-1 4.40573E0 7.28415E-1 5.32446E-1 6.30407E-2 5.77979E0 5.98631E-2 5.14644E-2 2.01293E0 2.69454E0 6.86597E1 2.06302E1 6.9482E-1 3.5275E0 1.29873E1 6.06839E1 1.99909E0 5.54681E1 4.76722E1 4.24919E0 1.02514E1 9.82523E0 8.36981E0 1.713E1 1.68341E1 7.96987E1 8.28771E0 5.36993E-2 3.89767E-2 1.92863E-1 7.95704E-1 1.19234E0 2.15357E-1 1.93622E-1 6.13084E-1 3.94975E-1 2.78431E0 5.27996E0 2.71829E-2 5.5347E-2 7.917E0 6.5704E0 2.57473E0 1.05019E1
3.12161E0 2.07129E0 5.19421E-2 3.11364E-2 3.22773E-1 2.09315E0 3.68029E0 3.64492E-1 3.09055E-2 8.03123E0 9.86832E0 2.49097E0 5.91773E-1 1.26143E0 3.29653E-1 4.76972E-1 5.3157E0 8.06886E0 5.02577E-1 3.08962E-1 5.42131E-1 3.89369E-1 8.86742E0 4.06943E-1 2.98122E0 6.90279E1 1.30462E1 1.07205E0 3.01275E0 9.07778E0 4.8109E0 2.79828E1 1.5512E1 1.8512E0 8.35215E0 7.97887E0 1.46343E0 4.49301E0 1.70435E0 3.53067E1 2.13949E1 8.26474E1 1.12232E1 7.22881E-1 5.38821E-2 3.17293E-1 3.62673E-2 2.632E0 9.56291E0 2.91974E-1 5.89819E-1 2.57833E-1 5.56112E-1 1.65533E0 6.08966E-2 5.18446E-2 3.08972E0 1.25446E-2 1.97632E-2 4.67034E-1
5.9954E-1 2.88106E0 6.1328E-2 1.28067E-2 4.11272E-1 5.84063E-2 3.91463E-1 5.54345E-2 3.40866E-2 3.16172E-1 4.32032E0 5.38779E0 3.10534E-1 2.64973E-1 4.70328E0 5.42636E-1 5.38554E-1 5.24517E0 8.24091E0 7.80359E0 4.87012E1 4.58789E1 4.23269E0 7.73119E0 8.38467E0 8.49348E1 4.16771E1 1.13572E1 3.9064E0 6.51991E0 6.43014E0 3.8101E1 3.16681E0 1.94897E0 1.58505E1 1.46066E1 4.18969E0 2.74455E-1 1.83954E1 1.92165E1 4.9559E1 2.32143E1 7.09201E1 5.19162E-2 5.13593E-2 5.00344E-1 6.72031E-1 3.26116E-1 3.27208E-1 3.2938E-1 2.76448E-1 5.35259E-2 2.32581E-2 1.39794E0 6.17828E-2 1.43001E0 1.38676E0 3.08709E0 2.2868E-2 5.37847E-2
4.3576E-1 3.28444E0 5.79931E0 5.28198E-2 1.96442E-1 3.17857E-2 1.15193E0 2.99149E-1 2.12683E-1 5.56547E-2 5.04896E0 3.25663E0 7.45223E-1 6.00214E-1 4.63898E-1 1.05786E0 2.39533E-1 2.7441E-1 6.93716E-1 3.43945E0 5.14062E-2 6.3128E-2 4.26891E-1 4.54305E-2 4.94451E-1 8.39301E1 1.80409E1 2.11732E1 1.36279E1 7.41416E0 1.77419E0 3.22586E1 3.26791E0 1.68236E1 6.46198E0 4.49903E1 6.538E-1 3.35142E0 3.32394E1 2.93391E1 2.22257E1 7.62074E0 1.39973E1 5.66221E-2 1.51678E0 2.70045E-1 1.9251E-1 3.01084E0 5.05214E0 5.01335E-2 1.04088E0 6.51122E-2 5.87751E-2 1.68171E0 1.99644E-1 5.68027E0 7.11723E-1 1.86776E-1 5.69059E-2 5.30095E-2
