landuse_ti_only_rm1_NOFCS/flood.asc
ncols         319
nrows         495
xllcorner     219017.22331753
yllcorner     4610852.5305323
cellsize      500.0
NODATA_value  -9999
[rows 81 to 107 of 495, columns 60 to 119 of 319]
1.59303E0 4.00535E-1 4.3536E-1 8.5975E0 5.96255E0 1.59896E0 7.57579E-1 5.47273E-2 1.24528E0 3.87533E-1 5.39567E-2 3.61049E-2 4.04114E-1 3.80832E-1 1.73319E-1 8.39834E-3 5.01442E-1 3.1311E-1 1.76062E-2 1.4592E0 1.59291E0 1.35941E-1 1.26694E-1 1.9323E-2 5.07942E-2 1.22152E1 5.96102E1 8.4467E-1 4.13421E-2 5.3945E-2 8.33241E-1 1.9272E-1 6.55613E-1 4.02131E0 5.4824E1 8.39855E-1 3.68097E-1 4.59321E1 1.14335E0 5.10963E-2 4.15769E0 6.49381E-1 4.15175E-1 6.46474E0 1.50709E1 5.60291E1 3.92361E-1 2.69494E0 4.75956E1 8.75445E0 4.04355E1 8.80398E1 4.78221E1 1.70179E1 6.97211E1 5.37478E1 4.89382E1 4.53783E1 7.02628E0 6.19399E-1
2.80306E0 5.23672E-1 7.21382E0 8.69813E-1 2.82853E-2 5.58236E0 5.64623E0 8.67817E0 9.90639E-1 2.47533E-2 3.65463E-3 3.71689E-2 1.94715E-2 5.37864E-2 1.02386E-2 6.0571E-2 2.4079E0 5.48087E-2 1.24202E-1 1.5345E-2 3.01112E0 1.34782E-1 3.10439E-1 4.34347E-2 1.17147E0 5.65111E1 5.56796E-1 6.69181E-1 5.53659E-1 3.2936E-1 5.48979E-2 1.94951E-1 6.07623E1 5.3684E1 3.09341E-1 1.24852E0 7.47659E-1 4.0954E1 7.08192E-2 1.06273E0 2.83571E0 4.37254E1 9.22417E0 5.03391E1 4.61925E1 2.74525E-1 1.18271E0 4.23067E1 2.66947E0 3.14953E0 1.31475E1 9.48887E0 9.093E1 5.10091E1 3.56015E1 2.09184E1 2.45486E1 1.23512E1 1.55446E1 9.10285E-1
9.77761E0 7.69038E0 4.0416E0 2.67397E-2 5.26813E-2 4.44438E-2 3.27649E-2 2.38457E-2 6.19297E-2 2.71374E-1 5.04061E-2 5.98461E-1 9.19418E-3 3.77655E-2 6.10844E-2 5.2362E-2 3.57546E0 3.42082E-2 1.16849E-1 5.18706E-1 1.23894E1 3.28718E1 3.30163E1 6.27556E1 5.60049E1 1.72004E-2 1.68044E-2 5.32301E-2 3.06481E-1 2.48799E0 9.23563E0 5.6734E1 1.59915E1 7.00099E-1 1.74359E0 1.02692E1 9.03923E0 2.51438E0 2.08323E-1 5.83844E-1 1.03884E1 5.04071E0 7.22994E-1 4.85761E-2 6.10737E-2 6.0227E-1 7.93547E0 3.70231E-2 2.47187E-2 1.91292E-1 5.42368E-1 2.00123E1 7.64492E1 4.68921E1 1.93657E1 3.00839E1 4.16583E1 6.41504E0 1.73099E0 3.60072E-1
7.08144E0 8.05306E0 2.70468E0 5.31208E-1 4.1063E-2 2.97875E-2 6.1633E-2 5.37393E-2 5.1782E-2 9.42613E-1 5.85811E-2 1.57104E0 1.28477E-2 3.60177E-2 9.63943E-3 5.44451E0 4.43359E-2 2.59183E0 1.56208E-1 1.59921E1 3.9926E-2 2.44526E-2 2.5225E0 1.67865E-2 3.22615E-1 2.44457E-1 5.33598E-2 1.86204E-2 3.37445E-1 5.1903E1 5.38664E-2 2.66249E1 1.97495E-1 1.44169E0 1.07495E0 3.92061E0 6.26796E0 2.65693E1 1.30097E1 4.76532E1 1.04154E0 3.08691E-2 3.85169E-2 2.14521E-1 4.46634E-1 8.59101E0 5.31148E-2 1.11114E0 7.51552E-2 1.90193E-1 1.57197E0 5.15136E-2 1.12864E1 7.59978E1 3.454E1 2.70242E1 1.39445E1 3.40129E1 9.31661E0 7.51902E0
8.20812E-2 7.38696E-1 1.00985E1 9.77045E-1 5.75876E-2 9.16341E-1 2.84708E-2 8.07137E-1 3.74154E-2 5.22025E-1 2.98452E0 5.23986E-2 2.17937E-2 5.57842E-2 1.04517E-2 1.69346E-2 6.19338E0 1.01912E1 2.706E1 4.60886E0 5.16225E-2 5.27595E-2 1.73423E0 7.81402E-3 5.36423E-2 5.65699E-2 5.41367E-2 1.09153E-2 9.36348E0 1.89787E-2 2.0766E-2 2.32516E0 4.23226E-1 4.77801E-1 1.90834E-1 1.78316E0 2.37516E1 4.40314E0 2.74021E0 4.79941E1 5.46881E-1 4.35511E-1 3.17707E-1 5.05478E-2 8.26326E0 5.33266E-2 1.69346E-2 5.75769E-2 3.80928E-2 6.27601E-1 3.05917E-2 3.00391E-1 7.37207E-1 3.1887E0 8.20274E1 3.76823E1 3.55098E1 1.06855E0 4.2897E0 7.39746E-1
9.22497E-1 7.97973E-2 7.21525E-1 7.70172E0 5.3227E0 5.10575E0 1.99085E0 6.20045E-2 3.49474E-2 4.98503E-1 5.10309E-2 3.63438E0 3.88227E-2 5.11293E-1 1.40849E-2 8.17233E-1 2.89187E1 1.84878E-2 1.15833E-2 4.20357E0 5.88839E-2 1.8319E0 5.20053E-2 1.09101E-2 3.70407E-2 2.39255E-2 1.49144E-2 8.73705E0 1.95631E-1 1.21111E-2 2.15803E-2 1.70568E0 5.0137E-2 5.10652E-2 5.00755E0 5.1595E-1 3.44581E0 5.78333E0 1.02203E1 1.93379E-1 1.86749E1 2.59339E0 2.29733E1 6.64117E0 6.60681E-1 9.53703E-1 1.65922E-2 4.36528E-2 4.64348E-2 2.81429E-2 2.5235E-2 1.9085E-1 2.18752E-1 7.4549E-1 7.3674E1 2.53703E1 1.3484E1 2.21775E1 6.80217E-1 1.91763E0
3.81694E-1 6.1616E-1 6.21937E0 2.16986E0 2.58287E-1 3.59469E-2 1.3104E0 2.39954E-1 4.70274E-2 5.14512E-2 5.69945E-1 6.62637E0 5.86515E-2 6.08052E-2 9.93675E0 1.02151E1 9.19657E-3 1.71823E-2 2.55311E-2 5.03448E0 2.68828E-2 9.328E-1 1.36541E-2 6.16368E-2 8.69971E-3 4.69597E-2 1.34795E1 2.39278E0 5.13284E-2 2.28383E-2 4.29133E-2 3.67707E-2 1.69525E0 2.45369E-1 6.04621E-2 3.53461E-1 2.9959E0 9.48273E0 3.40333E1 6.1398E-1 2.49284E0 3.1328E1 9.65097E-1 4.08834E-1 5.81256E-1 3.00064E-1 5.41556E-1 8.73342E-1 5.8868E-1 2.3417E-1 4.0727E-1 5.00718E-2 2.9592E-2 6.18435E-2 2.24868E0 6.8061E1 2.92495E1 1.0149E1 8.06943E-1 4.68144E0
4.3128E-1 1.75049E0 5.7623E0 8.79927E-1 8.41502E-3 4.30344E-2 2.48214E-2 1.94875E-2 9.86277E-1 2.87522E-2 4.28008E-1 7.70305E-1 8.32224E0 1.18909E1 5.46542E-2 1.57189E0 6.15327E-2 1.99628E-1 3.38715E-2 4.5556E0 1.41841E-2 4.96134E-1 3.17669E-2 7.11866E-1 3.19521E-2 1.00072E1 2.34697E0 5.79339E-1 1.11856E-2 2.84165E-2 3.36921E-2 9.97827E-1 6.0839E-2 5.42414E-2 4.12946E-1 1.19731E0 4.58541E1 9.47536E0 5.78482E-1 3.77649E1 3.26801E0 4.55403E0 4.70002E-2 3.6439E-1 6.40699E-1 2.95492E-1 5.35861E-2 7.85557E-1 4.7296E0 4.46068E-2 3.60353E-1 4.47615E-2 3.63586E-2 3.91418E0 1.52328E0 7.52776E1 3.38309E1 3.10942E0 9.89239E0 6.92412E0
7.00384E-1 3.7505E-1 1.91752E-1 7.02729E0 4.35913E-1 2.62778E-1 2.89513E-1 5.70987E-2 5.21301E-2 4.78555E-2 6.64568E-1 4.97094E-1 1.13477E0 9.67697E0 3.33985E-2 5.54993E-2 1.81112E0 2.16369E0 4.78845E-1 2.16852E0 1.54647E-2 4.34637E-2 6.03698E-2 6.2374E-2 4.38322E-3 6.27155E0 1.05911E0 5.77561E-2 1.96962E-1 1.63319E-2 1.5707E-2 3.39868E-2 3.93584E-2 3.39517E-2 4.60523E0 6.7874E0 5.75167E-2 3.84952E-1 3.95975E0 6.54293E0 5.757E-1 5.52728E-2 4.08658E0 2.2534E0 2.95532E0 3.6015E0 1.94007E-1 4.11695E0 5.02361E-2 1.35829E0 4.18154E0 4.47845E0 4.25202E0 5.58704E0 2.97046E0 1.02856E1 8.22581E1 6.65846E0 2.92501E-1 8.68037E-1
1.7681E0 1.77483E-1 4.55492E-1 4.72851E0 1.71654E-1 3.68389E-2 4.04534E-1 6.4572E-1 3.91111E-1 4.07745E-2 8.80405E-1 1.83446E0 1.00191E1 3.18882E0 1.92303E-1 5.84851E-2 5.88663E-2 6.14522E-1 2.53411E-2 1.02222E0 6.18683E-2 4.59328E-1 6.25069E-2 1.79244E-2 2.11882E-1 5.71004E0 7.87074E-3 5.72393E-1 1.02058E-2 3.92099E-1 2.17879E-2 1.03643E-2 1.31223E0 4.78621E0 3.64768E-1 1.18953E0 4.94354E-2 3.06025E-1 3.58076E-1 7.82952E0 5.50175E-2 6.19835E0 5.7659E-2 5.38804E-1 1.3115E1 1.72114E-1 4.71049E0 7.64346E-2 8.1247E-2 2.2534E-2 5.05804E-2 5.37259E-2 5.86477E-2 1.96558E-1 5.56939E0 5.6024E0 8.27631E1 3.26358E0 2.78089E0 2.95532E0
6.77282E0 3.80497E-1 5.35783E-2 2.74511E-1 4.64989E0 5.82333E-2 1.31307E0 1.52685E0 4.13383E0 4.65641E0 5.3872E0 2.21305E1 6.25853E1 2.27109E0 5.02472E-1 3.03866E-1 4.50113E-2 1.93182E-1 2.44635E-2 5.73974E-2 4.04057E-2 3.42646E-1 2.16655E-1 3.48724E0 8.12805E0 5.04811E-2 1.27214E-2 2.12308E-1 6.18431E-2 5.65722E-2 2.10606E-2 7.60508E-1 8.85918E-1 6.00128E-2 1.99569E-2 5.3431E-2 1.36742E0 2.06609E-1 2.05327E1 7.94812E0 9.89455E-1 4.57841E-2 8.99139E-1 1.97247E-1 2.34967E1 7.63695E0 2.23242E-1 2.64301E-2 1.90646E-1 6.04311E-2 6.34295E-1 9.44826E-1 4.75614E-1 7.37375E0 3.78931E1 8.20001E1 8.27644E1 6.16286E1 6.22836E1 5.83264E1
4.19455E-1 6.61074E0 2.3826E-1 3.98804E-1 2.30626E0 2.79889E0 1.89828E0 1.97039E-1 4.80777E-2 5.17742E-2 1.10974E0 4.81762E-1 1.71139E1 1.75896E0 7.68253E-1 5.47141E-1 6.22752E-2 3.01108E-2 2.40744E-1 2.57327E-1 1.90835E-1 2.43575E0 2.37231E0 2.51729E0 1.06692E0 1.23272E-2 4.79831E-2 5.18463E-2 2.85175E-1 8.08853E-1 2.22394E-1 2.12601E-1 4.4749E-2 5.16416E-2 6.14461E-2 7.06463E-1 1.45942E0 2.22224E0 4.34356E0 8.78103E-1 5.00934E-2 4.41252E0 1.0208E0 5.10952E-2 3.31263E0 1.50314E1 3.19535E-2 2.06152E-2 1.80817E-1 3.39338E-2 3.90387E-2 3.74056E-1 2.60086E0 3.28567E0 7.52527E1 1.94121E1 9.72859E0 3.71196E0 4.69495E0 1.0884E1
1.58029E-2 7.56164E0 2.21808E-1 5.869E-2 3.7495E-1 1.29866E0 3.27053E-2 5.95841E-2 5.8841E-2 5.84006E-2 6.07067E-2 6.32229E-1 5.9497E1 9.22434E-1 2.17345E-2 2.4149E-2 2.64141E-2 3.53951E-2 5.18807E-2 9.77287E-1 3.47229E0 4.55431E-2 1.10154E-2 1.7971E0 3.83406E-2 8.09002E-1 5.49512E-2 1.917E-1 3.49532E-2 2.4515E-2 9.10732E-1 3.84854E-2 5.22748E-2 1.96076E-1 1.92361E-1 4.53741E-2 1.98958E-1 5.1267E-2 3.0034E-1 2.44828E-2 3.23423E-2 5.12577E1 1.06581E1 9.50052E0 5.04675E1 1.08647E1 4.80109E-2 5.10138E-1 3.47744E-2 3.34727E-2 2.76971E0 5.39276E-1 3.17044E-1 2.50976E-1 7.57528E1 1.69274E1 1.46189E1 4.5787E0 5.28583E-1 2.91019E-1
1.91939E-1 1.99179E0 2.25328E0 5.23929E-1 1.99326E-1 4.22905E-1 1.98733E-1 6.69777E-1 3.52745E-2 9.27166E-1 1.17046E1 9.61128E0 1.30365E1 1.42626E1 8.30055E-1 5.69034E-2 1.32046E-2 6.59683E-1 2.1037E-2 7.42471E-1 2.18779E0 4.89197E-2 2.68309E-2 2.48516E0 1.4227E0 2.67639E-1 6.15842E-2 8.83421E-3 3.99631E-2 4.27135E-2 3.55112E0 5.28769E-2 5.25169E-2 5.83092E-2 2.15757E-2 5.6868E-2 8.08235E-1 1.79905E-2 5.43909E-1 8.62373E0 8.43095E0 8.57115E0 3.21215E-2 2.52583E0 2.9535E-2 4.80361E-1 5.26328E1 2.41696E0 5.27255E-2 3.28003E-2 3.60163E-1 9.48733E0 3.06516E0 1.0883E1 4.05417E1 8.41088E1 7.90866E0 4.94488E-2 2.86599E-1 1.70612E0
4.3545E-2 8.64984E-1 1.30949E0 1.9711E-2 5.90146E-2 9.61147E-1 1.97854E-1 2.6786E-1 3.89648E-2 7.62465E-1 9.82412E0 5.0918E-2 3.91411E-1 5.62976E-1 1.34691E1 3.69109E-2 1.31038E0 2.05568E-2 3.49729E-1 4.7359E-2 6.20811E-1 5.30324E-2 5.52869E-2 4.9118E-2 1.74366E0 5.83782E-2 5.6635E-2 3.30784E0 3.93531E0 5.89045E0 2.29612E1 8.42454E0 7.3569E0 3.48196E-2 1.91835E-1 3.14794E-1 8.19984E0 9.70249E0 8.65683E0 2.83383E-1 2.52726E-1 3.86462E-2 6.44464E-2 4.18904E-1 5.1338E-2 4.88022E-1 5.17836E1 1.03648E1 5.64397E-1 9.73191E-1 4.62709E0 1.71504E1 2.69094E1 3.12486E1 1.22126E1 8.84457E1 1.21892E1 3.34721E-1 4.82127E-1 3.66866E-1
2.1546E-2 3.5402E-1 6.53189E-1 5.31826E-2 1.42217E0 3.37108E-1 1.91719E1 6.35406E0 6.53919E0 9.35412E0 1.69528E0 3.45331E-2 1.99842E-1 3.97443E-2 1.49137E1 2.72484E0 5.4794E-2 1.18425E0 2.93555E-1 5.96133E-2 6.09634E-2 2.34016E-1 1.06233E0 9.93901E-1 6.15973E-2 2.42846E-2 5.67174E-2 2.01842E0 2.06418E-1 1.93911E-2 6.11045E-1 7.098E0 4.66765E-2 7.69474E0 8.93219E0 9.47868E0 3.72025E0 6.81666E-1 7.86524E-2 3.68E-2 8.46164E-1 9.62528E-1 6.19887E-1 6.71072E-1 2.06018E-1 4.22534E-2 1.9762E-1 8.75386E-1 5.76561E1 2.85172E1 6.89604E0 1.16934E1 9.4603E0 1.61399E1 9.76253E0 8.63644E1 1.43096E1 3.62444E-1 4.95789E-1 4.13448E1
3.79901E-1 5.83078E-2 5.74969E-2 2.37846E-2 2.40178E-1 2.21797E1 2.65799E0 5.29899E-2 6.07648E-2 6.80442E0 2.54693E-1 4.52874E-2 2.94794E-1 1.28648E0 1.2097E1 1.08628E0 2.46036E0 3.80517E-1 5.15754E-2 2.01649E-2 5.12655E-2 3.24306E-2 5.73048E-2 9.37242E-1 2.37441E-1 1.9943E-1 6.94058E-1 5.71402E-2 1.40208E-2 4.89247E-1 2.92257E-2 3.97952E-1 1.5679E-2 2.18808E-2 3.10688E-2 4.79173E-2 5.50022E-2 3.58211E-1 5.4952E-1 1.15409E0 5.41808E-2 7.569E-1 2.19617E-2 4.03362E0 5.58287E0 3.39281E0 1.45999E1 2.36426E1 5.76954E-1 3.53221E0 1.0793E1 4.72593E0 1.41024E1 3.2421E0 2.49094E1 8.75066E1 1.67941E1 5.19818E-1 5.21991E-1 4.42853E1
3.72455E-2 1.9171E-1 6.03075E-2 2.0428E-2 8.77066E-1 4.47784E0 3.20538E-1 4.70863E-2 7.11157E0 7.76056E-1 2.88995E-2 5.85186E-2 3.92271E-1 3.38408E-2 5.37681E-2 8.82138E0 1.70712E0 3.77901E-1 6.52408E-2 3.61792E-2 6.84805E-1 4.7215E-1 1.41168E-2 2.07604E-2 2.31406E-2 7.51656E-1 5.09723E-2 2.40444E-2 2.47463E-2 3.96371E-2 5.43778E-2 3.80223E-2 2.15846E-2 4.3516E-2 6.0133E-2 2.03157E-1 5.65822E-2 3.33802E-1 3.14467E-1 2.87744E-2 5.41256E-2 1.44343E0 9.20167E-1 3.39866E-1 5.07336E-1 2.54806E0 2.91568E-1 3.28718E0 8.17439E0 1.49053E1 3.26059E1 1.28111E1 4.76868E0 3.70859E0 5.59683E1 8.67279E1 3.1466E1 8.109E-1 4.86338E-1 8.1178E0
1.33072E-2 3.07313E-2 1.16741E0 2.77982E-2 1.75797E-2 1.0066E0 2.02253E0 4.40587E-1 8.2065E0 3.08995E-2 2.82442E-1 1.62671E0 8.81636E-1 3.99836E-2 9.75073E-1 1.40282E0 6.1623E0 4.05655E-1 6.7528E-2 5.42131E-2 3.05939E-1 2.20022E0 1.40803E-2 8.82241E-3 4.23252E-1 9.36991E-3 3.73314E-2 5.60025E-1 1.72928E-2 5.01368E-2 5.2355E-1 4.31753E-2 4.05374E-2 4.75932E-1 3.32703E-1 5.89955E-2 1.92125E-1 6.98889E-1 5.81497E-2 3.76698E-2 8.13501E-1 2.23189E0 1.65307E0 5.35933E-2 4.35131E-1 6.86259E-1 3.26017E0 5.6846E-2 5.41537E-1 1.04643E0 3.36532E-1 3.68038E0 5.04184E1 5.28342E1 3.0251E0 8.34127E1 5.68267E1 4.92161E1 4.96959E1 1.57728E1
2.54403E-1 4.16607E-2 2.12482E-2 8.39096E-1 2.73369E-2 2.55785E-1 1.7157E-1 5.40917E-2 5.50196E0 4.93687E-2 5.27891E-2 5.08187E-1 2.08803E-1 4.78758E-1 3.1065E-2 4.21825E-2 7.17395E0 1.45603E0 1.6855E-2 1.94178E-2 2.37188E-1 1.71518E0 5.77188E-2 8.85729E-3 1.13137E0 5.09637E-2 5.09904E-2 2.53904E-2 4.36499E-3 6.71878E-1 2.2224E-2 4.7832E-2 4.43415E-2 5.23545E-1 2.34652E0 9.46971E-1 6.60623E-1 4.79109E0 6.1679E-1 3.86764E-2 1.57719E1 6.36754E1 2.62014E0 3.30758E-2 5.30052E-2 1.42134E0 3.0659E-1 1.04903E1 4.1711E0 6.49312E0 6.92118E-1 5.75575E-2 4.27804E-2 4.96673E-2 5.92079E-2 8.1872E1 1.69065E1 1.06096E1 4.52181E0 8.78855E0
1.17497E0 4.84772E-2 1.96388E-1 4.41877E-2 5.81398E-1 2.32047E0 2.88671E-1 1.64705E-2 3.36235E-1 6.4414E0 4.93764E0 3.46687E0 2.87306E-1 8.16489E-1 3.54418E-1 3.3277E-1 3.38505E0 4.55757E-2 5.23366E-1 2.19072E-2 2.22145E-1 5.3459E-2 3.98437E0 2.00501E-1 1.85041E0 3.41806E-1 1.74436E-2 5.21222E-2 5.82994E-2 1.16406E0 7.25403E-3 1.78575E-2 1.64106E-2 5.97989E-3 5.85585E-2 5.8547E0 1.74211E1 4.45913E0 1.26732E1 1.15531E1 5.55043E1 2.62937E0 6.25656E1 1.21872E0 5.73209E-2 1.74075E0 3.68162E-1 2.59083E-1 2.18445E1 4.58976E0 3.36152E0 6.2252E-2 6.19203E-1 5.99836E-2 5.59813E-1 8.09065E1 3.94367E1 1.03559E1 4.54581E0 1.37868E1
1.92186E0 7.93426E-1 1.16047E-2 1.33495E-3 2.24751E-2 3.05618E-2 6.12544E-2 2.62273E-2 8.8071E-1 3.48237E-1 3.84433E-1 1.27461E0 4.24389E-1 1.62388E-1 2.19385E-2 2.08552E-1 1.29828E0 5.03675E-1 5.00391E-2 4.40433E-2 3.44761E-1 6.24972E-2 3.0648E-2 1.87916E1 3.75111E0 6.56609E-2 1.39513E-2 4.17397E-2 4.35357E-3 1.96605E0 2.10117E-1 5.20212E-3 3.34485E-3 3.27438E-2 1.97334E-2 5.68347E-1 6.50206E1 5.72916E1 1.02712E1 2.28248E-2 6.23198E-2 3.23443E-2 5.05542E-2 6.31545E1 4.43178E0 8.56304E-1 4.13363E-1 3.45266E0 1.58491E0 4.29505E1 6.72854E-1 5.39086E-2 6.22291E-2 6.53863E-1 1.64787E0 8.27709E1 3.76311E1 2.36932E1 1.79605E1 5.46924E0
4.17292E-1 3.91674E-2 4.71675E-3 2.52837E-2 6.67823E-1 1.40222E-2 2.04305E0 3.61004E-2 1.15441E0 2.81701E-1 5.53002E-2 3.84663E-2 4.21092E-2 1.84292E-2 8.29099E-1 5.79813E-3 5.27266E-2 4.17994E-2 3.11262E-2 2.51143E-1 5.02561E-2 4.99299E-1 2.55083E-2 5.16146E-2 7.28427E0 5.35616E-2 2.65649E-2 1.66708E-2 4.30705E-2 4.19922E-2 2.63667E0 9.25804E-3 2.17348E0 9.51976E0 2.97417E1 6.08623E1 2.82859E1 4.33092E-1 4.00013E-1 2.18999E-2 5.72135E-2 4.83248E-2 1.97352E0 3.27342E0 6.82118E1 3.43964E0 6.2159E-1 1.12233E1 1.24153E0 4.28617E1 3.75736E0 5.47764E0 2.62694E0 2.10907E-1 1.11553E1 8.15455E1 2.05342E1 1.0458E1 5.90323E0 7.25788E-1
5.25433E-2 3.81778E-2 3.88218E-1 2.20081E0 5.15285E-2 1.69807E-2 2.62224E-1 8.08027E-1 1.52821E-1 4.80971E-1 8.18156E-2 8.16207E-2 2.21114E-1 3.19114E-2 1.50243E0 3.99772E-1 5.27984E-2 4.36321E-1 8.9217E-1 5.93405E-2 6.85872E-1 5.0892E-2 5.98095E-2 6.79423E-3 6.2206E-2 6.7005E0 1.72231E-2 9.19015E-3 2.3231E0 2.321E-2 2.02885E1 2.27608E1 2.81538E1 2.67056E0 3.52875E0 3.0161E0 1.91582E1 5.52482E-1 2.17748E-2 6.11402E-2 4.31178E-2 9.91517E0 1.79589E-1 8.07622E0 3.19135E0 6.75557E1 1.31626E1 2.28814E1 4.87013E1 1.03656E1 3.16678E0 6.89468E-1 1.37681E0 1.04356E0 3.35088E0 7.94484E1 1.34627E1 1.29159E1 4.12973E1 6.48904E0
3.58129E-1 8.13244E-1 3.91464E0 6.10327E-2 2.44431E-2 2.43979E-2 2.50133E-2 1.18913E-2 1.05133E0 1.26232E0 5.26746E-2 4.1597E0 6.18393E-2 4.30134E-2 4.71363E0 5.36057E-2 6.39116E-2 3.63789E0 5.76013E-2 9.95496E-1 2.19022E0 2.19462E-2 3.23696E-2 8.34739E-3 6.22579E-2 8.23431E0 5.49519E-2 4.24592E-2 2.9611E1 9.28644E0 9.19751E0 9.492E0 1.51407E-2 5.92393E-3 3.55482E-2 6.19554E-3 1.41481E0 1.67758E-2 3.08222E-1 8.5061E-1 3.78607E-1 4.4584E-2 4.3545E-2 4.58342E-2 2.32235E0 4.66461E0 3.85297E1 6.95213E1 7.66404E1 2.92904E1 4.24489E0 7.56563E0 2.65085E0 5.08851E-1 5.23272E-1 7.97628E1 4.93445E1 4.49974E1 1.02543E0 1.26359E0
1.91363E0 5.30382E0 3.17796E-1 4.30917E-2 1.45301E-2 4.33603E-2 1.6147E-1 1.12079E-2 3.20739E-2 3.14057E0 5.64191E-2 1.93717E-1 8.17986E0 3.61021E0 4.14214E-1 6.4668E-1 9.80593E0 8.863E-1 7.20754E-2 9.3977E-1 4.7448E-2 2.25216E0 2.91679E-2 3.63523E-1 4.20935E-2 1.40282E0 1.02237E1 8.89823E0 8.15859E-3 4.13088E-3 5.64972E-2 1.03234E0 6.17372E-1 9.66054E-3 2.09842E-2 5.66365E-3 5.73731E-2 5.43311E-2 6.27418E-1 4.92288E-1 7.4908E-1 3.26485E-1 6.46978E-1 1.4439E0 2.5826E-1 3.04766E-1 5.44714E-1 9.78011E0 2.84616E1 6.81224E1 7.27205E1 6.78195E1 1.42632E0 6.59242E0 1.56387E1 8.52453E1 4.17995E0 1.42279E0 1.65833E0 2.50216E1
4.96688E0 8.90867E-1 4.9608E-2 5.06411E-2 6.37997E-2 4.74787E-1 6.95808E-1 4.01926E-2 3.23459E-2 3.66747E0 8.33068E-1 9.51826E-1 4.24396E0 8.1237E0 6.36297E0 4.28721E0 5.16425E-2 3.24458E-1 2.64854E-2 3.85192E-1 3.14909E-2 3.01264E0 5.36039E-2 5.01944E-2 2.81057E1 9.2997E0 2.8038E0 4.29364E-1 1.93793E-2 3.51525E-2 8.41093E-3 3.89895E-2 4.82274E-1 5.82191E-2 8.39064E-1 9.28397E-3 2.35769E-1 3.49486E-2 2.13636E-2 6.11314E-2 2.49495E-1 6.00412E-2 5.2365E-2 2.6361E-1 6.46225E-1 5.72511E-1 1.06705E0 2.19872E0 3.64566E1 1.11973E1 6.16282E1 6.80602E1 7.57933E1 7.9744E1 7.58709E1 7.61024E1 9.68954E1 2.37298E1 2.12907E1 6.80237E0
