landuse_ti_only_rm1_NOFCS/flood.asc
ncols         319
nrows         495
xllcorner     219017.22331753
yllcorner     4610852.5305323
cellsize      500.0
NODATA_value  -9999
[rows 81 to 107 of 495, columns 180 to 239 of 319]
-9999 -9999 -9999 -9999 -9999 -9999 -9999 2.55615E-1 4.19731E-2 8.11012E-4 2.01828E-3 7.21589E-3 1.2516E0 4.58558E0 5.62539E-3 5.31749E-2 1.66343E-2 2.8572E-1 1.5309E0 3.46209E-2 2.65337E-2 1.17994E-2 5.78052E-2 1.03816E1 4.85707E-1 2.35514E0 1.98156E0 8.75784E-1 -9999 -9999 -9999 -9999 -9999 -9999 -9999 -9999 -9999 -9999 -9999 -9999 -9999 -9999 -9999 -9999 -9999 -9999 -9999 -9999 -9999 -9999 -9999 -9999 -9999 -9999 -9999 -9999 -9999 -9999 -9999 -9999
-9999 -9999 -9999 -9999 -9999 -9999 -9999 2.14712E-3 1.60169E-2 3.27378E-3 6.88557E-3 5.64264E-2 1.91904E0 8.84936E-1 6.17402E-3 8.48862E-1 5.1496E-2 4.43106E-2 4.97396E-2 2.48016E-1 8.76848E-3 2.93675E-2 8.30227E0 1.06491E0 3.83901E-1 1.69834E0 1.98632E0 1.13553E0 5.57973E-1 -9999 -9999 -9999 -9999 -9999 -9999 -9999 -9999 -9999 -9999 -9999 -9999 -9999 -9999 -9999 -9999 -9999 -9999 -9999 -9999 -9999 -9999 -9999 -9999 -9999 -9999 -9999 -9999 -9999 -9999 -9999
-9999 -9999 2.96139E-2 1.47806E-2 2.86218E-1 -9999 4.75929E-3 7.82702E-3 1.27784E-2 1.91961E-3 6.25172E-3 9.56842E-1 4.58844E-3 2.4339E-2 5.50719E-3 5.90821E-2 1.16621E0 3.01962E-1 3.94051E-2 5.76674E-2 3.14115E-1 5.65807E0 6.11826E-2 3.26165E-2 3.48146E-1 5.34771E-1 7.98956E-1 4.11284E0 3.42547E-1 -9999 -9999 -9999 -9999 -9999 -9999 -9999 -9999 -9999 -9999 -9999 -9999 -9999 -9999 -9999 -9999 -9999 -9999 -9999 -9999 -9999 -9999 -9999 -9999 -9999 -9999 -9999 -9999 -9999 -9999 -9999
9.23663E-3 2.47953E-3 5.01081E-2 1.56044E-2 8.39763E-1 2.97133E-2 3.33259E-3 2.41964E-2 2.92006E-2 2.17817E-2 1.90244E-1 8.21399E-3 7.53713E-4 4.58172E-2 4.69819E-2 4.32496E-2 1.70805E0 2.3247E-2 5.03345E-3 1.1536E-2 5.07638E0 5.51472E-2 8.77993E-3 1.85602E-2 3.63665E-1 3.27962E-1 3.04143E-1 3.50154E0 8.26467E-1 4.28239E-1 -9999 -9999 -9999 -9999 -9999 -9999 -9999 -9999 -9999 -9999 -9999 -9999 -9999 -9999 -9999 -9999 -9999 -9999 -9999 -9999 -9999 -9999 -9999 -9999 -9999 -9999 -9999 -9999 -9999 -9999
1.22878E0 2.75985E-1 1.19134E-4 1.93295E-1 2.31532E-3 1.09458E-4 8.33694E-5 1.20224E-2 7.785E-3 5.17703E-2 7.05753E-4 3.71706E-4 6.32452E-3 6.24043E-2 2.41429E0 1.71496E-2 5.51233E0 6.50824E0 7.15404E-3 1.00105E1 5.69561E-3 9.47949E-3 2.99605E-2 2.16631E-2 4.12949E-1 4.31622E0 3.90758E0 5.03338E0 3.67712E0 4.41985E-1 1.06506E0 -9999 -9999 -9999 -9999 -9999 -9999 -9999 -9999 -9999 -9999 -9999 -9999 -9999 -9999 -9999 -9999 -9999 -9999 -9999 -9999 -9999 -9999 -9999 -9999 -9999 -9999 -9999 -9999 -9999
5.62809E0 1.01289E-2 5.15999E-1 3.59339E-3 9.13904E-5 2.03721E-3 5.94419E-3 2.25737E-2 9.07658E-5 2.80859E-2 8.75007E-3 3.20059E-3 5.90848E-3 2.30715E-4 3.69797E-3 5.66992E0 1.97282E-1 3.63052E-2 6.60879E0 4.4804E-3 1.37329E-3 3.83623E-3 1.58023E-1 7.39193E-1 9.26133E-1 2.01714E0 7.4094E0 3.33066E-1 5.61409E0 1.64633E-1 8.9245E-1 -9999 -9999 -9999 -9999 -9999 -9999 -9999 -9999 -9999 -9999 -9999 -9999 -9999 -9999 -9999 -9999 -9999 -9999 -9999 -9999 -9999 -9999 -9999 -9999 -9999 -9999 -9999 -9999 -9999
5.21601E-2 5.19535E0 4.20408E0 2.31405E-2 2.81698E-4 2.03585E-2 2.41349E-2 1.41449E0 2.49281E-1 8.79983E-3 1.08397E-2 2.8902E-3 5.97666E-5 3.52103E-2 3.74483E-1 2.58454E0 3.22997E-1 6.13641E-2 2.07067E0 2.74203E-2 2.59889E-3 1.27214E-2 1.56628E-3 3.04181E-3 1.02208E0 3.29314E-2 4.67307E-2 4.28245E-1 6.18962E0 7.84833E-1 3.23181E-1 2.70713E0 -9999 -9999 -9999 -9999 -9999 -9999 -9999 -9999 -9999 -9999 -9999 -9999 -9999 -9999 -9999 -9999 -9999 -9999 -9999 -9999 -9999 -9999 -9999 -9999 -9999 -9999 -9999 -9999
4.56477E-2 2.13572E-2 1.72742E-1 4.26983E0 1.22411E-2 2.79209E0 2.23793E0 5.23865E-4 6.37586E-4 2.08985E-4 1.19988E-3 3.43244E-3 4.39842E-3 1.83507E-4 5.28344E-1 1.72748E-2 4.15229E0 6.19765E-2 2.42257E-1 3.65002E-2 1.84651E-4 1.56453E-1 6.25853E-3 1.48324E-1 3.72487E-3 1.01683E-2 1.54674E-1 1.45644E0 1.13238E1 1.01392E1 7.24808E0 2.2521E0 -9999 -9999 -9999 -9999 -9999 -9999 -9999 -9999 -9999 -9999 -9999 -9999 -9999 -9999 -9999 -9999 -9999 -9999 -9999 -9999 -9999 -9999 -9999 -9999 -9999 -9999 -9999 -9999
1.84604E-2 2.16597E-2 7.70551E-3 1.76795E-1 8.86946E0 5.12531E-2 2.51243E-2 8.40402E-5 4.99057E-4 4.09477E-3 1.01342E-4 3.01918E-2 4.79869E-3 3.65742E-2 2.53676E-3 4.83724E-3 5.46869E-2 2.35723E0 1.76352E0 8.4301E-1 2.4599E-1 4.4257E-3 2.19676E-2 2.27783E-3 2.40578E-3 3.60099E-2 4.65398E-1 2.23218E0 2.50305E-1 3.22647E0 1.03657E1 1.77311E0 -9999 -9999 -9999 -9999 -9999 -9999 -9999 -9999 -9999 -9999 -9999 -9999 -9999 -9999 -9999 -9999 -9999 -9999 -9999 -9999 -9999 -9999 -9999 -9999 -9999 -9999 -9999 -9999
2.52989E-1 8.23696E-4 1.37356E-2 1.2905E-3 5.97289E-2 4.84736E0 4.12846E-4 2.68595E-3 7.23888E-3 3.605E-2 2.66874E-3 3.06439E-3 2.76852E-1 1.22699E-3 3.44525E-3 2.0536E-2 5.33902E-3 5.21623E0 4.20763E-1 3.19352E-2 6.27966E-3 2.06605E-2 1.42803E-1 8.08445E-3 1.2772E-2 5.52628E-2 1.38153E0 1.793E-1 2.67174E0 5.19976E-1 9.32199E-1 6.31391E0 -9999 -9999 -9999 -9999 -9999 -9999 -9999 -9999 -9999 -9999 -9999 -9999 -9999 -9999 -9999 -9999 -9999 -9999 -9999 -9999 -9999 -9999 -9999 -9999 -9999 -9999 -9999 -9999
5.32693E-2 4.24649E-2 8.42884E-3 6.11626E-2 6.84561E-3 2.44205E-1 1.48464E0 4.76386E-3 1.5587E-1 7.93054E-1 3.74913E-2 5.64207E-4 2.32281E-3 1.63655E-3 3.59581E-3 1.42367E-3 7.63931E-1 6.07132E0 2.32091E-4 5.13849E-3 4.58343E-2 1.24281E-2 3.63425E-2 3.29338E-2 1.52019E-3 4.60293E-2 1.50205E-2 4.00662E-1 9.97695E-1 2.30817E0 8.79266E-1 9.64309E-1 -9999 -9999 -9999 -9999 -9999 -9999 -9999 -9999 -9999 -9999 -9999 -9999 -9999 -9999 -9999 -9999 -9999 -9999 -9999 -9999 -9999 -9999 -9999 -9999 -9999 -9999 -9999 -9999
3.40863E-3 2.24297E-2 5.56204E-3 8.82283E-3 8.75008E-3 1.94777E-4 7.65939E-3 5.65012E-1 2.23523E-1 1.39684E0 1.34076E-3 2.05478E-3 8.24438E-5 4.85933E-4 2.76589E-4 1.75758E-1 5.36927E-2 4.72401E0 3.45042E-3 6.14264E-3 3.57657E-2 3.7049E-1 2.90788E-1 3.79203E-2 1.24726E-2 1.52097E-3 5.63985E-2 1.74717E0 1.92427E-1 8.76353E-1 1.79515E-1 4.29464E-1 -9999 -9999 -9999 -9999 -9999 -9999 -9999 -9999 -9999 -9999 -9999 -9999 -9999 -9999 -9999 -9999 -9999 -9999 -9999 -9999 -9999 -9999 -9999 -9999 -9999 -9999 -9999 -9999
3.2514E-3 1.23136E-2 1.75087E0 7.54827E-3 3.60109E-2 3.63807E-1 3.42978E-2 6.66131E-4 4.79283E-1 4.10914E0 3.2162E-1 1.12756E-2 2.89576E-5 4.93945E-4 4.22474E-3 1.41801E-1 7.28742E0 3.99214E-3 1.12826E-3 6.92504E-3 1.17171E-3 1.3729E-2 1.66765E0 2.64029E-1 2.91481E-3 1.65496E-2 5.42407E-1 4.31212E-2 1.7737E0 1.08473E1 4.13411E0 4.60508E0 -9999 -9999 -9999 -9999 -9999 -9999 -9999 -9999 -9999 -9999 -9999 -9999 -9999 -9999 -9999 -9999 -9999 -9999 -9999 -9999 -9999 -9999 -9999 -9999 -9999 -9999 -9999 -9999
4.43498E0 9.97339E-1 1.89507E-2 1.50356E-2 2.42022E-2 6.12484E-2 3.6022E-2 2.08215E-2 6.72313E-3 4.23962E-3 3.39401E0 1.02377E0 9.95508E-4 2.9416E-3 4.20703E-3 1.05237E0 9.66716E0 1.01834E-3 1.29869E-3 1.26957E-4 4.91323E-2 2.57165E-4 2.00814E-2 2.10918E0 1.27299E-2 5.12493E-2 4.05055E-2 3.53899E-2 2.16688E-2 2.99484E-1 3.99426E-2 1.66568E0 -9999 -9999 -9999 -9999 -9999 -9999 -9999 -9999 -9999 -9999 -9999 -9999 -9999 -9999 -9999 -9999 -9999 -9999 -9999 -9999 -9999 -9999 -9999 -9999 -9999 -9999 -9999 -9999
4.59767E0 4.5246E-2 4.83299E-3 5.14577E-2 3.50652E0 1.62511E-2 2.7374E-2 1.89237E-2 2.12607E-1 1.72431E-2 3.29911E-2 7.39158E0 2.15944E-3 2.1761E-3 1.35445E-2 8.01993E0 6.03725E-2 8.81321E0 3.51876E-4 3.17352E-4 7.37964E0 5.83538E-2 5.39746E-3 2.00576E-2 1.39688E0 2.74273E-3 1.00435E-2 2.16909E-2 1.45288E0 2.12264E0 4.63388E-2 1.17124E0 -9999 -9999 -9999 -9999 -9999 -9999 -9999 -9999 -9999 -9999 -9999 -9999 -9999 -9999 -9999 -9999 -9999 -9999 -9999 -9999 -9999 -9999 -9999 -9999 -9999 -9999 -9999 -9999
5.58396E-2 4.01423E0 2.42992E0 2.31067E0 3.89536E-2 1.54402E0 8.68672E-3 1.76189E-2 1.39066E-2 4.96844E-4 1.71532E-2 2.82214E0 3.95793E0 4.52678E0 7.28976E0 1.96031E-1 5.40175E-2 4.70671E0 6.23629E0 7.25776E0 2.32143E-1 1.16229E1 6.24704E-3 1.23212E-2 2.1428E0 2.78631E0 9.83663E0 1.13486E-2 1.88337E0 1.62755E-1 5.12835E-2 1.5143E-1 -9999 -9999 -9999 -9999 -9999 -9999 -9999 -9999 -9999 -9999 -9999 -9999 -9999 -9999 -9999 -9999 -9999 -9999 -9999 -9999 -9999 -9999 -9999 -9999 -9999 -9999 -9999 -9999
1.29058E-2 2.34669E0 3.14684E-2 9.2587E-3 6.13898E-2 2.24181E-2 2.713E0 9.83739E-3 9.328E-1 1.7341E0 4.12424E0 2.11869E-3 4.58613E-4 2.87361E-2 3.35173E-3 5.18957E-1 3.86458E-1 1.5958E0 1.49265E-2 3.30564E-3 4.7069E-3 4.69602E-2 9.34847E0 7.55281E0 9.26555E0 9.45011E0 3.07224E-2 7.015E0 2.08418E-1 3.48127E-2 2.67888E-1 1.34506E0 -9999 -9999 -9999 -9999 -9999 -9999 -9999 -9999 -9999 -9999 -9999 -9999 -9999 -9999 -9999 -9999 -9999 -9999 -9999 -9999 -9999 -9999 -9999 -9999 -9999 -9999 -9999 -9999
7.66594E-1 1.58119E-1 3.35178E-1 1.93129E-2 3.77305E-3 1.48882E-2 5.4327E-2 3.47951E0 6.0159E-2 1.15111E-2 1.99898E-1 2.53836E-4 1.05772E-3 6.26539E-4 1.45136E-2 3.65732E-2 2.49536E-3 1.39178E0 2.40013E-2 3.17719E-2 5.10889E-2 3.23709E-3 5.34679E0 2.15618E-2 9.29271E-1 1.29756E-2 1.253E-2 2.3873E-1 8.87862E0 9.5354E0 2.35842E1 1.00609E1 1.23733E0 -9999 -9999 -9999 -9999 -9999 -9999 -9999 -9999 -9999 -9999 -9999 -9999 -9999 -9999 -9999 -9999 -9999 -9999 -9999 -9999 -9999 -9999 -9999 -9999 -9999 -9999 -9999
9.49122E-3 2.53535E-1 3.16208E-1 4.61351E-1 1.98672E-1 6.58484E0 3.43223E0 3.56335E0 8.10597E-2 2.31679E-2 6.60462E-3 3.09562E-3 6.16678E-2 8.35869E-3 6.0823E-4 9.34147E-3 9.76519E-3 1.79641E0 5.09034E-3 1.87387E-2 3.51991E-3 1.6346E-2 7.59612E0 2.40532E-2 7.85263E-1 2.69742E-2 2.80899E-2 5.68649E-1 1.74264E-1 9.15457E0 1.89019E-1 1.85206E-1 -9999 -9999 -9999 -9999 -9999 -9999 -9999 -9999 -9999 -9999 -9999 -9999 -9999 -9999 -9999 -9999 -9999 -9999 -9999 -9999 -9999 -9999 -9999 -9999 -9999 -9999 -9999 -9999
1.78004E-2 4.36809E0 5.35435E0 8.57266E0 6.48783E0 4.0142E-2 5.15817E-2 5.49842E-2 1.61182E0 5.39904E-1 4.8451E-3 9.83678E-3 5.80798E-3 7.39628E-4 1.31568E-3 3.34858E-3 5.31699E-2 6.17008E-2 2.94452E-2 9.78088E-3 3.67677E-1 8.93136E0 2.72194E-2 5.09465E-2 4.89228E-2 5.12535E-2 4.87235E-1 6.12606E-2 4.32845E-2 1.74087E-2 4.89956E0 1.03293E0 -9999 -9999 -9999 -9999 -9999 -9999 -9999 -9999 -9999 -9999 -9999 -9999 -9999 -9999 -9999 -9999 -9999 -9999 -9999 -9999 -9999 -9999 -9999 -9999 -9999 -9999 -9999 -9999
5.0321E0 1.61685E-1 6.97411E-2 7.16676E-1 3.65522E-1 6.61489E0 7.004E-3 5.17363E-1 6.56186E-2 1.86823E-2 7.78078E-3 5.44617E-2 1.19261E0 2.25592E0 4.65964E0 2.34845E0 2.09745E0 1.05734E1 6.55562E0 4.30766E-2 9.76129E0 5.09214E-2 1.44582E0 7.85601E-1 4.56506E-2 3.67048E-2 1.76073E-2 6.33817E-1 2.44049E0 1.94637E0 3.81709E0 9.0237E-1 -9999 -9999 -9999 -9999 -9999 -9999 -9999 -9999 -9999 -9999 -9999 -9999 -9999 -9999 -9999 -9999 -9999 -9999 -9999 -9999 -9999 -9999 -9999 -9999 -9999 -9999 -9999 -9999
6.60722E-1 4.32886E-1 1.94816E-1 1.87903E-1 1.15524E1 4.63425E1 4.58175E-1 2.56671E-3 2.49828E-2 7.28313E-3 3.89691E-2 5.54275E-2 1.75084E-2 9.02325E-1 1.43264E-2 4.42628E-4 7.43529E-3 1.2824E0 7.00582E-2 1.12754E1 7.30438E0 3.58111E-2 5.44757E-2 2.14996E-2 7.99413E-1 1.5311E-2 3.40479E-1 1.56567E0 1.6514E-2 4.44906E-1 4.52485E-1 6.06823E-1 -9999 -9999 -9999 -9999 -9999 -9999 -9999 -9999 -9999 -9999 -9999 -9999 -9999 -9999 -9999 -9999 -9999 -9999 -9999 -9999 -9999 -9999 -9999 -9999 -9999 -9999 -9999 -9999
3.43594E-1 4.70495E-1 5.42085E-2 3.06913E0 9.31477E0 5.58635E1 3.49874E0 1.33457E-1 8.94811E-1 2.07633E-1 1.38556E-1 3.54874E0 3.26423E-1 1.86106E-2 2.0338E-3 4.21007E-3 7.76527E-3 7.70165E-1 2.59566E-3 5.49474E-2 8.01006E-2 1.1318E1 4.44778E-2 1.43796E-2 4.82996E-2 5.43619E-2 3.47804E-1 4.32222E-1 4.22592E-2 2.16189E-2 3.70799E-1 -9999 -9999 -9999 -9999 -9999 -9999 -9999 -9999 -9999 -9999 -9999 -9999 -9999 -9999 -9999 -9999 -9999 -9999 -9999 -9999 -9999 -9999 -9999 -9999 -9999 -9999 -9999 -9999 -9999
1.24169E1 1.3323E0 2.624E0 2.62944E0 4.96267E0 5.7135E1 3.26659E-1 2.51356E0 8.72914E-3 1.29879E-2 1.20397E-1 1.33718E-2 3.80697E-3 9.6616E-3 5.36039E-2 3.6089E-2 1.10494E-3 9.5546E-1 1.54988E-2 3.83492E-3 8.13198E-2 1.09541E1 1.16786E1 5.1449E-2 5.9357E-1 3.20791E-1 3.63514E-2 2.19058E-1 2.30295E-2 3.17001E-2 2.80877E-1 -9999 -9999 -9999 -9999 -9999 -9999 -9999 -9999 -9999 -9999 -9999 -9999 -9999 -9999 -9999 -9999 -9999 -9999 -9999 -9999 -9999 -9999 -9999 -9999 -9999 -9999 -9999 -9999 -9999
4.10234E-1 1.82173E0 2.25993E0 4.71843E0 2.57242E0 6.15408E1 2.79647E1 5.46078E-1 2.20078E-1 1.26294E-1 6.2583E-2 4.26996E-2 1.49059E-1 1.91994E0 4.79002E-2 4.251E-1 9.08316E-3 8.0715E-1 3.71636E-2 1.15645E-2 2.91137E0 6.58182E-3 3.33606E-2 5.04754E0 2.0053E-2 4.00227E-1 1.31905E-2 2.96571E-1 1.97853E0 2.74308E0 -9999 -9999 -9999 -9999 -9999 -9999 -9999 -9999 -9999 -9999 -9999 -9999 -9999 -9999 -9999 -9999 -9999 -9999 -9999 -9999 -9999 -9999 -9999 -9999 -9999 -9999 -9999 -9999 -9999 -9999
6.47159E0 5.42745E-1 6.48547E0 4.66598E0 4.97749E0 1.02969E1 8.68533E0 1.89146E1 2.25783E0 3.35399E-2 1.29423E0 1.10508E-2 8.87176E-2 2.10569E-2 1.2378E0 5.58981E-2 3.66504E-3 1.92746E-2 7.20888E-3 1.29798E0 6.10391E-2 2.22901E-2 1.11779E-2 8.76706E0 4.59963E-2 5.75538E-2 4.30646E-1 2.76368E-1 2.65653E-1 3.39709E-1 -9999 -9999 -9999 -9999 -9999 -9999 -9999 -9999 -9999 -9999 -9999 -9999 -9999 -9999 -9999 -9999 -9999 -9999 -9999 -9999 -9999 -9999 -9999 -9999 -9999 -9999 -9999 -9999 -9999 -9999
7.78512E-1 3.87876E1 6.79272E-1 4.11145E1 1.05611E1 4.54174E0 5.64389E1 1.39512E1 4.16696E-1 1.7071E-1 1.59154E0 1.77003E-3 2.59743E-3 2.21952E0 6.98268E-3 3.87463E-3 3.86109E-3 5.99406E-4 1.0569E0 6.73076E-3 3.52341E-2 4.40778E-2 8.52777E-1 6.19573E-2 1.50404E0 4.21567E-2 5.00728E-2 1.87425E0 6.67914E-2 3.89486E-2 -9999 -9999 -9999 -9999 -9999 -9999 -9999 -9999 -9999 -9999 -9999 -9999 -9999 -9999 -9999 -9999 -9999 -9999 -9999 -9999 -9999 -9999 -9999 -9999 -9999 -9999 -9999 -9999 -9999 -9999
