landuse_ti_only_rm1_NOFCS/flood.asc
ncols         319
nrows         495
xllcorner     219017.22331753
yllcorner     4610852.5305323
cellsize      500.0
NODATA_value  -9999
[rows 378 to 404 of 495, columns 180 to 239 of 319]
9.73373E0 1.103E1 1.08101E1 1.05913E1 9.31899E0 8.81691E0 1.0657E0 3.28551E-1 4.83519E-1 4.41486E0 2.40531E-1 2.65379E-1 5.58295E-2 3.84138E-2 6.35135E-2 1.95559E-1 3.53586E-2 2.7218E-1 3.61504E0 9.2497E-1 1.23001E0 1.50651E1 4.80218E-1 2.40621E-2 6.46204E-1 6.1426E-2 2.3466E-2 1.75922E-2 3.54841E-3 6.98684E-1 1.29876E1 3.31684E-2 5.1671E-2 6.62554E-3 1.03929E-2 5.5901E-2 1.00249E0 1.04729E-2 9.86968E-1 4.44977E-1 3.28206E-1 8.03253E-2 1.59126E0 6.39004E0 8.07152E-1 1.00656E0 3.45572E-2 1.86738E-1 1.76098E-1 4.41465E-1 2.52052E0 7.73211E-1 7.37077E1 6.20866E0 2.14568E-1 1.72302E-2 4.76472E0 1.75454E-1 2.92215E-1 2.72739E-1
8.67993E-1 3.15122E-1 1.92386E-1 1.92213E-1 2.35111E-1 2.75172E0 8.3731E0 1.51353E1 8.08967E0 8.30272E0 8.57904E-1 5.70604E-2 7.40742E-1 1.03273E0 4.3317E-2 3.46904E-2 2.62913E-1 4.19281E-2 3.27195E-1 2.74091E0 7.80559E-1 1.3897E1 1.38813E0 6.07754E-2 5.19939E-3 1.77025E-2 5.26714E-2 3.53276E-1 3.26268E-2 5.02937E-2 1.71936E0 1.09486E1 2.41978E0 5.93684E-2 7.62498E-3 1.91184E-1 7.92626E-1 1.98993E-2 9.41296E-1 5.11902E-2 4.53401E-2 6.9205E-2 7.64506E-2 1.02844E1 6.20672E0 2.25977E-1 1.7184E-2 3.06063E-1 1.64699E-1 1.46731E-1 2.04784E-2 1.9256E-1 1.39573E0 5.3462E1 5.17032E-2 1.9366E0 1.37179E-2 2.02273E-1 1.57842E0 7.02012E0
1.10364E0 1.89534E0 9.85567E-1 4.72453E0 4.6933E0 1.18435E0 2.26547E0 5.90426E-1 9.07813E-1 4.4904E-1 9.05625E0 4.69742E0 1.38645E1 2.84465E-2 3.08175E-2 3.09673E-1 1.58481E-1 2.3358E0 4.58913E-2 7.6682E-2 1.54623E0 6.01985E-2 6.67527E0 3.7898E-1 3.27831E-2 5.94456E-2 4.67325E-2 2.92237E-2 7.2186E-3 6.85814E-2 7.76891E-3 6.61169E0 9.45705E-3 1.45898E0 5.30776E-2 5.95042E-2 5.23223E-2 5.57586E-2 2.20912E-1 1.15808E0 4.4907E-2 5.33946E-2 7.8152E-1 1.09669E1 3.16542E1 9.11264E-1 2.07623E0 4.34719E0 5.07901E-2 1.40657E-1 3.4957E-1 3.8681E-1 1.05429E1 1.19006E1 1.95991E1 1.65596E-2 1.16959E-2 7.32405E-1 5.0452E-1 7.1475E-2
4.30744E-1 2.06902E0 2.98505E-1 3.77124E-1 1.13734E0 1.82702E0 1.1851E0 1.23254E0 1.08166E0 8.66305E-1 6.54219E-1 8.34891E0 7.44689E-1 5.2852E-2 9.50939E-1 3.84973E-1 4.12162E-2 2.23081E-1 6.20755E-2 1.69729E-1 7.16555E-2 8.18117E-1 7.77316E-1 6.04091E0 6.73375E-3 1.31419E-1 1.12327E0 3.55495E-3 3.30049E-2 6.82043E-3 2.53678E-3 3.85139E0 2.01676E0 2.24635E-2 2.0281E0 5.52739E-1 3.072E-1 5.15923E-2 4.08198E-2 5.60593E-2 4.42294E-1 2.73633E-1 1.07848E1 4.95966E1 1.4634E1 1.19237E1 8.92081E0 5.5314E-2 1.81814E-1 5.19409E-2 2.75185E1 5.32808E1 1.13579E1 1.59678E0 2.61E1 4.91323E-1 5.19473E-2 2.2445E0 3.59369E-1 5.76238E-2
6.22726E0 5.45821E0 6.31615E0 4.81108E0 1.04376E0 4.81463E-1 9.96809E-1 1.50522E0 2.66078E1 6.0668E-1 4.8959E1 3.45278E1 2.7814E0 2.13814E0 3.84216E1 5.50646E-1 8.99815E-1 1.32988E-2 2.23663E-2 4.01486E-1 2.83935E-2 5.95473E-2 1.5629E-2 4.59458E-1 8.49172E0 4.78304E0 2.81599E0 3.27385E-2 6.4968E-3 6.76264E-3 6.38553E-2 1.33465E0 6.44557E-1 5.99281E-2 4.99776E-2 6.90392E-1 2.28117E0 7.16254E-1 1.19274E0 3.41362E0 5.40968E0 5.50259E0 8.01773E-1 5.91205E0 5.43658E1 3.00294E1 1.49952E1 8.70526E-1 5.80511E0 2.70017E1 5.40984E-2 3.88726E-2 2.19222E-1 4.4634E0 1.39341E0 4.59823E1 5.97154E-1 1.79262E-2 2.55837E-2 2.41922E0
1.03108E0 8.08481E-1 1.65082E0 3.04136E0 1.18823E0 2.36829E0 1.6532E0 9.82577E-1 1.62948E0 1.8879E0 5.98332E1 4.83814E1 7.0155E0 4.30878E1 3.31234E0 3.96456E1 3.82418E0 2.67522E0 5.12098E-1 5.04042E-2 1.67023E-1 1.08981E-2 3.43149E-2 2.02724E-3 5.16362E-2 2.73593E0 1.74451E-2 2.66064E0 3.37117E-3 3.1198E-1 2.10056E-2 1.0351E0 9.69155E-3 3.38251E-1 3.85061E-2 7.49875E-2 2.81792E0 1.04182E1 1.6152E1 5.43764E0 3.62545E-1 5.38649E-2 5.08257E-1 1.14852E1 3.88212E1 5.4734E1 1.47272E0 2.85317E1 2.6895E1 5.25076E-1 4.51743E-2 2.93545E-2 1.53737E0 7.5298E-1 2.21451E-1 7.80559E1 1.16295E0 5.37236E-1 5.34279E-2 4.98701E-1
1.02761E1 9.84337E0 9.17579E-1 1.13327E0 9.97487E0 4.61156E0 3.71531E-1 1.03482E0 2.47173E0 9.4506E-1 1.86439E0 1.0591E0 9.19966E-1 2.21654E0 1.00424E1 2.82271E-1 9.37464E-1 3.03117E-2 1.72156E0 1.9852E-1 5.48724E-2 4.83978E-2 5.07793E-2 3.14234E-2 5.68223E-3 2.66565E0 2.85013E-2 2.41497E-2 3.71969E0 4.08422E-2 8.36461E-1 3.66461E-1 3.97601E-1 2.45352E-2 6.00189E-2 2.89107E-2 4.10353E-1 2.43914E0 1.32913E1 4.26982E0 2.4921E0 8.92046E-1 1.18539E1 1.90481E0 5.04345E-1 6.91495E-1 2.63873E1 8.51846E0 5.12283E-2 1.2496E-2 3.52324E0 1.19128E-2 6.34894E-1 5.27342E-1 4.50239E-1 3.13195E0 2.34877E1 7.94438E-2 1.67791E-2 6.95893E-2
6.79791E-1 1.30037E0 1.01557E1 8.90768E0 2.10983E0 1.22855E0 3.07466E0 7.74043E-1 1.52671E0 8.49827E0 8.75495E0 7.90469E0 6.70686E0 6.19043E0 3.6873E-1 6.42836E-2 3.04829E-2 2.43738E-2 5.63806E-2 7.96481E-1 5.36259E-2 4.35808E-2 2.03303E-1 2.32159E0 3.4578E0 1.56667E-2 2.92647E0 4.26643E-3 1.34639E-2 2.96178E0 2.56756E-1 4.36557E-2 4.35691E-2 9.48711E-1 1.77915E-1 1.49792E-2 1.732E-1 1.35566E1 9.27359E0 7.71858E-1 2.69137E0 8.44093E-1 1.1623E1 1.0522E0 1.11347E0 6.60379E-1 1.54371E1 6.17513E-2 5.93097E-3 1.60945E-2 1.92368E-1 9.13776E-3 6.25222E-3 4.67394E-1 1.58039E0 3.33568E0 6.95716E1 2.11296E0 2.58477E-2 8.62528E-1
3.09796E0 9.9533E-1 4.43286E0 6.3072E1 2.32625E0 1.95837E0 1.24177E0 7.78668E-1 8.11673E0 3.63005E0 1.43943E0 5.43857E0 9.5453E-1 5.15978E-1 5.93347E0 5.93319E0 5.7418E-2 5.02371E-2 5.21054E-2 5.39945E-2 1.92012E-1 1.99315E-1 4.13653E0 1.86142E0 3.60197E-1 1.7558E-1 3.10163E0 1.78957E-3 1.44541E-2 3.497E-2 1.37357E0 3.19788E-2 8.07952E-1 1.26177E-2 8.87978E-3 5.2097E-2 3.06554E0 3.14596E0 5.00277E-1 6.96296E-2 1.41765E0 1.15298E1 8.1404E-1 1.69373E0 8.53425E-1 2.20708E0 1.44797E1 5.95945E-2 1.12035E-1 1.61642E-1 5.29801E-2 6.51235E-3 3.27749E-2 5.10462E-2 3.21189E-1 9.43824E-1 2.03529E1 2.5896E1 7.06459E-2 1.27481E1
1.42798E0 2.44267E0 1.31995E0 1.42188E0 9.28648E0 9.61376E-1 1.02734E0 8.9688E-1 8.40491E0 9.32291E0 1.1762E0 2.15324E0 1.67082E0 4.00067E-1 2.15635E-2 3.7161E-2 5.99196E0 4.11722E0 3.76119E0 3.49154E0 2.79769E0 1.94708E1 2.14594E1 7.72697E0 1.61345E-1 4.43904E-1 2.07491E0 2.56707E-2 8.98622E-3 7.99062E-3 2.5665E-1 6.20544E-2 2.63649E-2 2.45736E-1 4.66125E-2 2.08598E-2 6.4712E0 2.85314E-1 2.71794E-1 5.65587E-2 1.56445E0 6.31596E-2 2.33159E-1 1.0671E0 7.837E0 1.80363E1 8.00268E0 9.06683E0 3.61231E0 1.30241E-1 6.15413E-2 1.11296E-1 2.27852E-2 1.37431E0 4.18452E0 3.05719E0 7.23143E1 4.59653E-1 9.80533E0 5.69844E-2
6.07239E0 5.77483E0 2.28866E0 1.38169E0 9.85217E0 2.35332E0 7.86564E0 7.76937E0 9.36071E0 3.12268E0 8.02561E0 8.92112E0 2.01116E0 2.93978E-1 8.77971E-3 5.74315E-2 1.05255E0 1.43425E0 6.63244E-1 7.91446E-2 2.05001E0 6.05849E-1 1.15762E0 1.09168E1 2.00299E0 3.19419E-1 1.17798E0 4.53857E-2 3.60417E-3 1.94781E-1 9.31293E-3 1.74008E0 1.37351E-2 2.2733E-2 1.18053E0 5.62428E0 5.03557E-2 5.30344E-2 1.96896E-1 7.50722E-1 6.79009E-2 1.97186E0 1.83651E-1 2.95775E0 3.67328E0 2.61482E1 1.92548E-1 1.42137E0 3.7482E-2 3.07084E0 1.84696E-1 8.38707E-3 2.62803E-2 1.02208E0 4.69862E0 3.46386E-1 7.9089E1 4.12457E-1 9.01787E-1 4.353E0
9.15722E0 2.54141E0 6.5306E0 1.60334E0 1.89702E0 9.95943E0 9.87453E0 1.15042E1 1.55402E0 1.0509E0 3.95122E0 1.40296E0 1.49715E1 1.13345E0 4.45492E-1 2.07115E-2 5.62363E-1 1.08181E-2 5.72865E-2 1.8257E-2 5.14355E-2 1.32034E1 6.73698E0 7.52157E-2 1.9548E-1 6.14212E-2 8.95306E-1 3.07223E-1 3.53623E-3 5.30465E-2 2.75281E-2 4.21168E-1 3.79569E-2 1.79301E-2 5.25998E-1 6.76015E0 2.00627E-2 3.43412E-1 1.44679E-2 1.67051E-1 7.26673E-1 2.0332E0 4.50195E0 1.0973E1 2.50056E1 1.24555E1 3.65141E-1 6.89019E-2 9.3898E-1 1.97568E-1 2.3547E0 1.30499E-1 5.04663E-2 8.04059E-1 2.11461E0 2.28821E-1 7.06232E1 2.2622E0 2.08846E-1 2.28347E0
1.31587E0 1.7099E0 2.00077E0 1.63915E0 3.08772E0 1.87799E0 1.78087E0 1.26769E0 2.16781E0 1.98702E0 1.40294E0 6.78911E0 4.73832E0 1.39552E1 7.15642E-2 4.97891E-3 2.1546E-2 5.10068E-2 2.74725E0 5.93869E-2 5.6693E-2 3.57366E0 1.01415E0 2.08753E-1 1.82004E-1 8.14222E-1 2.74763E-1 3.4705E-1 4.21705E-3 3.63847E-2 1.64356E-2 8.72888E-1 4.23513E-2 3.12041E-3 4.41467E-3 6.33315E0 1.96456E-1 6.78048E-1 5.77142E-2 1.20877E-2 2.62224E-1 1.65212E-1 2.41304E0 1.19385E1 8.23604E0 8.54486E0 2.17069E1 1.87364E-1 2.15725E0 6.18272E-2 3.14448E-1 2.38301E0 1.31955E-1 3.52128E-1 6.99449E0 1.10898E1 2.57887E1 6.08517E1 1.29536E1 4.73344E0
1.11859E0 2.18891E0 7.63424E-1 1.64689E0 1.96333E0 3.88924E0 5.16792E0 3.94384E0 1.73286E0 9.57316E-1 4.62503E1 6.58042E0 8.19163E-1 7.46792E-1 6.80453E0 6.01751E-2 5.20962E-3 1.23212E-2 1.8303E-1 6.54995E0 1.58664E-1 3.53246E0 5.16582E-2 1.95162E-1 3.26667E0 1.43492E0 1.62339E0 3.10733E0 5.06396E-3 5.31869E-2 9.83809E-3 2.08702E0 5.68448E-3 7.47599E-3 2.72361E-2 6.19608E0 5.89302E0 5.14193E0 1.10591E0 4.5215E-1 1.8368E-1 5.38454E-1 1.33662E-1 1.85984E0 1.08819E1 2.00231E0 5.84476E-2 7.22483E0 5.67593E-2 4.17353E-2 2.05368E0 9.09684E-3 7.74589E-1 3.10287E0 1.2483E0 5.79832E1 9.32937E0 3.24903E0 2.07994E1 2.60247E1
1.19246E1 4.88702E0 1.64648E0 6.95323E-1 5.23982E0 5.01606E0 1.40166E0 1.29782E0 7.34637E-1 7.09972E0 8.16327E-1 6.91974E0 6.40871E0 5.20597E0 5.83418E-1 1.21186E1 5.09097E-2 4.42146E-2 3.50372E0 3.34954E-1 3.17624E0 4.90754E-2 2.74644E-2 1.96444E1 5.36956E-1 5.33422E-2 1.13133E-2 2.68342E-2 1.48975E-1 3.86987E-2 1.38738E-3 1.91578E-3 2.27162E0 6.83934E-3 7.873E-3 9.24776E0 7.64157E-2 2.39889E-2 5.19139E-1 5.38973E-2 2.0212E-1 5.30206E-2 2.47821E0 1.62302E-1 4.7567E0 7.27087E0 5.26757E-2 5.4748E-2 5.03366E0 2.33605E-1 1.99789E0 2.0011E-1 6.65475E-1 5.93045E0 1.21124E1 1.02839E1 1.3678E0 1.16119E0 7.31195E1 7.64767E1
1.17659E0 1.76136E1 1.16104E0 2.42041E0 8.07053E0 1.29541E0 1.31818E0 7.16334E0 6.00337E0 6.14443E-1 5.67279E-1 3.26842E-1 1.02159E0 6.49578E-1 3.18737E0 1.61937E0 1.30089E1 7.31817E0 5.35853E-2 1.68619E-2 3.67459E-2 9.68833E0 1.98972E1 2.00836E0 1.27527E0 5.15851E-2 7.12588E-3 5.87156E-2 1.96791E0 2.67137E-1 9.41163E-2 1.87439E-2 2.72019E0 5.20122E0 7.84297E0 5.36937E-1 3.40134E-2 1.011E0 3.73955E-1 2.11091E-1 1.94716E-1 5.66826E-2 5.37166E-2 2.91972E0 2.37475E0 3.56234E0 2.41103E0 2.36109E0 1.87201E-1 3.45767E0 1.83635E0 1.00548E-2 2.80876E-1 5.3785E0 1.76578E1 1.44725E0 1.80698E0 2.26519E0 1.10387E0 2.95645E1
5.7292E-1 1.62753E1 1.22887E1 5.59134E1 5.82641E0 2.92481E0 7.09691E0 6.72819E-1 7.07469E-1 9.17282E-1 1.77309E0 5.85357E-2 7.47167E-2 3.83969E-2 6.47443E-2 6.04275E-2 3.4825E-1 9.63468E-1 8.52106E0 8.43998E0 8.49027E0 7.077E0 4.31466E0 3.1076E0 2.1869E-2 4.68245E-1 2.89786E-1 2.75899E-1 3.21545E-2 2.66256E-1 5.83043E-1 2.52966E-1 5.44428E-1 5.23444E-2 2.2675E-1 7.52132E0 2.64069E-2 2.31267E0 1.12361E1 4.75308E-1 1.60392E0 2.64585E0 2.65232E-2 3.26496E-1 1.95454E-1 2.20262E0 2.75381E0 1.15907E0 2.73388E0 6.06924E-2 2.44093E-1 4.45164E-1 1.69473E0 1.64685E0 1.63695E1 5.60464E0 1.98698E0 3.1091E0 1.33717E1 2.02768E1
5.64652E0 1.52292E0 4.1157E0 5.55293E1 2.15118E0 1.16346E1 4.10656E0 1.27024E0 7.51952E-1 6.39974E0 4.62356E0 2.26889E0 4.21165E-1 3.3338E-2 1.14862E-2 6.72159E-3 5.02397E-2 4.76277E-2 7.30849E-2 5.0124E-1 1.23438E0 1.55561E-2 1.37125E-3 4.03964E-2 2.83247E0 2.02094E-1 1.73216E-2 2.77435E0 5.99068E-1 1.04349E1 2.48529E-1 1.14564E-1 2.14641E-2 1.95169E0 3.24986E-1 7.61376E0 1.95974E-1 5.3159E-2 1.12607E0 5.60635E-1 4.56524E0 4.99104E-2 1.94872E-1 1.11205E-2 1.77933E-1 3.0144E0 2.08057E-1 2.26098E0 5.11236E-2 2.51974E-1 1.83569E-2 6.28363E-3 3.62754E-1 3.48969E0 1.56249E1 1.58368E0 5.82325E0 4.9039E0 1.60297E1 1.53547E1
7.64978E-1 2.41376E0 1.32928E0 1.0649E0 1.19394E1 1.45008E0 1.11414E1 7.88818E0 6.8006E0 5.85311E-1 3.11528E0 6.38516E-2 6.13867E0 2.98869E-1 4.80328E-3 7.34613E-3 5.9637E-3 1.66875E-3 1.50717E-2 6.13402E-2 2.65797E-1 1.61859E-2 5.8605E-3 9.54565E-3 2.02529E0 5.02448E-2 3.51987E-2 2.00316E-1 1.72067E-2 1.36131E-2 1.33803E0 9.52144E-2 8.58843E-2 6.10945E-2 3.09499E1 2.01614E-2 1.30273E-1 6.07595E-2 5.42818E-2 2.05982E-2 1.03285E1 4.87868E-2 8.82042E-1 1.97735E-1 8.51991E-3 2.61818E-2 2.4185E0 9.23228E-1 1.36971E0 2.01496E0 2.13234E-1 4.4777E-1 1.70088E0 1.15944E1 2.70612E0 2.96364E0 1.82151E0 2.26193E0 1.4744E1 2.29808E1
6.64062E-1 3.60752E0 2.00965E0 1.76882E0 9.55781E0 9.26321E-1 1.25764E0 8.32971E0 8.58824E-1 4.16141E-1 8.30142E-1 3.43247E0 2.37672E0 2.0614E0 7.16491E-1 5.18431E-2 1.37623E-2 6.80269E-3 2.68613E-3 4.58101E-2 5.18063E-2 8.12684E-3 5.80428E-2 4.32896E-1 1.68528E0 1.71511E-2 6.3751E-1 4.46998E-2 1.4273E-2 7.78987E-1 1.41429E0 1.82225E1 1.83892E1 9.48557E0 1.43935E1 1.82916E0 2.12331E0 5.53573E-2 3.2669E-2 2.58152E-2 6.24359E0 5.38714E-2 2.04146E0 1.0628E-2 3.96169E-1 2.93625E-2 3.13892E-1 1.19249E-1 2.26507E-1 2.98189E-2 1.33299E-1 2.79466E-1 2.91687E-2 8.45308E-1 8.27276E0 7.87931E0 1.81294E0 3.49641E0 1.5214E1 2.23579E1
1.31554E0 5.03885E0 3.26081E1 5.60338E1 2.09038E0 1.52196E0 1.55111E0 7.13045E0 5.05354E0 3.40983E-1 5.1531E0 7.56005E0 1.68986E1 1.69971E0 7.68419E-1 5.72201E-2 7.13638E-3 9.8131E-4 2.32032E-2 1.75398E-2 4.64496E-2 2.41855E0 2.51443E-1 2.38719E0 3.05254E-1 3.08795E-1 5.52943E-2 3.33611E-2 6.34479E-1 2.08116E-2 3.43244E-1 5.75389E-2 2.11725E-3 1.11606E-2 4.66356E-2 1.13872E1 2.43131E0 6.59876E-1 3.87227E-2 2.86167E-2 5.48552E0 5.28364E-2 1.90857E1 6.16017E-1 5.3575E-2 4.2866E-2 3.89049E-1 6.05003E-2 4.16251E-1 5.91801E-2 1.32423E-1 5.56731E-2 7.0128E-2 5.09788E-1 4.62352E0 2.94026E0 4.96564E1 1.62641E1 1.90857E1 4.47671E1
1.42648E0 3.30118E0 1.60607E0 2.34178E0 7.77294E0 3.68345E0 6.70068E0 8.43025E-1 1.90903E0 4.65615E0 7.46792E-1 2.26289E0 4.71057E0 1.57079E0 8.68164E-1 6.2435E-2 7.69992E-3 2.38277E-4 1.19069E-2 1.93332E0 5.67168E-2 2.60538E-1 1.17867E0 2.04813E0 2.07584E0 6.2187E-2 2.01489E0 5.22378E-2 5.26047E-2 2.73842E0 3.54347E-1 4.012E-2 6.44674E-3 5.21719E-2 5.37212E-1 1.64064E1 2.17641E-2 5.72487E-2 6.10947E-1 5.53422E-2 2.08222E0 2.38246E1 1.60083E-2 1.62887E-2 3.20323E-2 5.12827E-2 5.64779E-1 9.58358E0 1.97591E0 5.89472E0 7.98092E-1 1.44404E0 5.57544E-2 5.40311E-2 1.45741E0 3.66131E0 2.77817E1 1.78344E1 2.79828E1 4.57747E1
1.27905E0 1.68937E0 6.03037E0 6.33415E0 1.42362E1 5.18778E0 1.37153E1 4.68388E0 7.67839E-1 2.36948E0 1.40497E0 6.57012E0 5.04972E0 2.41512E0 1.39583E0 7.11166E-1 5.41473E-2 2.20752E-2 8.98893E-2 3.21647E-1 1.91876E0 2.30737E1 1.5224E1 1.21751E0 3.20446E0 2.56102E-2 6.49778E-1 2.51324E-2 3.43362E-1 3.9761E-1 3.17202E-1 2.60182E-2 4.57095E-3 3.1826E-2 2.71628E-1 1.72098E1 8.43767E-3 2.28694E-1 2.1464E0 5.56829E0 1.24405E0 8.80822E0 3.1286E-2 1.16129E-1 2.88147E-2 5.99349E-1 2.48662E0 2.9151E0 2.38937E0 2.32476E0 5.46621E0 3.48868E0 7.78454E0 9.2349E0 6.63683E-2 7.6301E-1 5.94985E-1 1.97171E1 2.10514E1 2.32492E1
1.00201E0 4.07717E0 4.59142E-1 1.344E0 3.45376E1 4.02067E0 6.53609E-1 3.5453E0 1.67516E0 1.2349E0 2.79059E0 6.85478E0 5.63304E-1 1.99046E0 5.4355E-1 2.5282E-2 2.04837E-2 4.91043E-4 4.31358E-2 1.90175E-1 7.41872E0 4.99594E-2 3.87159E-2 2.4139E-2 3.83313E-1 4.66259E-3 1.03473E0 1.85615E-2 1.23003E1 1.09943E0 3.62361E-1 1.82135E0 1.12194E0 1.22174E0 1.38039E0 1.41581E1 4.1761E-2 7.77259E-1 2.99246E-2 7.70015E-1 4.22051E0 6.25982E-2 1.08016E1 1.35035E-2 5.1949E-2 1.114E1 5.23081E-2 1.78517E-2 5.8031E-1 6.92302E-1 3.81665E-1 3.04415E-2 1.1051E-2 2.61412E1 1.4628E-1 3.66521E-1 4.54896E-1 4.6881E0 2.66168E0 3.22021E0
2.63762E0 2.26038E0 1.96041E-1 4.91857E-1 1.74683E0 1.05962E1 2.18693E-1 9.62887E-1 1.51445E0 1.2926E0 6.85056E0 1.76549E0 1.02174E0 9.22248E-1 6.25667E-2 6.37474E-1 4.90103E-1 3.53647E-1 5.80482E-2 9.74287E-2 1.15249E-1 4.17698E0 6.07446E-2 1.99675E-1 2.70133E0 9.85997E-2 1.41332E0 1.57507E0 3.69064E-2 2.72139E-1 5.792E-2 2.05184E-2 6.69267E-3 4.68511E-3 1.87915E-2 1.2186E1 5.09306E-2 1.97974E-1 3.77585E-1 5.96743E-2 4.97428E-2 5.17819E0 1.03115E1 4.55268E-2 3.63191E-1 5.49578E0 5.12293E-2 2.25258E-2 3.57663E-1 4.97902E-1 4.43032E-2 1.83521E-1 3.43789E-2 5.08093E0 1.13036E-1 3.92351E-3 2.94323E0 6.68307E-1 5.77517E-1 3.32709E-2
8.2393E-1 1.18622E0 5.27248E-2 6.06816E-2 1.20425E0 5.11635E-2 5.46127E-2 4.30037E-2 7.0571E-1 8.3431E-1 6.70968E0 4.7443E-1 6.67299E-1 1.66625E0 1.25792E0 1.70517E0 2.37288E-2 4.84909E-1 9.60247E-4 8.06799E-2 2.31636E-2 1.25547E0 1.61E-1 3.63872E-1 5.38491E-1 1.04699E0 4.14178E0 3.78319E-2 2.01279E-2 3.0061E-1 2.35816E-1 2.9523E-2 5.00108E-3 2.51352E-3 8.10695E-2 9.4508E0 1.75061E-2 5.55499E-2 3.35166E-2 2.86313E-2 5.67875E-2 5.6786E-2 4.45723E-1 7.96495E0 1.05271E1 2.13549E-1 1.57753E-2 1.49919E-2 2.67456E-1 2.13617E-2 5.48306E-2 2.05737E-2 3.25956E-2 4.23761E-1 4.34853E0 5.77432E-3 3.11922E-1 2.38467E-1 2.20852E0 4.18615E-1
4.73048E-1 9.87513E-1 4.62832E-2 5.18023E-1 2.84953E-1 5.16429E-1 7.01037E-1 4.29586E-1 9.03345E-1 6.89439E0 5.96352E-1 6.00376E-1 7.68029E-1 3.14572E0 3.98573E0 5.41273E-2 4.66444E-2 9.23831E-1 2.25181E-1 9.04572E-2 1.42035E0 5.09902E-1 2.59497E0 6.83637E-1 2.03885E-2 4.76529E-2 6.98566E0 6.90825E-3 3.76204E-3 3.51202E-1 2.60214E-2 1.1143E-1 1.53606E-1 3.16988E-2 6.14881E-1 9.59071E0 1.7701E-2 2.3337E-2 6.22679E-2 2.42808E0 3.41098E-1 2.67018E-2 4.89664E-2 9.15775E0 8.99822E-1 2.06568E-2 1.76121E-2 7.73664E-2 5.67567E0 8.18418E-1 6.56228E-1 2.02693E-2 3.62882E-3 1.46672E-1 1.13754E1 1.0764E0 2.02184E-1 7.11184E-2 5.90264E-2 2.34919E-1
