PARETOsolutionLogistic/flood_Pareto.asc
ncols         319
nrows         495
xllcorner     219017.22331753
yllcorner     4610852.5305323
cellsize      500.0
NODATA_value  -9999
[rows 52 to 77 of 495, columns 59 to 117 of 319]
1.84495E-3 1.47145E-4 1.53896E-4 1.32441E-3 1.50978E-4 1.72596E-4 3.18749E-4 5.90884E-4 1.48356E-4 3.82305E-4 1.7297E-4 2.36699E-4 2.53142E-4 3.22706E-4 1.92371E-3 5.30032E-4 9.60012E-5 8.9632E-5 9.81899E-5 1.07471E-4 2.0381E-3 4.46012E-4 7.3258E-4 1.53768E-1 6.47841E-1 3.82878E-1 6.45501E-2 7.69065E-2 3.74179E-1 5.51475E-1 7.18182E-2 2.42269E-2 3.43497E-2 1.7529E-3 5.72481E-2 2.42937E-2 1.9166E-4 3.78664E-4 2.51197E-4 1.21244E-3 1.62144E-4 1.82704E-4 1.53762E-4 1.98536E-4 3.8273E-4 1.119E-3 2.51532E-3 1.94121E-4 1.072E-3 1.49342E-4 6.87247E-4 3.39733E-4 1.89518E-4 2.56748E-4 3.42786E-4 9.25644E-4 1.89345E-4 7.74298E-4 1.93019E-4
7.3472E-3 6.55852E-3 1.95174E-2 1.42345E-4 1.66187E-4 1.27896E-3 8.82239E-4 1.26728E-4 1.0996E-4 6.96039E-4 3.39469E-4 3.6011E-4 1.69852E-4 1.62375E-4 1.79999E-3 1.85716E-4 1.78731E-4 2.33892E-4 2.29207E-4 1.51862E-3 9.20714E-4 2.9143E-4 2.51963E-4 5.91175E-4 2.90618E-3 1.55286E-1 6.5278E-1 4.69203E-1 1.46661E-1 5.19039E-1 7.53136E-2 3.0531E-2 6.23363E-2 2.61029E-2 3.00655E-1 1.32912E-2 2.11557E-4 2.60966E-4 1.78585E-3 1.74004E-4 1.40561E-4 7.63057E-4 1.36068E-4 2.25915E-4 1.32694E-4 1.63026E-4 4.04044E-2 8.41859E-4 2.45799E-3 1.05053E-3 1.84638E-4 2.54262E-4 1.57496E-4 5.74804E-4 1.88729E-4 9.62553E-4 1.1157E-4 1.6524E-4 1.72499E-4
1.408E-1 8.78371E-2 7.26416E-4 3.423E-4 1.5213E-3 1.73638E-4 3.11934E-4 2.88326E-4 1.40034E-4 7.87508E-4 6.61293E-4 8.02506E-4 1.25177E-3 1.83556E-4 1.85701E-4 1.84656E-3 7.11899E-4 7.06217E-4 6.68902E-4 6.94747E-4 1.99826E-3 3.13407E-3 6.19051E-4 5.69336E-4 3.22248E-4 6.1794E-4 7.25953E-3 3.31027E-1 5.25353E-1 1.18774E-1 2.60921E-1 1.51505E-1 5.66598E-1 6.22767E-1 1.23965E-1 1.38148E-2 1.04557E-2 4.35535E-2 3.00869E-2 1.32753E-2 8.50495E-4 1.36951E-4 1.28443E-4 2.00559E-4 3.71268E-4 1.01895E-3 3.75185E-2 1.26724E-4 1.65452E-4 1.46176E-4 2.07649E-4 1.06608E-3 7.67267E-4 1.6651E-4 2.65565E-4 1.56176E-4 1.59938E-4 1.00279E-4 7.74669E-5
9.97924E-3 5.05024E-2 6.23562E-4 3.79903E-4 1.4768E-3 8.73124E-4 6.46795E-4 1.61895E-4 6.94522E-4 1.30051E-3 1.69744E-4 9.67442E-4 6.08972E-4 9.33734E-4 1.82447E-4 1.86035E-4 2.25036E-3 8.71273E-4 2.51729E-3 8.07286E-4 7.3319E-3 4.43426E-4 2.48975E-4 8.94542E-4 1.2946E-2 1.54773E-2 1.20361E-1 5.90045E-1 2.44866E-1 3.74013E-2 3.79627E-3 1.92492E-4 9.97415E-3 3.36545E-2 5.44811E-1 1.43322E-1 5.06398E-2 1.77426E-2 9.09508E-3 2.01179E-1 1.31038E-2 3.31804E-4 1.4293E-4 2.31364E-4 3.19033E-4 3.35429E-4 3.27759E-2 8.93387E-4 9.3018E-4 2.45041E-3 7.80428E-4 6.04187E-3 2.44859E-3 3.20513E-4 5.37503E-4 2.52056E-4 7.81309E-4 5.58227E-4 2.31357E-4
2.54036E-3 1.73301E-4 1.71939E-4 8.53447E-4 2.18173E-3 2.72401E-3 3.22603E-4 1.49803E-4 2.1656E-4 2.22234E-3 7.73116E-4 1.06219E-3 5.8372E-4 1.14199E-3 1.8104E-4 6.50214E-4 6.84102E-4 2.11467E-3 1.0075E-3 6.04229E-3 2.08958E-4 5.39425E-4 1.97485E-4 1.83873E-4 1.11239E-1 2.03277E-1 5.6851E-1 6.24515E-2 5.23644E-4 5.20741E-2 2.09984E-4 1.51984E-3 2.38258E-4 4.22E-2 4.11879E-1 2.31857E-1 9.33133E-2 7.88621E-2 7.40349E-2 4.28344E-1 2.71563E-3 1.21989E-3 4.99374E-4 1.85094E-4 1.61087E-4 2.03677E-1 1.02246E-3 7.62207E-4 3.09312E-4 1.74515E-4 1.8199E-3 2.23497E-3 1.01169E-3 1.50035E-4 1.99473E-4 3.3573E-4 7.42167E-4 1.9995E-4 1.78619E-4
1.2779E-1 3.33497E-4 4.16246E-4 2.1021E-4 2.37358E-3 1.82059E-3 1.54113E-4 1.50716E-3 3.27285E-4 5.60584E-4 4.58514E-3 1.69286E-3 7.58892E-3 4.7632E-3 7.60779E-4 1.88929E-4 1.61561E-3 2.76966E-3 1.15423E-1 1.19269E-1 4.01832E-4 2.20037E-4 1.38707E-2 6.17386E-2 1.26981E-1 4.50943E-1 2.02553E-1 3.17449E-1 3.38621E-3 3.19887E-2 2.11829E-4 2.22696E-4 1.60771E-2 2.58022E-2 1.87245E-1 3.42066E-1 3.17065E-1 2.15528E-1 3.65011E-1 2.16551E-1 2.01911E-2 1.90513E-2 1.55683E-4 2.11682E-3 1.77674E-4 3.17051E-1 1.6402E-4 3.44915E-4 1.50385E-4 1.89789E-4 1.90078E-4 2.35286E-3 1.34963E-4 1.85146E-4 1.50389E-4 1.17378E-3 1.8093E-4 2.46917E-4 9.17081E-4
6.86631E-3 2.88866E-4 1.01907E-3 2.17872E-4 3.07906E-2 1.02653E-1 1.30411E-3 2.96247E-4 1.44375E-3 8.34981E-4 5.82083E-4 2.79676E-3 2.63792E-3 9.65829E-3 9.67053E-3 9.48336E-3 1.29719E-3 1.98278E-4 2.14005E-4 2.08981E-4 4.02431E-2 8.90968E-4 5.87978E-4 4.59149E-2 2.74873E-1 4.35307E-1 5.09207E-1 1.39949E-1 2.36892E-1 2.11194E-1 1.04799E-2 1.14275E-1 1.18939E-2 1.79369E-1 2.88576E-1 3.54574E-1 3.74866E-1 3.12585E-1 1.38615E-1 2.1363E-1 3.20092E-1 1.24765E-1 3.19388E-2 4.87408E-3 3.10878E-3 5.62792E-1 6.55652E-2 3.26102E-4 1.8178E-4 7.96772E-4 1.72836E-3 1.77429E-4 2.70845E-4 2.09149E-4 1.45382E-3 9.06206E-4 2.24216E-4 1.70403E-4 1.36994E-3
1.46438E-4 1.91913E-4 8.623E-4 6.73375E-4 2.26035E-4 1.48533E-2 1.34566E-1 9.955E-4 2.76254E-4 3.6724E-4 6.41553E-4 2.50895E-3 3.65976E-4 4.16514E-4 8.78696E-4 1.68168E-4 2.0724E-4 8.82958E-4 2.43478E-4 2.59306E-4 2.62481E-4 5.68186E-2 1.44612E-3 4.53255E-2 8.17637E-2 3.92249E-1 3.09395E-1 3.40043E-1 1.75698E-1 5.0239E-1 6.2577E-2 2.0337E-1 1.89425E-1 3.27474E-1 3.80763E-1 2.77148E-1 3.65255E-1 1.82749E-1 3.72557E-1 1.14237E-1 3.15567E-1 2.68348E-1 1.78279E-1 2.16144E-2 5.88392E-1 6.56658E-2 9.86029E-3 1.6255E-4 2.1172E-4 2.19738E-4 5.80331E-3 3.20074E-4 2.08434E-4 1.94994E-4 2.42821E-3 1.59039E-4 2.25277E-4 1.57571E-4 1.82757E-3
3.67833E-4 2.31966E-4 6.47884E-4 6.03573E-4 1.35858E-4 1.93426E-4 1.98288E-1 1.60053E-4 6.61067E-4 1.70819E-4 7.83864E-4 7.91114E-4 5.86325E-4 5.14874E-4 9.80974E-4 7.89518E-4 6.09364E-4 5.78141E-4 9.91315E-4 1.9205E-3 1.29003E-2 1.28709E-1 6.91844E-3 5.33412E-4 1.34275E-1 2.874E-1 4.79937E-1 3.89753E-1 2.71772E-1 4.20474E-1 5.39835E-1 3.02679E-1 4.19098E-1 4.17257E-1 4.12749E-1 3.79322E-1 3.84643E-1 3.80985E-1 3.44278E-1 1.48331E-1 3.07605E-1 8.88678E-2 2.44104E-1 7.84942E-2 1.75766E-1 3.3658E-1 4.0287E-3 1.75855E-4 2.1735E-4 3.52766E-2 1.44793E-4 1.50585E-4 2.49669E-4 1.85374E-4 6.11734E-3 1.97603E-4 7.87169E-4 1.68806E-4 2.08162E-3
7.15869E-3 1.1984E-2 7.73416E-4 4.98701E-4 2.58712E-4 7.29811E-4 2.68001E-1 1.9475E-2 3.12365E-4 7.44948E-4 1.47175E-3 1.61969E-3 3.89828E-4 5.5513E-4 7.88868E-4 1.8957E-4 1.13415E-3 8.51804E-4 4.42571E-4 2.62693E-4 3.85878E-2 6.18769E-1 6.2043E-3 1.47643E-2 5.26601E-3 2.04918E-1 3.54639E-1 3.77355E-1 3.68185E-1 2.62136E-1 2.90514E-1 5.33656E-1 2.73877E-1 2.76181E-1 3.01513E-1 2.79405E-1 4.23768E-1 3.91591E-1 3.98086E-1 3.58325E-1 3.17008E-1 3.05707E-1 2.44716E-1 5.88399E-2 1.61849E-1 2.68476E-1 1.38626E-1 9.45257E-3 1.61598E-1 6.29475E-4 1.42118E-4 7.19092E-4 2.12629E-4 2.41066E-3 1.07212E-3 4.74118E-4 2.18886E-4 3.55669E-3 8.43041E-3
7.39927E-2 2.2033E-1 1.54569E-4 4.88461E-4 1.45626E-4 3.05465E-3 1.04607E-2 1.69413E-1 2.56527E-3 3.97471E-1 1.92749E-4 7.56174E-4 4.13548E-4 3.05786E-3 7.20251E-4 1.03497E-3 1.25297E-3 2.15368E-4 2.44421E-4 4.7338E-4 7.36419E-3 6.00927E-2 5.97578E-1 7.43244E-3 7.5723E-3 3.80409E-1 3.06182E-1 3.49247E-1 4.15005E-1 3.73825E-1 3.77713E-1 3.77308E-1 5.46716E-1 5.37685E-1 1.80141E-1 1.94231E-1 1.77591E-1 2.64992E-1 3.77704E-1 3.56352E-1 3.23042E-1 1.68739E-1 2.84022E-1 1.33486E-1 1.10976E-1 1.29393E-1 2.46927E-1 7.31387E-3 2.9269E-1 2.77569E-3 7.36621E-4 7.90887E-4 1.89427E-4 3.06253E-3 9.89319E-4 1.79258E-3 1.8102E-4 1.77597E-4 2.86494E-3
-9999 2.27534E-2 1.92475E-4 1.05296E-2 2.53811E-3 5.94488E-2 3.77372E-2 2.55854E-1 2.60407E-1 4.20302E-2 3.80219E-2 1.87076E-4 4.36941E-4 4.85862E-4 1.76877E-3 7.2267E-4 5.89224E-2 1.81311E-4 2.03783E-4 1.68759E-2 5.16604E-4 5.24501E-3 4.36229E-1 3.15936E-3 2.5606E-2 5.06204E-3 3.4393E-1 2.51092E-1 2.65306E-1 2.91666E-1 4.12006E-1 3.06759E-1 4.24266E-1 3.94827E-1 5.41155E-1 2.94879E-1 2.6241E-1 3.72365E-1 4.062E-1 3.89911E-1 1.93527E-1 3.42248E-1 5.92284E-2 3.36899E-1 3.20646E-1 3.21903E-1 3.65809E-2 5.70651E-1 1.40716E-1 1.05731E-3 2.00882E-4 7.47797E-4 1.9339E-4 2.45826E-3 3.02877E-4 5.86164E-4 1.67872E-4 2.96229E-3 2.90365E-3
-9999 8.81293E-2 4.41334E-3 2.62192E-2 5.89205E-2 1.09349E-1 1.08311E-1 1.19549E-1 3.6964E-3 2.09151E-4 1.64186E-2 2.38305E-2 5.18328E-4 5.18877E-4 2.73549E-3 1.27918E-3 4.14195E-4 1.52891E-1 6.33873E-4 1.37415E-1 1.22615E-1 7.75065E-2 4.17974E-1 4.27429E-3 7.74087E-3 7.46197E-3 4.24584E-2 2.12422E-1 3.19316E-1 2.71261E-1 3.01608E-1 4.1175E-1 2.7011E-1 3.75769E-1 3.74082E-1 5.38617E-1 5.44795E-1 2.49177E-1 2.56757E-1 3.9141E-1 3.71441E-1 2.10113E-1 3.24406E-1 3.45064E-1 3.03982E-1 2.25074E-1 1.49212E-1 3.78584E-1 3.17919E-2 1.247E-4 2.00323E-4 2.66306E-3 2.91508E-3 7.49369E-4 4.55972E-4 1.97463E-4 5.77913E-4 2.19449E-4 9.40267E-3
-9999 -9999 8.49762E-2 1.29999E-1 1.02385E-1 4.81122E-2 2.44923E-3 1.09956E-2 9.89231E-2 1.45932E-4 3.37281E-4 1.43214E-3 2.10318E-4 1.34109E-4 4.36505E-4 8.0211E-4 9.36551E-4 4.71693E-4 2.36954E-2 8.41808E-3 3.20986E-2 2.8794E-1 4.63351E-1 9.27846E-2 1.18875E-2 1.84903E-2 1.48744E-2 2.46837E-1 3.48972E-1 3.74969E-1 3.84501E-1 3.8669E-1 2.47418E-1 2.84437E-1 2.73229E-1 1.98506E-1 2.53457E-1 5.47822E-1 5.55545E-1 5.70304E-1 2.77247E-1 3.69442E-1 2.17017E-1 3.19893E-1 1.76684E-1 2.48581E-1 2.86623E-1 2.39672E-1 2.891E-2 3.17132E-3 1.25656E-2 4.30544E-4 7.37474E-4 1.16391E-1 1.04144E-3 6.8546E-4 2.40184E-3 8.99138E-4 1.24582E-1
-9999 -9999 1.18568E-1 9.01719E-3 2.47555E-3 6.63458E-3 1.77301E-4 8.46571E-3 1.68409E-1 4.28421E-3 4.08987E-4 1.03473E-3 3.73834E-4 6.94184E-4 2.35264E-4 2.04576E-4 2.30336E-4 6.71134E-3 1.3951E-1 6.37814E-2 1.00528E-1 3.59791E-2 3.61742E-1 4.52223E-1 7.51584E-2 4.62132E-2 2.54877E-2 3.94689E-2 1.15368E-1 3.48072E-1 1.43466E-1 2.56267E-1 2.44481E-1 1.72019E-1 2.66105E-1 4.04086E-1 2.12694E-1 2.42115E-1 2.87856E-1 4.18966E-1 5.71008E-1 2.73374E-1 3.54465E-1 2.08208E-1 3.46494E-1 1.48058E-1 2.99977E-1 9.62524E-2 1.1712E-1 1.46292E-1 3.5911E-2 1.76336E-4 2.74316E-4 5.70017E-2 1.61633E-4 2.21271E-4 1.07862E-3 2.15935E-4 5.01976E-3
-9999 -9999 6.30086E-2 8.9954E-2 2.67545E-3 4.54896E-4 3.70539E-4 1.87836E-4 1.5763E-1 4.82893E-3 1.7769E-4 5.64123E-4 1.20785E-3 2.5962E-4 2.09462E-3 3.47846E-2 6.24719E-2 3.09269E-2 8.21927E-3 1.05159E-2 3.28402E-3 2.91169E-2 6.83948E-2 4.36134E-1 1.61681E-1 7.22869E-2 2.27104E-2 2.02339E-2 2.37049E-1 1.47757E-1 2.14689E-1 9.80843E-2 1.54364E-1 4.09757E-1 2.66403E-1 2.64806E-1 2.57094E-1 2.33147E-1 2.67736E-1 3.79647E-1 4.02496E-1 5.74469E-1 3.60939E-1 3.97567E-1 3.21097E-1 3.34009E-1 1.54536E-1 3.37098E-1 9.73967E-2 9.39804E-2 5.71227E-2 3.49634E-2 5.33301E-3 5.49616E-2 2.87568E-3 1.8576E-4 1.00267E-1 7.98249E-3 2.03183E-1
-9999 -9999 4.72104E-2 8.8143E-3 2.27538E-4 1.9779E-4 2.20597E-4 3.05182E-4 2.63115E-3 1.03041E-1 1.4824E-4 2.13298E-4 6.29161E-4 1.03158E-3 1.34432E-4 1.86416E-4 9.28927E-4 1.95614E-4 1.16282E-2 7.03314E-3 3.54838E-4 4.96774E-4 2.4084E-4 3.31971E-1 4.55115E-1 2.00545E-1 6.57259E-2 5.56035E-2 2.75067E-1 3.72387E-1 2.90004E-1 1.38312E-1 1.09166E-1 1.87004E-1 3.49692E-1 4.03444E-1 4.01855E-1 3.89185E-1 2.45245E-1 3.9167E-1 2.03089E-1 3.26835E-1 5.71439E-1 3.95345E-1 2.33869E-1 2.87581E-1 3.45371E-1 2.85248E-1 1.15924E-1 2.74293E-1 3.36329E-2 9.42243E-2 3.91611E-2 3.15324E-1 2.22212E-2 2.89552E-1 5.76313E-1 1.01719E-1 1.90583E-4
-9999 -9999 2.49827E-2 2.67457E-2 8.33404E-3 7.73105E-2 1.34068E-2 4.30066E-4 2.14856E-4 5.78782E-2 9.73304E-2 1.42272E-4 3.53507E-4 7.46191E-4 1.77703E-4 1.17401E-4 2.28913E-4 1.18758E-4 1.96032E-4 9.31668E-4 9.37008E-4 5.99202E-3 3.54923E-3 1.4061E-2 4.23956E-1 4.81769E-1 1.77936E-1 7.62095E-2 6.7316E-2 2.75985E-1 1.90782E-1 3.46075E-1 2.93328E-1 2.46797E-1 2.34275E-1 2.49351E-1 2.73656E-1 2.69793E-1 2.71651E-1 2.82153E-1 4.2612E-1 4.24723E-1 2.96221E-1 5.73097E-1 3.49981E-1 2.29686E-1 3.46793E-1 3.20385E-1 3.19213E-1 3.39645E-1 3.24847E-1 2.46105E-1 1.18831E-1 2.55453E-1 4.03139E-1 1.2008E-1 5.28265E-3 2.11264E-4 7.55936E-4
-9999 -9999 1.12326E-1 1.05313E-1 1.50175E-1 1.30221E-1 1.00684E-2 1.8201E-4 1.24033E-4 1.85288E-4 1.20003E-1 3.02481E-4 1.84168E-4 5.90728E-4 5.52261E-4 4.73336E-4 5.88981E-4 5.38231E-4 4.43635E-4 3.60077E-4 1.75305E-2 4.70731E-1 2.04407E-1 1.22781E-1 1.98955E-1 3.59257E-1 1.24816E-1 1.97216E-1 7.75243E-2 2.05071E-1 3.88321E-1 3.59681E-1 3.52052E-2 1.18965E-1 2.14793E-1 3.24775E-1 2.70189E-1 4.0495E-1 3.97815E-1 3.94201E-1 2.88364E-1 3.01029E-1 2.84509E-1 3.16813E-1 5.72514E-1 3.7523E-1 3.31276E-1 1.90902E-1 3.18742E-1 2.66348E-1 1.34168E-1 1.72895E-1 1.56893E-1 4.10181E-1 3.19086E-1 6.10067E-2 8.21202E-4 7.98206E-3 2.2336E-4
-9999 -9999 3.93513E-2 1.0293E-1 2.62563E-2 5.84971E-2 2.4994E-4 2.03164E-4 2.16314E-4 8.71915E-4 1.13604E-1 9.20897E-4 7.19295E-4 4.47305E-4 2.38074E-4 9.97443E-4 2.00574E-3 1.81573E-3 3.58367E-4 1.01697E-1 1.96202E-1 7.17504E-2 3.6184E-2 1.23514E-2 7.85747E-2 4.26083E-1 3.86248E-1 4.15402E-1 2.70574E-1 3.75791E-1 6.04606E-2 1.09676E-1 2.65342E-1 4.84479E-2 1.74655E-1 2.01686E-1 2.58712E-1 2.87936E-1 4.24429E-1 2.79488E-1 4.02834E-1 3.07496E-1 3.93759E-1 3.94439E-1 5.72432E-1 3.71107E-1 3.69752E-1 3.67742E-1 1.61719E-1 1.49254E-1 2.67145E-1 2.50293E-1 3.19143E-1 1.97161E-1 3.25926E-1 2.76805E-1 3.9564E-4 4.41941E-2 4.93089E-2
-9999 -9999 -9999 3.34119E-2 5.28255E-2 1.57184E-4 1.53817E-4 4.22561E-4 3.00179E-4 9.50099E-5 2.41682E-3 6.72628E-4 1.41976E-4 1.57234E-4 2.08357E-4 4.19637E-4 1.02828E-3 5.87146E-4 7.73997E-2 2.48676E-4 4.32362E-4 8.62428E-3 2.64585E-2 1.34155E-1 2.83446E-1 3.02899E-1 1.01426E-1 1.64812E-1 3.33076E-1 3.8543E-1 2.80974E-1 9.1156E-2 1.27497E-1 1.18838E-1 1.16533E-1 8.72466E-2 2.14409E-1 2.80845E-1 2.61243E-1 2.73893E-1 4.17804E-1 2.70853E-1 2.37739E-1 4.00342E-1 3.05167E-1 5.74894E-1 3.76285E-1 2.19471E-1 3.62719E-1 3.30364E-1 3.25819E-1 3.22708E-1 1.41129E-1 1.87197E-1 3.75334E-1 6.0008E-2 1.31369E-2 1.89989E-1 3.29535E-1
-9999 -9999 -9999 1.14575E-1 5.34774E-2 6.74852E-2 3.38825E-4 6.34786E-4 1.93523E-3 1.96155E-4 1.96035E-3 2.17551E-3 1.382E-4 1.70549E-4 2.47419E-4 8.04078E-5 7.31355E-4 5.38244E-2 2.05215E-4 6.39045E-4 1.67714E-2 1.22411E-1 3.07254E-1 2.78272E-1 3.18979E-3 6.85055E-3 1.26742E-2 8.17979E-2 2.18228E-1 3.28475E-1 4.0899E-1 2.8367E-1 2.44926E-1 7.50114E-2 1.67233E-1 1.7833E-1 2.7201E-1 2.16905E-1 3.94857E-1 2.6838E-1 4.20662E-1 4.16276E-1 2.45867E-1 3.89177E-1 4.11185E-1 5.76521E-1 2.41519E-1 3.65449E-1 2.0055E-1 3.60141E-1 1.73535E-1 2.47253E-1 1.59843E-1 2.70169E-1 3.15398E-1 2.56228E-1 3.74735E-1 2.67479E-2 3.30307E-2
-9999 -9999 -9999 6.22703E-2 9.56927E-2 1.69143E-1 3.47138E-2 1.5733E-4 5.75302E-4 2.3466E-4 1.83135E-3 3.63022E-2 8.77047E-4 3.09243E-4 1.44371E-3 1.76296E-4 6.00244E-4 1.7197E-4 2.57106E-4 1.34761E-2 5.77346E-2 5.42916E-4 6.30526E-2 2.54015E-2 1.09831E-2 1.34849E-2 1.37124E-2 4.59626E-2 3.1714E-1 1.50333E-1 3.28896E-1 4.01227E-1 3.93737E-1 2.46836E-1 9.06798E-2 1.36224E-1 1.41871E-1 1.67072E-1 1.43063E-1 1.79972E-1 1.66978E-1 3.91704E-1 2.32034E-1 4.02074E-1 3.71526E-1 5.81688E-1 3.71212E-1 2.34956E-1 1.95975E-1 2.9376E-1 3.05666E-1 1.44094E-1 3.43141E-1 3.56475E-1 3.09448E-1 3.15137E-1 2.10911E-1 2.18286E-2 2.76705E-2
-9999 -9999 -9999 -9999 6.1188E-2 3.92589E-2 1.44259E-4 1.95765E-4 4.62651E-4 1.90419E-3 1.92569E-4 1.7557E-4 2.31021E-3 1.34709E-4 4.10979E-4 1.25026E-4 3.33126E-4 1.92829E-4 3.87629E-4 1.56813E-2 6.60895E-4 1.98626E-2 8.66975E-2 9.08379E-3 7.58305E-2 1.62105E-1 2.00984E-1 2.95218E-1 2.19036E-1 1.2727E-1 1.80911E-1 2.07896E-1 1.94138E-1 9.2861E-2 2.58073E-2 2.0061E-2 3.14195E-2 1.70986E-2 1.68484E-2 6.86024E-2 1.74441E-1 2.89602E-1 3.64406E-1 2.40757E-1 3.03868E-1 5.7338E-1 3.02225E-1 4.05341E-1 3.33425E-1 3.98885E-1 2.82581E-1 3.40267E-1 3.58428E-1 3.80547E-1 3.15662E-1 2.98445E-1 8.48458E-2 3.77226E-2 2.76774E-1
-9999 -9999 -9999 -9999 6.87993E-2 2.4744E-3 1.39821E-4 4.32934E-4 6.19141E-4 8.86806E-4 3.01462E-4 2.32952E-4 2.56981E-3 1.78549E-3 1.25291E-3 2.12059E-4 2.18194E-4 1.6352E-4 1.86806E-4 1.25921E-3 9.191E-4 2.97639E-3 1.07237E-3 1.19647E-4 3.60166E-3 9.32693E-3 1.19943E-1 2.27344E-2 3.44939E-2 4.87172E-2 1.47037E-1 2.43358E-1 7.04784E-2 1.15467E-1 3.66774E-2 7.46643E-2 1.02894E-2 7.9863E-2 1.37228E-2 2.6552E-2 3.38533E-2 1.16988E-1 9.65407E-2 4.3729E-1 4.60386E-1 5.70453E-1 3.14353E-1 3.75483E-1 2.11835E-1 3.8909E-1 3.88586E-1 3.29754E-1 2.09124E-1 3.47044E-1 3.30467E-1 2.75226E-1 1.17884E-1 2.7387E-1 3.86202E-1
-9999 -9999 -9999 -9999 9.16209E-2 4.56738E-2 1.03535E-2 1.49878E-4 2.18062E-4 1.83185E-4 1.98164E-4 7.63173E-4 7.29785E-4 1.35676E-3 1.46372E-3 6.46074E-4 7.80758E-4 1.5992E-4 5.43827E-4 8.92157E-4 1.61794E-4 1.42913E-4 1.42792E-4 4.02427E-4 2.50407E-2 5.27751E-2 7.72609E-3 1.1875E-2 9.30832E-2 1.0411E-1 1.08806E-1 2.36927E-1 2.45044E-1 1.91598E-1 7.99231E-2 1.72407E-2 6.07248E-2 6.32409E-2 1.97101E-2 3.60683E-2 3.99663E-2 1.65027E-1 1.7284E-1 4.02933E-1 2.08629E-1 3.20399E-1 5.95161E-1 5.9681E-1 5.70239E-1 3.67953E-1 3.27209E-1 1.61701E-1 3.03503E-1 3.17757E-1 3.26113E-1 2.9016E-1 3.45985E-1 2.97637E-1 1.88473E-1
