PARETOsolutionLogistic/flood_Pareto.asc
ncols         319
nrows         495
xllcorner     219017.22331753
yllcorner     4610852.5305323
cellsize      500.0
NODATA_value  -9999
[rows 312 to 337 of 495, columns 118 to 176 of 319]
8.42128E-2 3.46545E-2 7.06685E-2 2.98477E-2 3.71162E-2 1.36096E-1 3.58116E-2 8.49394E-2 3.36239E-2 1.05342E-1 1.03589E-1 7.11262E-2 7.30802E-2 1.09627E-2 3.0749E-2 3.19238E-2 8.33855E-2 1.26898E-1 6.56058E-1 2.3943E-1 5.46815E-2 3.19087E-2 2.69132E-1 7.2518E-2 1.14817E-2 9.59061E-2 1.54004E-1 1.22364E-1 3.36565E-2 3.19246E-2 8.19596E-2 1.07895E-1 3.32292E-1 3.65055E-2 2.20315E-1 1.46475E-1 6.74839E-2 3.18042E-2 1.08189E-1 6.20644E-2 1.46256E-1 4.09017E-2 3.50124E-2 1.77992E-2 9.1453E-4 1.99983E-4 8.59512E-4 1.5703E-4 7.65803E-4 1.83423E-4 1.10289E-4 1.56475E-4 5.19815E-3 1.92615E-1 3.97815E-2 6.64083E-2 5.2154E-2 5.26319E-2 1.2038E-1
5.95892E-2 6.33634E-2 4.86178E-2 9.55393E-2 3.37429E-2 4.46575E-2 7.61492E-2 1.22172E-1 2.53925E-2 2.38361E-2 2.67008E-2 1.53625E-1 4.23295E-2 1.34063E-1 1.45368E-2 5.45687E-3 2.51672E-2 1.95185E-1 4.68852E-1 6.17631E-1 5.72413E-2 2.17455E-1 1.07411E-1 4.25913E-2 2.09369E-2 4.25417E-1 1.6095E-2 2.46603E-2 4.05535E-2 2.65173E-2 1.27976E-1 1.98663E-1 2.99741E-1 1.8208E-1 4.21686E-1 2.77651E-2 6.41142E-2 1.08097E-1 2.77211E-2 9.53845E-3 9.97494E-2 2.31096E-1 6.3044E-3 3.67274E-2 1.36159E-3 1.24099E-3 8.51935E-4 5.9244E-4 1.84619E-4 7.46565E-4 6.98349E-4 6.50939E-5 3.61887E-4 8.15861E-2 3.16652E-2 1.91902E-1 1.79331E-2 5.6105E-3 1.02549E-2
8.75487E-2 4.67729E-2 1.37386E-1 4.50351E-2 1.30501E-1 7.90616E-2 1.40605E-1 4.00154E-2 6.65411E-2 3.09547E-2 8.77907E-2 2.68182E-1 7.68248E-2 9.70126E-2 1.55556E-1 4.72753E-2 1.45248E-1 1.71702E-1 6.7253E-1 2.13228E-1 1.34461E-1 2.73115E-1 1.2042E-1 6.49442E-2 1.84318E-2 3.80129E-1 5.99653E-2 1.86233E-2 7.10194E-2 1.42618E-1 4.24399E-2 4.44311E-1 1.8274E-1 3.51423E-1 1.75641E-1 4.64657E-2 1.8199E-1 2.74563E-2 1.62563E-1 1.07137E-1 9.34952E-3 8.71058E-2 3.10815E-3 7.81871E-4 1.46088E-4 1.35618E-4 1.88467E-4 5.65799E-4 5.4044E-4 1.28776E-4 1.76976E-4 3.58447E-4 1.49257E-4 2.71351E-4 8.22097E-3 1.79668E-1 2.00738E-1 1.5894E-1 1.16779E-1
6.53076E-2 7.32677E-2 4.21558E-2 7.28376E-2 3.4876E-2 7.53231E-2 2.31785E-1 1.20243E-1 8.43843E-2 4.47082E-2 9.50696E-2 1.04169E-1 3.78029E-1 3.36455E-2 1.12487E-1 4.87174E-2 6.34233E-2 1.2385E-1 5.60596E-1 4.69687E-1 4.99127E-1 4.28715E-1 4.36042E-1 3.40977E-1 5.67292E-1 1.87372E-1 4.89373E-1 2.70178E-1 1.20477E-1 4.29541E-1 5.09693E-2 4.55309E-1 4.1712E-1 4.14185E-1 4.14788E-1 2.99568E-1 1.09788E-1 1.81356E-1 3.745E-2 3.92052E-2 5.97783E-2 4.64083E-2 2.85462E-3 1.7693E-4 3.21653E-4 1.40067E-4 1.84195E-4 3.95808E-4 1.49477E-4 2.35076E-4 9.36025E-5 1.247E-4 7.84975E-5 2.85864E-4 1.25894E-2 3.97973E-3 1.94066E-1 1.77725E-1 1.12634E-1
3.20679E-2 1.03939E-1 6.68456E-2 1.37423E-1 2.78119E-2 3.23811E-2 1.87995E-1 1.15612E-1 9.4858E-2 2.62993E-1 5.83481E-2 2.1018E-2 1.32661E-1 3.43832E-1 1.07259E-1 7.65904E-2 1.21266E-2 7.44693E-2 3.70624E-1 6.65186E-1 6.85603E-1 7.04598E-1 6.71187E-1 6.98986E-1 3.04235E-1 5.29072E-1 6.32915E-1 1.6007E-1 6.35887E-2 7.62771E-2 1.2882E-1 4.37349E-1 4.28787E-2 5.41472E-2 1.05869E-1 8.5819E-2 1.92241E-1 5.3774E-2 1.64744E-1 1.95984E-2 1.14481E-2 3.00759E-2 1.8697E-1 1.80755E-2 1.49584E-4 7.02156E-4 1.77047E-4 8.31506E-4 1.36914E-4 3.28174E-4 1.80674E-4 2.39788E-3 4.4647E-4 6.74861E-5 2.53303E-4 3.66083E-4 6.13265E-2 7.17422E-3 4.75747E-2
3.34926E-2 5.68753E-2 2.39986E-2 1.32718E-1 1.07165E-1 8.76938E-2 3.92957E-2 1.00677E-1 1.12911E-1 4.54132E-2 4.94397E-2 3.7791E-2 2.18752E-1 3.37214E-1 2.34132E-1 1.12267E-1 7.51382E-2 5.21414E-3 1.0426E-1 2.33739E-1 5.80779E-2 1.63361E-2 2.01418E-1 6.74234E-1 6.30799E-1 4.90516E-1 5.8015E-1 3.78757E-1 3.7413E-2 1.55144E-1 4.76999E-1 4.04272E-2 2.10205E-1 1.37807E-1 1.55729E-1 2.10903E-1 2.31392E-1 5.23616E-2 4.36632E-2 9.22721E-2 9.2714E-2 7.5364E-2 1.11671E-2 7.72471E-2 1.02644E-3 1.51891E-4 2.04504E-4 1.16038E-3 3.7223E-4 1.03355E-3 9.31604E-4 2.57798E-4 2.1048E-4 8.34466E-5 5.03189E-4 3.61235E-4 2.48761E-4 1.78623E-2 2.59779E-1
3.81061E-2 1.39031E-1 8.37044E-2 9.46182E-2 2.28659E-2 5.08999E-2 4.80385E-2 1.00673E-1 4.89076E-2 3.70806E-2 6.19815E-2 7.35383E-2 7.84656E-2 2.83759E-1 3.39535E-1 3.49155E-1 1.39158E-1 1.8261E-2 1.84195E-2 4.81319E-2 1.04897E-2 1.54145E-2 8.46058E-2 6.6909E-1 6.30964E-1 5.33032E-1 1.06288E-1 6.32249E-2 5.23486E-2 1.50648E-1 1.96111E-1 5.48484E-2 5.18463E-2 4.54923E-1 1.26052E-1 3.21643E-2 1.23899E-1 2.37854E-1 6.59397E-2 4.79442E-2 2.30769E-2 1.0182E-1 3.01189E-1 4.06886E-3 3.04376E-3 6.96225E-4 1.80945E-4 2.1607E-4 1.87695E-3 1.84556E-4 2.30708E-4 8.58188E-4 1.25716E-4 4.38624E-4 1.47151E-4 1.05186E-4 4.96824E-4 3.806E-2 4.72918E-1
9.00103E-2 3.22616E-2 4.38704E-2 4.22626E-2 1.45855E-1 1.98894E-1 6.73225E-2 1.7816E-1 9.9459E-2 3.75309E-2 5.33204E-2 4.35344E-2 1.94421E-1 2.34155E-1 3.54309E-1 3.79166E-1 1.45077E-1 1.25108E-1 8.8214E-2 1.69624E-1 1.47245E-1 2.55314E-2 1.65941E-2 7.08039E-1 6.29056E-1 5.70533E-1 4.30655E-2 5.06558E-2 5.43936E-2 4.72376E-1 5.94878E-2 1.15999E-1 1.9096E-1 3.70165E-1 5.11531E-2 1.56328E-1 1.42275E-1 5.92636E-2 4.19189E-2 2.34319E-2 2.33689E-2 3.79614E-2 3.74424E-2 8.99486E-3 6.28369E-4 1.89849E-2 6.73653E-4 2.01744E-3 2.01765E-4 2.56456E-4 8.39151E-4 1.16899E-3 2.37345E-4 1.50813E-4 1.6412E-4 6.49981E-5 1.16845E-4 2.79437E-4 5.41717E-1
7.30102E-2 4.80896E-2 8.63805E-2 1.36348E-1 1.45435E-1 1.39881E-1 1.26983E-1 9.88725E-2 3.27473E-2 3.78025E-2 7.30182E-2 4.00942E-2 2.02178E-1 2.40138E-1 3.85279E-1 2.03352E-1 1.52446E-1 8.9991E-2 1.0508E-1 9.56249E-2 4.52024E-2 1.23046E-1 3.14534E-2 2.53353E-1 6.42717E-1 4.31516E-1 1.62522E-1 1.08854E-1 1.98665E-1 1.55187E-1 2.76606E-1 4.33172E-1 6.95996E-2 3.40518E-1 1.59607E-1 5.7935E-2 3.37285E-2 2.91058E-2 2.68742E-2 1.40278E-1 7.73352E-2 5.99748E-2 1.55385E-2 1.19669E-1 5.57376E-4 1.59542E-1 3.20531E-2 2.16736E-4 2.34746E-4 2.24897E-4 2.04586E-3 2.13036E-4 1.36225E-4 1.01373E-4 3.56792E-3 4.38636E-4 1.19541E-4 2.70466E-4 3.51002E-1
8.32762E-2 4.52182E-2 4.94629E-2 6.19984E-2 7.9775E-2 4.58687E-2 7.55141E-2 1.37675E-1 3.69413E-2 2.3226E-1 9.07409E-2 3.69278E-2 3.0377E-2 1.00567E-1 1.23646E-1 3.75544E-1 9.16888E-2 2.39369E-1 2.29028E-1 1.23892E-1 9.49526E-2 3.27862E-2 2.90943E-1 6.74099E-1 6.05599E-1 5.87161E-1 2.06891E-1 4.53644E-1 1.74018E-1 1.88477E-1 4.23394E-1 5.36557E-2 1.92286E-1 1.79884E-1 1.7282E-1 1.72211E-1 2.94035E-1 3.24012E-1 4.8468E-1 2.97845E-1 2.07922E-2 4.15634E-2 5.54344E-2 1.20898E-2 3.03769E-3 1.14027E-1 4.85338E-4 4.72883E-4 2.38703E-4 2.30324E-3 1.81968E-4 7.16781E-4 3.55335E-3 1.98424E-4 1.96394E-4 4.41226E-4 3.78723E-4 8.16589E-4 4.26507E-1
8.61373E-2 5.15385E-2 5.6087E-2 3.43421E-2 5.66742E-2 4.49332E-2 3.80911E-2 4.38095E-2 1.48035E-1 3.79333E-2 1.13647E-1 3.40202E-2 1.83786E-1 2.10103E-1 9.10898E-2 3.46427E-2 4.90459E-1 3.3388E-1 7.04661E-2 4.64327E-1 2.26E-2 5.57767E-1 6.75471E-1 3.32232E-1 3.97982E-1 1.45218E-1 5.92691E-2 1.19322E-1 3.15394E-1 3.30662E-1 4.21566E-1 1.72545E-1 7.25161E-2 2.06328E-2 1.92449E-2 3.65728E-2 4.55762E-2 4.06919E-2 2.37486E-2 1.66701E-1 1.21152E-1 2.98134E-1 2.27876E-1 3.06488E-2 9.70126E-2 4.42498E-3 3.56298E-2 5.21928E-2 3.33024E-2 2.1809E-4 1.86381E-4 2.52064E-4 1.48018E-3 1.95433E-4 1.20255E-4 8.04888E-5 1.13007E-4 4.19733E-3 1.19378E-1
1.31704E-1 4.2577E-2 4.81955E-2 5.6029E-2 4.49275E-2 2.94946E-1 1.42867E-1 1.48891E-1 4.18858E-2 1.25583E-1 4.70243E-2 1.04343E-1 1.00557E-1 3.82402E-2 3.54459E-1 4.7007E-1 4.82908E-1 1.55372E-1 3.36698E-2 2.05147E-1 4.5387E-1 6.78033E-1 2.7913E-1 3.57956E-1 3.24419E-1 5.12236E-1 1.03965E-1 3.7342E-1 7.35241E-2 6.60376E-2 3.66168E-2 1.25558E-1 1.70769E-1 3.95671E-2 8.54623E-2 1.03942E-1 1.76642E-1 4.49072E-2 3.99283E-2 3.90408E-2 1.12949E-1 7.19046E-2 7.2811E-2 2.74325E-1 9.61804E-3 1.39095E-2 7.7308E-3 5.7768E-2 7.89468E-3 2.2982E-4 2.61221E-4 1.75504E-4 2.34599E-2 2.7195E-4 1.0303E-4 5.53404E-4 1.18082E-4 2.79926E-4 1.14495E-1
5.46358E-2 1.17345E-1 3.09619E-2 3.19183E-2 7.42531E-2 4.33298E-2 6.52378E-2 1.20828E-1 8.00801E-2 4.42779E-2 1.31438E-1 1.45409E-1 2.22655E-1 4.64806E-1 7.2293E-2 6.80358E-2 4.53167E-1 1.69273E-1 1.29371E-1 3.79321E-2 4.46374E-2 3.74756E-1 7.25855E-1 7.0737E-1 5.43049E-1 6.80429E-1 4.90891E-1 2.07233E-1 6.36935E-2 1.63067E-1 1.29025E-1 4.78964E-2 9.16135E-2 8.5912E-2 9.83453E-2 2.67284E-1 4.84499E-2 1.36219E-1 2.43393E-2 3.58937E-2 3.79376E-2 8.67243E-2 9.5813E-2 1.12099E-2 3.71704E-2 2.24169E-3 2.28312E-4 1.96972E-4 8.32005E-3 1.71004E-2 2.25868E-4 2.07971E-2 1.08595E-1 2.63006E-4 1.13676E-4 2.76621E-4 1.39333E-4 3.12136E-4 6.17549E-2
6.82595E-2 3.92937E-2 1.31788E-1 1.40519E-1 1.40139E-1 1.47404E-1 1.34133E-1 3.92354E-2 4.64561E-2 4.25384E-2 3.85116E-2 4.59934E-2 1.18891E-1 2.72401E-1 2.26787E-1 1.19145E-1 3.08642E-1 4.55901E-1 1.06929E-1 5.95723E-2 2.64215E-1 2.15917E-1 6.83817E-1 6.03134E-1 7.26888E-1 7.00581E-1 6.48226E-1 4.91463E-1 1.81497E-1 8.13499E-2 1.22039E-1 1.30104E-1 1.60689E-1 2.43026E-1 1.33748E-1 3.09157E-1 2.50946E-1 3.0334E-2 3.45013E-2 6.85778E-2 4.06026E-2 2.23484E-1 9.31439E-3 2.17776E-2 4.5919E-2 5.27641E-2 3.09056E-4 5.70919E-4 1.94298E-4 1.17021E-1 6.24922E-3 4.64395E-3 3.05997E-1 2.00016E-3 6.87158E-4 1.53179E-4 1.5622E-4 1.56381E-4 5.19406E-2
1.10345E-1 1.84039E-1 1.39196E-1 1.6353E-1 1.45816E-1 1.63342E-1 4.50883E-2 1.36611E-1 1.45377E-1 1.38117E-1 1.45094E-1 5.15956E-2 5.43037E-2 6.06849E-2 6.88807E-2 6.9606E-2 2.20897E-1 1.64251E-1 3.1893E-1 5.03736E-2 1.04918E-1 5.17283E-2 5.36954E-1 3.13971E-1 4.33874E-1 7.03031E-1 6.28269E-1 3.50609E-1 1.84312E-2 1.61532E-1 3.06476E-1 3.92269E-2 9.92777E-2 1.97903E-1 1.19969E-1 1.12383E-1 2.47944E-1 5.46662E-2 1.84057E-1 2.25108E-2 2.8396E-2 2.08365E-1 3.97215E-2 2.50501E-2 1.0565E-1 1.61996E-2 2.57634E-3 1.54424E-4 2.52078E-4 1.52821E-2 1.25451E-1 1.42966E-2 1.30504E-1 4.11812E-2 1.93779E-4 3.41653E-2 2.48483E-3 4.76887E-2 1.22439E-1
4.46204E-2 3.66972E-2 9.3843E-2 1.67236E-1 1.63518E-1 4.86132E-2 8.01967E-2 1.32355E-1 1.55159E-1 4.07311E-2 3.67377E-2 2.32955E-1 3.95241E-2 4.22865E-2 6.17538E-2 5.49531E-2 1.82304E-1 4.93417E-1 4.05405E-1 4.43416E-1 8.69641E-2 1.65052E-1 6.39647E-2 4.56497E-1 6.38723E-1 6.9939E-1 6.255E-1 3.43567E-1 3.77805E-2 1.58236E-1 1.2415E-1 4.51117E-2 3.09238E-1 7.99554E-2 1.13377E-1 2.61393E-2 6.31874E-2 1.81281E-1 9.27204E-2 2.63777E-2 4.72767E-2 3.06968E-1 1.45882E-1 8.0966E-2 2.2208E-1 8.8185E-3 3.20426E-2 1.29868E-4 1.83137E-4 2.5217E-3 1.69773E-1 2.6727E-2 1.26659E-1 2.75531E-2 5.60549E-2 1.09769E-1 6.56355E-2 1.78533E-2 3.64334E-1
8.40059E-2 3.05438E-2 3.52671E-2 3.28918E-1 4.20671E-2 9.84685E-2 1.22639E-1 1.63499E-1 8.29222E-2 3.45868E-1 3.14623E-1 2.26289E-1 2.5588E-1 1.4034E-1 1.22747E-1 3.65311E-1 2.35104E-1 1.98675E-1 1.56834E-1 2.12665E-1 3.60823E-1 2.33061E-1 6.69967E-2 4.34668E-1 6.19704E-1 6.81653E-1 6.40144E-1 5.45883E-1 1.55753E-1 1.32927E-1 8.13923E-2 1.28518E-1 4.56167E-1 4.57863E-2 2.16699E-1 9.52137E-2 1.99245E-1 3.86209E-2 1.75361E-1 1.11585E-1 6.57124E-2 3.31169E-1 7.2134E-2 1.14666E-1 2.61075E-2 6.79758E-2 8.1367E-3 1.24748E-2 8.82435E-3 7.33471E-2 1.89074E-2 3.53451E-2 1.91253E-1 1.29463E-1 1.36282E-1 2.02018E-2 1.8368E-2 6.51834E-2 3.17965E-1
1.2604E-1 1.18293E-1 1.14344E-1 3.73062E-1 4.61807E-2 5.33764E-2 5.85338E-2 3.7622E-1 8.36972E-2 2.09555E-2 3.81334E-1 5.09707E-2 2.38148E-1 2.69761E-1 2.48913E-1 1.92077E-1 4.48122E-1 4.08409E-1 3.05379E-1 1.41047E-1 2.08054E-1 2.58321E-1 2.7489E-1 1.70392E-1 4.59751E-1 7.01193E-1 5.99574E-1 3.05648E-1 3.08907E-2 1.45223E-1 7.40189E-2 7.40945E-2 3.13152E-1 5.31557E-2 2.81171E-1 1.13217E-1 3.49045E-1 5.56756E-2 1.34445E-1 5.19917E-1 1.67478E-1 3.04994E-1 7.79884E-2 3.45334E-1 1.94985E-1 2.10308E-2 2.08477E-2 4.06319E-2 1.26264E-2 1.04501E-1 1.24605E-2 4.99444E-2 2.78619E-1 2.29905E-2 1.16079E-2 1.10264E-1 2.29943E-1 3.17275E-1 2.36459E-2
4.15232E-2 8.57261E-2 1.11636E-1 1.24127E-1 6.04285E-2 5.57212E-2 1.24499E-1 4.90769E-2 1.59627E-1 2.73358E-1 1.53839E-1 5.15672E-1 3.50773E-1 2.78943E-1 2.77782E-1 1.44669E-1 5.01981E-2 1.4668E-1 2.43883E-1 4.61263E-1 4.55497E-1 7.15496E-2 2.26125E-1 1.55354E-1 5.83388E-1 6.75765E-1 6.54855E-1 1.87417E-1 3.37303E-2 5.19061E-2 7.61316E-2 1.37831E-1 3.09499E-1 1.25035E-1 4.56536E-1 2.20677E-1 3.34734E-1 1.45222E-1 1.60459E-1 1.54185E-1 3.04097E-1 7.18154E-2 3.96004E-2 3.42988E-1 2.39311E-2 1.13794E-1 2.2142E-2 5.20323E-2 3.24329E-2 1.21847E-1 3.1721E-2 1.86209E-1 1.30652E-1 3.73109E-2 1.34905E-2 2.25578E-2 1.90262E-1 3.24809E-2 4.71841E-2
1.27335E-1 4.63973E-2 4.73563E-2 1.10475E-1 1.17639E-1 4.83226E-2 1.10708E-1 1.5747E-1 1.45436E-1 7.08247E-2 3.62689E-2 2.46034E-2 4.11798E-2 1.9984E-1 4.81574E-2 1.12973E-1 1.12425E-1 2.61361E-1 6.34856E-2 1.85989E-1 1.89606E-1 4.42713E-1 5.3073E-1 5.81273E-1 6.38887E-1 6.81396E-1 6.55752E-1 3.52034E-1 2.97034E-2 1.82026E-1 5.69976E-2 1.49364E-1 2.96717E-1 1.47242E-1 3.23423E-1 1.3463E-1 3.17437E-1 1.22823E-1 1.27952E-1 2.86438E-1 4.87316E-2 3.3144E-2 2.8455E-1 5.66476E-2 1.46617E-1 3.62183E-2 1.78397E-1 1.09549E-2 1.8369E-1 5.26036E-2 2.87544E-2 3.73603E-1 9.50872E-3 5.13474E-2 2.57756E-2 3.72054E-2 7.3668E-2 4.49746E-2 1.73077E-1
1.33386E-1 1.30486E-1 5.05664E-2 4.89296E-2 1.3453E-1 1.17949E-1 4.56177E-2 6.14515E-2 4.85383E-2 1.56577E-1 2.0495E-1 5.02247E-2 1.64857E-1 2.40158E-1 2.54745E-1 2.62332E-1 2.37966E-1 2.20705E-1 2.31794E-1 2.3687E-1 5.31013E-1 2.50962E-1 2.4949E-1 5.94992E-2 4.03183E-1 7.04903E-1 6.67065E-1 5.26957E-1 1.65658E-1 6.74026E-2 4.88707E-2 4.63747E-1 1.01972E-1 3.30435E-1 1.54505E-1 1.06245E-1 3.47815E-1 2.02752E-1 3.17993E-1 2.78676E-1 2.87237E-1 1.77054E-1 1.84086E-1 3.33604E-1 1.82707E-1 2.9289E-2 1.39676E-1 2.0668E-1 6.50331E-2 1.53581E-1 2.91888E-2 3.65051E-1 6.98131E-2 2.08253E-1 2.64112E-2 3.16413E-2 6.24304E-2 1.28361E-1 3.73802E-2
7.3526E-2 5.26628E-2 1.33653E-1 1.19523E-1 2.96559E-2 5.72872E-2 1.62776E-1 1.6631E-1 4.83866E-2 2.20952E-1 3.01829E-1 5.87564E-2 1.42295E-1 9.82761E-2 4.22416E-2 8.62852E-2 4.68093E-2 7.06639E-2 4.156E-2 2.00989E-1 1.71233E-1 6.57275E-2 5.25698E-1 2.1086E-1 6.72719E-1 6.85887E-1 6.5524E-1 3.76868E-1 3.33691E-2 3.76167E-2 3.82858E-2 2.99844E-1 1.82833E-1 1.11263E-1 1.63414E-1 1.49922E-1 3.45586E-1 2.04098E-1 2.38298E-2 1.95742E-2 1.06905E-2 6.46173E-2 2.5183E-2 5.57332E-2 3.23335E-1 3.20691E-1 3.41569E-2 6.70106E-2 8.01348E-2 3.16928E-2 5.31031E-1 2.14369E-2 1.89883E-2 5.38028E-2 1.1027E-1 5.61279E-2 8.04623E-2 2.39478E-1 5.61042E-2
1.18282E-1 5.33867E-2 6.92166E-2 1.21446E-1 1.27016E-1 7.08883E-2 4.71824E-2 5.83418E-2 2.0464E-1 3.23836E-1 2.02581E-1 1.16365E-1 6.40221E-2 9.48375E-2 2.28912E-1 2.47641E-1 2.25166E-1 1.87376E-1 1.25584E-1 3.12943E-1 4.67392E-1 1.94287E-1 2.42968E-1 4.78588E-1 1.23792E-1 6.73487E-1 6.41751E-1 4.87359E-1 3.41226E-1 3.97248E-2 4.54478E-1 2.70373E-1 3.8451E-1 2.5197E-1 3.01675E-1 3.63428E-1 8.62311E-2 5.36655E-2 3.55605E-1 8.99765E-2 1.47513E-1 1.37917E-1 9.83091E-2 1.03847E-1 2.95343E-2 1.33094E-1 1.51494E-1 3.27302E-2 5.11953E-2 2.92161E-2 4.91397E-1 3.62746E-2 2.32705E-2 7.94438E-2 5.14865E-2 2.2101E-2 3.31832E-2 2.3334E-1 5.48865E-2
2.53251E-1 6.96452E-2 3.32895E-2 2.99814E-2 2.24235E-1 7.23845E-2 8.71908E-2 1.17075E-1 9.38447E-2 3.56732E-2 3.05049E-2 1.69021E-1 6.89386E-2 3.49567E-2 9.39228E-2 1.08376E-1 6.24898E-2 3.91181E-2 3.69571E-1 4.49016E-2 2.07798E-1 3.31188E-1 5.09156E-2 7.18407E-2 2.14589E-1 6.67299E-1 6.60767E-1 1.29262E-1 1.43786E-1 2.83963E-1 5.2912E-1 1.30847E-1 6.76524E-2 1.94852E-1 1.71411E-1 3.49684E-1 2.99424E-1 1.52224E-1 6.78016E-2 1.09628E-1 3.16926E-1 2.71925E-2 2.73093E-1 1.21075E-1 4.78166E-2 6.00585E-2 7.87915E-2 4.13192E-2 2.7924E-2 5.18874E-1 4.63451E-2 5.76544E-2 2.68006E-2 1.86874E-1 8.65465E-2 6.52889E-2 2.98583E-2 6.46413E-2 1.15179E-1
1.78051E-1 4.51138E-2 5.54815E-2 6.54149E-2 6.18349E-2 1.34882E-1 7.60132E-2 7.03146E-2 5.89739E-2 6.31762E-2 2.10051E-1 2.02112E-1 1.271E-1 2.0925E-1 2.4499E-1 2.2707E-1 2.3095E-1 8.74361E-2 2.72132E-1 2.83605E-1 3.28413E-1 3.61885E-1 2.27363E-1 3.18088E-1 2.65272E-2 2.20661E-1 7.00171E-1 1.20393E-1 3.96356E-2 4.13823E-2 4.86839E-1 5.0447E-1 4.54459E-1 4.86672E-1 4.59481E-1 1.71204E-1 1.54526E-1 1.72289E-1 1.43212E-1 4.01335E-1 3.6462E-2 5.30353E-2 4.30377E-2 2.61969E-1 2.75557E-2 2.87825E-2 2.66109E-2 2.60372E-2 2.49616E-2 5.20243E-1 8.6045E-2 2.99918E-2 3.0613E-2 3.20643E-1 4.1371E-2 3.96529E-2 7.88417E-2 2.87537E-2 1.34504E-1
4.70903E-2 5.66669E-2 1.05354E-1 5.67547E-2 1.19259E-1 6.90175E-2 3.89821E-1 1.48013E-1 5.87209E-2 5.41879E-2 3.58194E-1 3.83749E-1 1.5022E-1 2.61131E-1 1.29552E-1 1.80813E-1 2.33567E-1 4.82961E-1 5.22655E-1 3.57655E-1 2.85493E-1 2.97873E-1 1.8734E-1 3.90246E-1 1.65197E-1 4.23144E-2 4.86575E-1 6.73779E-1 5.72992E-2 4.62622E-2 1.63562E-1 1.511E-1 1.47663E-1 5.56271E-2 7.89434E-2 2.91531E-1 4.65547E-1 4.49411E-1 4.52515E-1 2.87372E-1 2.15876E-1 4.82932E-2 1.9448E-1 6.71971E-2 3.13804E-2 1.20174E-1 6.58659E-2 2.49975E-1 4.94301E-2 5.03154E-1 9.49172E-2 3.39931E-2 1.98271E-1 2.93822E-1 1.52085E-1 1.89116E-2 2.48662E-2 1.16939E-1 2.42712E-2
