PARETOsolutionLogistic/flood_Pareto.asc
ncols         319
nrows         495
xllcorner     219017.22331753
yllcorner     4610852.5305323
cellsize      500.0
NODATA_value  -9999
[rows 182 to 207 of 495, columns 118 to 176 of 319]
4.45722E-1 2.22363E-1 2.86128E-1 1.12448E-1 3.20644E-1 1.2378E-1 5.75773E-2 4.52109E-2 1.52501E-1 3.36394E-1 3.02823E-1 1.39807E-1 2.32963E-1 1.30168E-1 1.00204E-1 6.53472E-2 3.31729E-1 4.28395E-1 5.13309E-1 3.32623E-1 5.44486E-1 3.77274E-1 3.31122E-1 7.00206E-1 3.84158E-1 4.78263E-2 4.73965E-2 1.86508E-1 6.69253E-1 6.80364E-1 2.61879E-1 6.5033E-1 6.69524E-1 6.7262E-1 6.79954E-1 3.02565E-1 6.55552E-1 4.60035E-1 4.42626E-1 6.27953E-1 2.47259E-1 1.97735E-1 3.92122E-1 2.56613E-1 3.98283E-1 3.33424E-1 3.53253E-1 2.41935E-1 2.44622E-1 3.95002E-1 2.14299E-1 3.85564E-1 2.82749E-1 3.51921E-1 2.6263E-1 4.0623E-1 3.80389E-1 3.04674E-1 3.50812E-2
1.20949E-1 1.78945E-1 1.07294E-1 1.33198E-1 3.82249E-1 2.78E-1 1.97306E-1 1.20167E-1 3.65683E-1 3.48647E-1 3.11863E-1 3.16298E-1 1.18459E-1 2.48964E-1 1.60896E-1 2.38494E-1 4.8855E-1 5.00046E-1 3.57667E-1 5.23539E-1 3.71848E-1 4.53143E-1 2.35869E-1 4.84968E-1 6.96384E-1 2.39492E-1 4.33048E-1 6.41078E-1 2.49667E-1 4.24661E-1 1.54058E-1 2.96791E-1 1.14795E-1 4.57304E-1 4.21134E-1 4.32494E-1 1.96679E-1 4.0194E-1 3.03182E-1 3.38555E-1 6.80679E-1 6.85431E-1 6.4495E-1 4.73462E-1 2.53849E-1 3.49793E-1 3.8054E-1 3.63862E-1 4.23061E-1 2.25753E-1 3.82668E-1 2.74183E-1 3.80009E-1 2.59257E-1 4.41261E-1 3.01743E-1 3.86699E-1 3.98695E-1 1.46499E-1
3.71844E-2 1.49476E-1 2.07162E-1 2.90142E-1 3.54781E-1 1.37022E-1 1.64657E-1 2.27504E-1 3.78448E-1 1.27715E-1 1.66442E-1 1.36757E-1 2.15456E-1 1.57451E-1 1.5806E-1 2.59375E-1 3.60475E-1 5.32786E-1 4.86318E-1 5.12742E-1 4.06793E-1 4.69538E-1 3.23052E-1 3.75708E-1 6.96865E-1 6.83423E-1 1.65959E-1 1.1012E-2 1.70851E-2 6.19929E-2 4.97984E-2 6.46553E-2 1.24699E-2 3.21193E-1 1.49437E-1 1.58E-1 2.56657E-1 2.84854E-1 1.11512E-1 1.0523E-1 2.03972E-1 4.62919E-1 4.30441E-1 6.65444E-1 6.85209E-1 1.88064E-1 3.86135E-1 2.23672E-1 3.81376E-1 3.74639E-1 2.67659E-1 4.42225E-1 3.52809E-1 2.90056E-1 4.42411E-1 3.10535E-1 4.47271E-1 3.57459E-1 3.30612E-1
3.01519E-1 2.20838E-1 1.43136E-1 5.38493E-2 1.30858E-1 3.72162E-1 1.36837E-1 3.6776E-1 3.33353E-1 3.44056E-1 3.62621E-1 1.36386E-1 1.55206E-1 1.0897E-1 7.95058E-2 3.18759E-1 5.24402E-1 4.79236E-1 3.46824E-1 5.24752E-1 5.27739E-1 5.84803E-1 3.44794E-1 3.0887E-1 5.99177E-1 4.09178E-1 2.36793E-2 8.67291E-2 1.04713E-2 1.02404E-2 3.38053E-2 3.46856E-2 1.16157E-1 2.08521E-2 9.66037E-3 9.13079E-3 5.92792E-2 7.73285E-2 1.00144E-1 2.2918E-2 7.71627E-2 1.38325E-1 2.71711E-1 3.67256E-1 1.8013E-1 6.72892E-1 2.49586E-1 4.05461E-1 3.69468E-1 3.79972E-1 2.81639E-1 3.5806E-1 3.6728E-1 3.67893E-1 3.63936E-1 3.65279E-1 3.89543E-1 3.16406E-1 2.70233E-1
9.19367E-2 1.27055E-1 1.56011E-1 1.66417E-1 7.81641E-2 1.20083E-1 3.49943E-1 3.43758E-1 1.10079E-1 1.33369E-1 2.39434E-1 3.10536E-1 1.6064E-1 8.32305E-2 7.2969E-2 4.42553E-1 3.9715E-1 5.17133E-1 5.61081E-1 5.53333E-1 5.30059E-1 4.11653E-1 5.19495E-1 6.52944E-1 4.52592E-1 8.32351E-2 6.071E-2 1.04332E-2 8.70929E-2 1.19631E-1 1.52803E-2 1.38421E-2 3.77297E-2 1.02618E-1 5.71258E-2 2.08802E-2 8.64176E-3 4.10448E-2 1.05159E-1 1.84295E-2 9.56393E-2 2.13738E-2 2.2449E-1 3.47953E-1 9.90454E-2 3.76359E-1 6.25958E-1 4.41488E-1 4.02554E-1 2.42598E-1 1.53956E-1 3.76269E-1 3.62799E-1 3.83173E-1 1.53956E-1 3.4835E-1 3.3546E-1 3.18876E-1 3.98441E-1
2.07168E-1 1.64191E-1 1.30861E-1 1.33154E-1 4.18962E-2 1.97528E-1 3.97693E-1 1.30688E-1 1.14626E-1 4.27422E-2 1.43888E-1 9.88934E-2 1.27898E-1 2.50735E-2 2.06625E-1 4.99715E-1 5.21564E-1 5.10097E-1 5.6019E-1 5.51919E-1 5.38826E-1 5.06848E-1 6.80636E-1 3.09798E-1 4.08026E-1 6.6322E-2 9.92936E-3 3.40881E-2 3.38501E-2 9.50415E-2 8.18028E-3 1.35465E-2 2.01035E-2 1.16135E-1 1.58961E-2 4.30907E-2 1.47258E-2 1.21113E-2 1.00998E-1 2.62759E-2 8.83349E-2 1.74644E-1 6.65031E-2 2.9525E-1 2.69939E-1 1.69564E-1 1.88249E-1 6.2995E-1 4.947E-1 1.63135E-1 8.15344E-2 8.19755E-2 3.07351E-1 3.35783E-1 3.41486E-1 1.39669E-1 3.61943E-1 3.53267E-1 3.69055E-1
1.67745E-1 3.37692E-1 1.43394E-1 3.23296E-1 1.28179E-1 3.10566E-1 3.54495E-1 3.62143E-2 1.33976E-1 2.81462E-1 3.09538E-2 8.41247E-2 9.80418E-2 1.64069E-1 9.10398E-2 2.50703E-1 3.27408E-1 4.04479E-1 5.62076E-1 5.03131E-1 5.34763E-1 4.98324E-1 6.80822E-1 5.29675E-1 2.51264E-1 3.10308E-2 4.08724E-2 4.74202E-2 3.98486E-3 1.21747E-1 2.4753E-2 3.9783E-2 7.12202E-2 1.12014E-2 9.80863E-2 3.92097E-2 1.71378E-2 6.37125E-2 1.4558E-2 8.32851E-3 2.4288E-2 4.53817E-2 1.0896E-1 5.91166E-2 1.20266E-1 1.68321E-1 2.52412E-1 2.02652E-1 6.282E-1 3.98012E-1 1.64349E-1 3.7689E-1 4.09527E-1 3.81819E-1 4.01501E-1 4.02056E-1 3.19556E-1 2.58932E-1 3.41138E-1
1.57376E-1 1.31401E-1 3.68781E-1 1.9215E-1 3.88268E-1 4.17246E-1 1.14037E-1 3.07367E-1 1.09524E-1 1.29398E-1 1.14758E-1 3.72877E-2 7.16819E-2 2.82772E-2 2.53932E-1 5.214E-1 5.16887E-1 4.94617E-1 4.24184E-1 3.32718E-1 2.90933E-1 5.08476E-1 6.76644E-1 5.08317E-1 2.52937E-1 1.08172E-1 1.44066E-2 8.22314E-3 3.89974E-4 7.56146E-2 2.56622E-4 2.54458E-2 8.07067E-2 3.74014E-2 4.42553E-3 7.5669E-2 9.8712E-3 1.00186E-1 1.93621E-2 1.34313E-2 1.30319E-2 1.99419E-2 3.66674E-2 2.47051E-2 1.1577E-1 2.37496E-1 1.24936E-1 2.46899E-1 4.04965E-1 5.44398E-1 4.06769E-1 8.35721E-2 1.45399E-1 2.73462E-1 3.18851E-1 3.26207E-1 1.52723E-1 4.10839E-1 2.72737E-1
1.66627E-1 1.08414E-1 3.74729E-1 2.14557E-1 2.88319E-1 3.70232E-1 9.27538E-2 1.10928E-1 1.29762E-1 6.5295E-2 8.14196E-2 8.81422E-2 9.3532E-2 1.28815E-1 3.80128E-1 5.07001E-1 2.30446E-1 3.99481E-1 5.26033E-1 5.03555E-1 5.53474E-1 5.15636E-1 6.73927E-1 4.85169E-1 2.28524E-1 6.28036E-2 5.86569E-2 1.05152E-1 5.93705E-4 8.74842E-2 4.72439E-4 1.98136E-4 3.40473E-2 2.05862E-4 1.33335E-4 5.69479E-4 2.57425E-4 9.1355E-2 1.08643E-1 1.21067E-2 8.72008E-3 6.06349E-2 1.20796E-2 5.40809E-2 2.88779E-2 3.55674E-2 8.16208E-2 2.2334E-1 2.20326E-1 3.40918E-1 5.80725E-1 3.55277E-1 3.96008E-1 3.96262E-1 4.10066E-1 3.18634E-1 3.12817E-1 3.91253E-1 1.5546E-1
9.07928E-2 1.02393E-1 2.40995E-1 3.75434E-1 3.85535E-1 1.31389E-1 3.06761E-2 3.95317E-2 2.0287E-1 1.05494E-1 5.39891E-2 2.77853E-1 3.7238E-1 1.4387E-1 3.98415E-1 4.94886E-1 5.13354E-1 3.39591E-1 2.38003E-1 1.43642E-1 5.62951E-1 5.01366E-1 6.40327E-1 4.29481E-1 1.50945E-1 3.21708E-2 1.26713E-2 7.56795E-3 1.96351E-4 8.93352E-4 4.29153E-4 7.12533E-4 2.09333E-2 7.52806E-4 4.97432E-4 1.27528E-1 1.06681E-1 1.30699E-2 1.78642E-1 2.53324E-3 2.59227E-4 1.03141E-2 2.92563E-2 1.95383E-2 2.66835E-2 6.73627E-2 2.17621E-2 3.7012E-1 2.66504E-1 2.49942E-1 1.55867E-1 6.68465E-1 1.94654E-1 3.96661E-1 2.38227E-1 2.7187E-1 4.08584E-1 4.139E-1 3.92329E-1
1.01487E-1 1.07106E-1 1.36131E-1 4.45406E-1 3.63973E-1 3.03143E-1 3.21811E-1 3.36343E-1 1.06313E-1 9.32468E-2 8.56191E-2 8.06048E-2 9.78377E-2 1.04942E-1 3.2031E-1 3.08748E-1 5.14646E-1 5.16758E-1 5.01556E-1 5.52638E-1 5.74859E-1 6.77996E-1 4.37894E-1 2.5649E-1 7.48894E-2 5.30054E-2 6.41079E-2 3.25993E-2 1.62673E-4 2.26763E-4 1.34611E-4 7.89591E-4 1.00573E-3 8.45143E-4 1.44845E-2 1.95256E-4 1.76071E-4 9.21124E-3 1.27267E-1 8.16986E-3 1.11084E-3 2.03462E-2 3.82837E-2 4.3089E-2 5.64548E-2 2.90185E-2 3.93956E-2 9.14802E-2 1.86462E-1 2.10889E-1 2.68898E-1 3.28175E-1 6.74908E-1 3.64812E-1 3.73437E-1 3.93117E-1 2.66481E-1 2.74248E-1 3.93267E-1
9.0332E-2 2.51011E-1 3.65614E-1 1.56585E-1 3.1985E-2 2.69091E-1 1.21356E-1 3.13466E-1 9.0203E-2 2.98932E-2 4.30679E-2 8.59475E-2 2.91728E-2 1.09404E-1 2.52245E-1 5.07963E-1 1.17277E-1 5.54977E-1 2.38362E-1 5.80665E-1 5.46791E-1 6.38494E-1 3.85974E-1 7.57288E-2 2.5747E-1 5.96249E-2 4.81671E-2 4.01989E-2 3.30533E-4 2.27227E-4 1.07315E-3 7.76678E-4 5.43092E-4 2.96315E-4 6.04105E-4 5.45085E-4 2.75428E-4 1.7378E-2 1.68536E-1 2.65803E-3 5.86028E-4 3.72493E-3 1.2339E-1 1.68328E-2 9.4584E-2 2.68699E-2 5.44781E-2 5.08142E-2 1.48186E-1 9.60892E-2 1.52385E-1 1.48031E-1 1.89733E-1 6.64892E-1 1.77642E-1 3.56633E-1 3.60513E-1 1.48224E-1 1.49822E-1
4.35175E-1 4.3819E-1 4.25415E-1 1.98756E-1 3.67021E-2 3.44711E-2 5.82929E-2 1.17677E-1 2.88842E-1 1.73741E-1 1.06618E-1 1.10817E-1 3.45225E-1 3.78187E-1 3.99325E-1 4.92027E-1 2.3399E-1 5.10284E-1 5.15778E-1 5.69386E-1 6.38819E-1 3.15455E-1 6.19387E-2 3.28073E-1 4.50322E-2 1.78227E-2 4.3191E-2 3.50717E-2 2.40619E-3 1.74803E-4 8.05322E-4 2.53882E-4 8.64546E-4 5.93227E-4 1.37835E-3 5.19863E-4 3.77697E-4 2.03597E-4 5.73326E-2 1.72625E-1 7.66495E-3 2.92511E-2 1.26886E-1 6.03956E-2 3.33653E-2 3.06056E-2 1.00964E-1 3.21076E-1 2.66731E-1 2.65263E-1 4.31816E-1 4.35536E-1 4.66463E-1 2.50034E-1 5.63865E-1 3.53273E-1 3.68864E-1 8.03539E-2 2.71038E-1
5.9381E-1 4.62271E-1 4.12214E-1 3.001E-1 3.19562E-1 4.10558E-2 3.22734E-2 1.08643E-1 2.91427E-1 2.32571E-1 1.58689E-2 1.0951E-1 3.50617E-2 8.34237E-2 3.55641E-1 5.19247E-1 3.08123E-1 5.1453E-1 5.15821E-1 6.69855E-1 2.02411E-1 2.38471E-2 9.49526E-2 9.26074E-2 1.09582E-1 8.63838E-2 3.46347E-2 1.04618E-2 1.79229E-2 2.03846E-4 9.57564E-4 1.29457E-3 4.51837E-4 2.16008E-4 2.49464E-2 4.26632E-4 8.23622E-4 2.76924E-4 2.09588E-4 7.39681E-3 2.94231E-1 1.16911E-2 1.08284E-2 8.39798E-2 2.40547E-2 1.18431E-2 3.72275E-2 3.03611E-2 3.17318E-1 2.81673E-1 2.35861E-1 4.16804E-1 5.83431E-1 2.36591E-1 7.03374E-1 3.72434E-1 4.02863E-1 3.91522E-1 2.52277E-1
5.87706E-1 4.24578E-1 3.70227E-1 7.4918E-2 1.02112E-1 3.25665E-1 1.87568E-1 6.80303E-2 5.28314E-2 1.34085E-1 1.14417E-1 6.97636E-2 2.49293E-1 1.22396E-1 3.83205E-1 2.48171E-1 5.58043E-1 5.15339E-1 4.98199E-1 6.67545E-1 1.31636E-2 4.34509E-2 2.72069E-2 1.52099E-1 8.87831E-2 8.47622E-2 3.7097E-2 1.8907E-2 1.46277E-1 9.8713E-2 3.49853E-3 1.75926E-2 2.43024E-4 1.29069E-2 1.16581E-1 2.31634E-4 1.49065E-3 1.4417E-3 4.99131E-4 5.82729E-2 5.29595E-4 1.27162E-1 4.0123E-3 7.84004E-2 6.16664E-2 6.4237E-3 3.01319E-2 6.64666E-2 1.02671E-1 5.38416E-2 3.74455E-1 4.41959E-1 5.82315E-1 2.45133E-1 5.87307E-1 2.35192E-1 2.32198E-1 3.40671E-1 2.30742E-1
5.90704E-1 3.8271E-1 8.78821E-2 2.20308E-2 2.60745E-2 1.00206E-1 1.10147E-1 1.14977E-1 1.09199E-1 9.23056E-2 3.08838E-2 2.74988E-2 6.92578E-2 1.25362E-1 1.96029E-1 5.24063E-1 3.31924E-1 5.18565E-1 4.94193E-1 6.80922E-1 4.17173E-2 2.41873E-2 2.26765E-1 1.78968E-1 6.09724E-2 1.05068E-1 2.0937E-2 2.28873E-2 1.00584E-1 5.7075E-2 1.16122E-1 2.79361E-3 1.26943E-2 5.32507E-3 6.9838E-3 1.36086E-1 1.96468E-4 8.17031E-4 6.70351E-4 4.60089E-4 5.09104E-4 1.27216E-1 2.56238E-2 8.29973E-2 4.13128E-2 6.00462E-2 2.69033E-1 2.3171E-1 1.27468E-1 1.14181E-1 1.6437E-1 2.42891E-1 5.8097E-1 2.86378E-1 2.56834E-1 5.5267E-1 5.86236E-1 1.95197E-1 3.52435E-1
5.81526E-1 1.39313E-1 1.18921E-1 2.20924E-2 1.04537E-1 1.43154E-1 5.5653E-2 1.73219E-1 2.69633E-1 8.98328E-2 1.14603E-1 2.22345E-1 3.30674E-1 1.54412E-1 5.29954E-2 1.84474E-1 5.19181E-1 5.13939E-1 5.08813E-1 6.54698E-1 1.23848E-1 2.72671E-2 3.86496E-2 3.69682E-2 7.82667E-2 3.04959E-1 1.00338E-1 1.00926E-1 4.40797E-2 5.42656E-2 1.34408E-1 3.28467E-2 3.80433E-2 1.13054E-1 9.33527E-3 4.00371E-1 1.6441E-4 4.73472E-4 5.85978E-4 5.56062E-4 1.32281E-2 1.49407E-2 1.81534E-3 3.567E-2 1.84854E-2 2.52641E-1 1.18029E-1 1.23126E-1 1.54074E-1 1.75948E-1 2.35397E-1 1.88341E-1 5.77041E-1 2.6046E-1 1.79961E-1 3.59722E-1 5.97513E-1 3.70222E-1 1.56807E-1
2.12113E-1 5.16361E-2 3.18528E-1 1.8492E-1 8.15608E-2 1.69581E-1 5.31536E-2 1.8419E-1 2.53552E-1 9.83138E-2 8.79215E-2 8.25668E-2 2.43688E-1 3.51464E-1 4.88028E-1 5.31466E-1 5.41541E-1 4.94729E-1 6.85596E-1 2.45032E-1 6.053E-2 1.42923E-1 1.21456E-1 2.92324E-2 3.36763E-1 7.4831E-2 4.7288E-2 1.56135E-2 1.09354E-2 2.46923E-2 1.4345E-1 4.42659E-2 4.75094E-2 1.20613E-1 2.65903E-1 9.66929E-3 5.06041E-2 1.70167E-4 1.27001E-3 6.8551E-4 2.27074E-4 4.59968E-4 7.73777E-3 5.05319E-2 3.41038E-2 2.35457E-2 1.28517E-1 3.41706E-1 1.47408E-1 2.11354E-1 1.36976E-1 2.85939E-1 5.79552E-1 3.79231E-1 2.47243E-1 2.44992E-1 4.07203E-1 5.52052E-1 6.10865E-2
3.40634E-1 6.0064E-1 3.94145E-1 1.04563E-1 2.30447E-1 7.32457E-2 3.01056E-2 6.77666E-2 5.86906E-2 3.37906E-1 2.95059E-2 8.96654E-2 8.11411E-2 1.301E-1 1.89551E-1 5.49439E-1 5.56807E-1 4.85344E-1 6.76479E-1 3.1272E-1 5.3655E-2 1.62845E-1 1.52768E-1 3.79127E-2 3.02588E-1 1.29559E-1 3.89923E-2 5.95985E-2 3.8832E-2 2.10666E-2 1.22736E-1 5.84733E-2 1.3497E-1 6.30005E-2 6.02895E-2 1.31628E-2 9.36331E-2 1.46793E-4 2.2054E-4 4.88019E-4 2.37368E-4 7.80007E-4 4.37771E-3 1.98817E-3 3.04672E-2 5.30826E-2 7.76482E-2 6.71478E-2 2.12871E-1 1.36286E-1 1.18108E-1 4.48388E-1 3.01207E-1 1.94569E-1 2.51035E-1 3.00599E-1 1.58742E-1 1.21847E-1 3.71792E-1
7.45407E-2 1.36366E-1 6.02092E-1 1.32203E-1 3.50315E-1 1.95677E-1 7.83568E-2 1.72782E-1 2.27749E-1 3.55804E-1 1.41359E-1 9.96829E-2 1.35689E-1 1.72964E-1 4.12165E-1 2.80602E-1 5.56783E-1 4.80512E-1 6.74627E-1 9.23028E-2 7.80908E-2 1.30574E-1 1.60459E-1 3.05546E-1 2.40178E-2 1.0694E-2 3.14213E-2 4.91563E-2 4.45074E-2 2.77346E-2 1.49681E-1 4.89236E-2 1.29611E-1 1.70485E-2 6.85396E-2 1.0025E-1 6.4337E-2 1.19323E-2 3.15966E-4 2.19041E-4 2.28719E-4 8.17242E-4 9.55936E-2 1.11807E-1 8.49495E-2 1.65705E-2 2.2096E-2 3.15582E-1 2.94821E-1 1.12299E-1 9.1356E-2 2.60827E-1 5.6645E-1 1.86982E-1 3.26327E-1 2.86936E-1 1.94003E-1 1.53861E-1 1.7555E-1
2.5092E-2 2.32389E-1 4.22231E-1 6.01546E-1 4.71425E-2 3.03396E-2 4.63711E-2 1.99861E-1 1.02704E-1 1.38595E-1 3.40107E-1 3.72122E-1 3.82037E-1 1.48345E-1 2.10748E-1 5.25164E-1 5.60096E-1 4.85681E-1 6.77538E-1 5.43853E-2 1.26685E-1 2.21483E-1 4.33555E-1 3.05357E-2 2.1734E-2 3.56996E-2 3.51658E-2 2.19484E-2 1.16602E-1 2.38138E-2 1.53413E-1 1.84796E-1 2.09696E-1 1.10099E-2 1.11438E-1 6.35992E-2 3.0039E-2 1.45619E-1 2.00363E-3 1.43291E-4 1.00225E-3 9.06488E-5 3.32255E-4 2.102E-2 2.34258E-2 3.47639E-2 4.64002E-2 1.03176E-1 2.96041E-1 3.32745E-2 4.40195E-2 2.40228E-1 5.77226E-1 3.34398E-1 2.53216E-1 2.69863E-1 4.02817E-1 2.76573E-1 2.01539E-1
1.90229E-1 2.80993E-1 2.53325E-1 3.55825E-1 6.05997E-1 2.82782E-1 7.04619E-2 1.11637E-1 1.18746E-1 1.5525E-1 3.34051E-2 2.63444E-1 2.09967E-1 1.59196E-1 4.9815E-1 4.96252E-1 5.72951E-1 4.89055E-1 6.70327E-1 5.73989E-2 3.19495E-1 3.23095E-1 3.18941E-1 5.92051E-1 4.44725E-1 1.04863E-2 5.30547E-2 2.51733E-2 1.16151E-1 4.03967E-2 3.94158E-2 1.15675E-2 1.56687E-1 9.79249E-2 2.39189E-2 2.27391E-2 7.52755E-2 1.72962E-2 3.61452E-2 1.33702E-4 1.64503E-4 3.12312E-4 1.53352E-4 1.90786E-4 1.94961E-1 5.65471E-2 4.69869E-2 6.49547E-2 2.9724E-1 4.40195E-2 1.62474E-1 3.01712E-1 5.8533E-1 1.88247E-1 1.69771E-1 2.52835E-1 5.8728E-1 5.50942E-1 7.67521E-2
1.54174E-2 9.03949E-2 1.96795E-1 1.33893E-1 6.07924E-1 3.40011E-1 2.05144E-1 9.02603E-2 1.93387E-1 6.67983E-2 2.383E-1 3.16474E-1 3.36064E-1 4.47957E-1 5.12531E-1 5.07081E-1 5.79274E-1 4.86935E-1 6.70118E-1 5.46392E-1 4.48576E-1 2.42371E-2 2.09824E-2 1.76245E-1 3.73795E-2 4.41521E-1 9.08987E-2 1.63328E-1 8.37153E-2 4.24509E-1 2.06052E-1 1.95775E-1 6.11307E-2 1.50915E-1 9.16875E-2 6.81266E-2 2.32555E-2 7.19147E-2 2.47762E-2 3.44734E-2 1.31029E-4 2.12743E-4 2.3638E-4 4.35501E-4 2.39786E-3 5.36446E-3 9.06431E-3 6.02245E-2 3.14942E-1 4.19969E-2 1.06435E-2 1.47148E-1 9.00268E-2 5.63814E-1 5.38149E-1 5.78876E-1 1.24653E-1 1.48019E-1 5.486E-1
9.23568E-2 3.23867E-2 4.12761E-2 1.2978E-1 1.74517E-1 5.72081E-1 1.09652E-1 3.39397E-2 2.27756E-1 1.99595E-1 1.02356E-1 1.28051E-1 3.08313E-1 2.00692E-1 5.2804E-1 5.17032E-1 5.66645E-1 4.95167E-1 6.53125E-1 2.27616E-1 2.46045E-2 1.13294E-1 2.5798E-2 7.58914E-2 1.57112E-1 1.58796E-1 4.13877E-1 2.11409E-1 4.13169E-1 2.94045E-2 2.86053E-2 2.85375E-1 1.14951E-1 1.13019E-1 3.34314E-1 3.83359E-1 9.7203E-2 2.43127E-2 4.82308E-2 9.54128E-3 4.48487E-3 1.33594E-4 4.34793E-4 2.20335E-4 1.98865E-4 1.17145E-2 3.34784E-2 1.37019E-2 2.06345E-1 2.27647E-2 2.51397E-2 9.35728E-3 3.84664E-2 3.12062E-1 3.33899E-1 3.13523E-1 1.27506E-1 2.35383E-1 3.02421E-1
2.76092E-1 3.79572E-2 4.44615E-1 1.96398E-1 6.03701E-1 2.37099E-1 5.57635E-2 6.10566E-1 6.87677E-1 6.76105E-1 3.48141E-1 3.47507E-1 4.73984E-1 2.37376E-1 5.31855E-1 5.10092E-1 5.24213E-1 6.69201E-1 8.64414E-2 7.36608E-2 6.60439E-2 2.25571E-2 5.54288E-2 2.79323E-2 2.17664E-1 9.77678E-3 8.99029E-3 2.77822E-1 1.76793E-2 7.8271E-3 4.97117E-3 9.76518E-2 9.47416E-3 2.56239E-2 7.87891E-3 1.37759E-1 3.37126E-1 3.79665E-1 1.03968E-2 4.60929E-2 5.23764E-2 6.19678E-3 1.39038E-4 2.25373E-4 4.7631E-4 4.26434E-4 2.87325E-3 1.77235E-2 3.06828E-1 6.36335E-2 3.42153E-2 7.16887E-2 8.23925E-2 1.5241E-1 3.29135E-1 1.0908E-1 2.84886E-1 9.74275E-2 7.8632E-2
2.92515E-2 2.77495E-1 1.18825E-1 1.15886E-1 4.08452E-2 6.05458E-1 4.47128E-1 1.89146E-1 4.28062E-1 3.64981E-1 7.06392E-1 7.32004E-1 7.2507E-1 5.11828E-1 5.2674E-1 4.96737E-1 5.23278E-1 6.66282E-1 2.27943E-1 2.29522E-2 2.47841E-2 2.39966E-2 2.9956E-2 1.06165E-1 2.26161E-1 1.49263E-2 1.17055E-2 1.08852E-1 1.14862E-2 9.6214E-3 7.99049E-3 1.60247E-1 7.7153E-2 4.23486E-3 5.10968E-3 9.64429E-2 2.36673E-2 1.19179E-1 1.46344E-1 2.72389E-2 5.27977E-2 2.56646E-2 5.07693E-3 1.62415E-4 2.07922E-4 2.55478E-4 1.14232E-2 3.95675E-2 1.21988E-1 3.84107E-2 2.42992E-2 1.93303E-1 5.63373E-3 1.19849E-1 1.68573E-1 1.037E-1 3.14897E-1 2.93094E-2 2.56385E-2
