PARETOsolutionLogistic/flood_Pareto.asc
ncols         319
nrows         495
xllcorner     219017.22331753
yllcorner     4610852.5305323
cellsize      500.0
NODATA_value  -9999
[rows 286 to 311 of 495, columns 236 to 294 of 319]
6.08081E-3 2.31074E-3 2.339E-4 9.05624E-4 1.90128E-4 1.84856E-4 1.87785E-3 2.06E-4 7.99279E-4 2.47494E-3 2.62896E-3 3.01475E-4 5.91973E-4 2.67355E-3 2.92008E-3 1.06352E-3 1.40923E-3 6.50065E-4 1.80013E-4 4.01787E-4 3.82047E-3 1.99665E-3 6.50312E-3 2.80223E-3 1.89968E-4 7.93765E-4 1.85309E-4 1.03776E-4 2.02991E-3 1.06817E-3 7.07625E-4 2.53919E-3 4.8795E-4 4.60946E-4 5.49979E-4 5.15633E-4 1.20253E-4 1.23268E-4 1.80698E-3 2.52065E-3 4.20162E-4 2.20927E-3 8.55968E-4 1.81678E-4 -9999 -9999 -9999 -9999 -9999 -9999 -9999 -9999 -9999 -9999 -9999 -9999 -9999 -9999 -9999
7.76159E-3 5.52161E-3 4.57426E-4 5.96492E-3 6.40435E-4 1.80694E-4 1.77673E-4 2.01933E-3 1.53244E-3 7.59863E-4 1.23352E-3 3.13451E-3 7.5889E-4 2.24981E-3 8.64153E-5 1.37995E-4 3.4663E-4 1.64292E-3 1.30209E-3 4.2731E-4 8.95618E-4 2.28204E-4 1.25122E-2 6.53128E-4 1.68575E-4 1.7983E-4 2.18001E-4 4.40466E-4 2.01758E-4 2.11337E-3 1.56538E-4 4.20696E-4 2.71156E-3 4.90037E-4 6.47701E-4 5.52171E-4 1.36064E-3 1.38503E-3 2.76604E-4 2.87235E-3 1.9514E-3 8.04793E-4 2.39773E-4 1.59997E-4 -9999 -9999 -9999 -9999 -9999 -9999 -9999 -9999 -9999 -9999 -9999 -9999 -9999 -9999 -9999
9.05516E-3 4.75615E-4 2.11536E-3 2.63237E-3 1.18908E-3 1.88312E-4 1.39909E-4 2.19564E-3 3.26467E-3 7.47108E-4 2.08514E-4 3.21548E-4 1.43646E-4 5.57231E-4 5.77003E-4 2.80992E-4 1.26184E-4 7.56562E-4 2.08093E-3 8.94344E-4 2.05022E-4 1.75184E-3 9.36429E-3 1.73983E-4 1.9708E-4 2.02428E-4 7.47193E-4 4.39814E-4 2.57302E-4 1.60501E-3 6.71662E-4 2.08527E-4 4.80646E-4 1.79721E-3 7.06587E-4 3.26852E-4 2.67291E-4 1.0469E-3 5.26577E-4 2.5577E-3 6.06498E-4 8.54615E-4 1.72711E-3 3.1523E-4 1.86795E-4 -9999 -9999 -9999 -9999 -9999 -9999 -9999 -9999 -9999 -9999 -9999 -9999 -9999 -9999
8.77847E-3 2.0361E-3 2.61113E-3 1.38511E-3 6.47897E-4 5.7489E-4 3.9324E-4 1.61024E-3 1.53092E-4 1.97652E-4 1.25873E-3 2.58139E-3 5.1204E-4 8.20508E-4 4.95385E-4 2.97754E-4 7.68024E-4 1.25703E-3 2.29506E-3 7.94037E-4 9.99543E-4 6.01289E-3 6.81419E-3 2.50062E-3 2.38918E-3 1.79159E-3 1.70388E-4 1.73901E-4 3.76948E-4 7.47747E-4 1.516E-4 6.20039E-4 2.48601E-4 7.68994E-4 1.54102E-3 5.87198E-4 7.27822E-4 6.14315E-4 9.96169E-4 2.55186E-3 2.21593E-3 5.99291E-4 2.38629E-3 7.40941E-4 1.65033E-4 -9999 -9999 -9999 -9999 -9999 -9999 -9999 -9999 -9999 -9999 -9999 -9999 -9999 -9999
3.01466E-3 9.89105E-4 1.82671E-4 4.8077E-4 1.37979E-3 5.45021E-4 8.26207E-4 1.636E-3 6.26818E-4 2.11499E-3 5.56045E-4 1.00122E-3 1.38653E-4 6.16088E-4 1.21768E-3 1.3362E-4 1.23468E-4 4.37244E-3 7.67259E-3 7.9982E-4 9.39141E-3 2.32062E-3 2.628E-4 2.83954E-4 1.38132E-3 1.83904E-4 1.67351E-3 6.44147E-4 2.13793E-4 4.40357E-4 4.35781E-4 2.15656E-4 1.24043E-3 2.4393E-4 5.08755E-4 2.76639E-3 7.38731E-4 8.60206E-4 5.37346E-4 5.32167E-4 1.12715E-3 1.05908E-3 2.79291E-3 1.84909E-4 2.32159E-4 -9999 -9999 -9999 -9999 -9999 -9999 -9999 -9999 -9999 -9999 -9999 -9999 -9999 -9999
1.82171E-3 4.52635E-4 3.90408E-4 7.3059E-3 3.58235E-3 7.2284E-4 7.76427E-4 5.73706E-4 1.83625E-4 8.53571E-4 1.93318E-4 4.13878E-3 4.48209E-4 4.97987E-4 1.2462E-4 6.93127E-4 2.85573E-4 5.21884E-3 9.59193E-3 9.73176E-3 4.18082E-3 1.10103E-3 3.78141E-4 1.12964E-3 4.90487E-4 3.88137E-4 4.96452E-4 1.31385E-3 6.49402E-4 4.96013E-4 2.14176E-4 2.05809E-4 2.57218E-4 2.15859E-3 2.35055E-4 5.72567E-4 1.51004E-3 1.90113E-4 2.29473E-4 6.54812E-4 2.82969E-4 1.81688E-3 2.78067E-3 7.83061E-4 5.74499E-4 -9999 -9999 -9999 -9999 -9999 -9999 -9999 -9999 -9999 -9999 -9999 -9999 -9999 -9999
8.36183E-3 3.565E-3 2.26246E-4 1.95765E-3 8.89853E-4 1.36127E-3 4.95039E-4 4.97775E-3 6.88939E-4 5.80446E-4 1.15732E-3 1.26805E-3 4.42244E-4 4.45989E-4 9.05778E-4 2.93631E-4 3.49996E-3 9.3794E-3 7.75752E-3 3.50061E-3 7.52983E-4 1.73213E-4 2.5301E-4 9.13757E-4 1.91959E-4 6.38109E-4 6.63E-4 5.37481E-4 1.65895E-4 5.56907E-4 1.18168E-3 2.00652E-4 2.65876E-4 2.95915E-3 5.69239E-4 2.19745E-4 7.12715E-4 1.3907E-3 8.41967E-4 1.61569E-4 1.80769E-4 1.14416E-3 2.60931E-3 9.08862E-4 2.29036E-4 -9999 -9999 -9999 -9999 -9999 -9999 -9999 -9999 -9999 -9999 -9999 -9999 -9999 -9999
4.56285E-3 8.07298E-3 2.66519E-3 1.08461E-3 2.23567E-3 4.04852E-4 4.96145E-4 2.61487E-4 3.7794E-3 3.43835E-4 7.32899E-4 1.43965E-3 5.65625E-4 4.38151E-4 2.78079E-4 2.3996E-3 9.45782E-3 6.01517E-3 1.16714E-2 3.36127E-3 8.47421E-4 1.79955E-4 2.39575E-3 2.5744E-3 1.96276E-4 2.36786E-4 1.81718E-3 8.15816E-4 4.85556E-4 2.3578E-4 1.48484E-3 1.20398E-3 2.13014E-3 4.86219E-4 7.07949E-4 2.25071E-4 1.3305E-3 5.27983E-4 2.3154E-3 2.06686E-4 7.61929E-4 2.26778E-3 9.81583E-4 7.41244E-4 2.15136E-4 -9999 -9999 -9999 -9999 -9999 -9999 -9999 -9999 -9999 -9999 -9999 -9999 -9999 -9999
6.91706E-4 1.59545E-3 8.21933E-4 2.49156E-3 2.54886E-3 8.06455E-4 4.80879E-4 8.3693E-4 9.40911E-4 1.33742E-3 3.14443E-3 1.33235E-3 6.05364E-4 7.31876E-4 2.82868E-3 1.07115E-2 8.10582E-3 8.41833E-3 4.9449E-3 8.34361E-3 8.54344E-3 2.56062E-3 1.94752E-4 4.54676E-4 2.43321E-3 2.49941E-3 8.51566E-4 2.36931E-4 8.38205E-4 6.41359E-4 5.90256E-3 2.76932E-3 2.0784E-4 1.66503E-3 1.86414E-3 2.44201E-4 8.5305E-4 2.30798E-3 5.62117E-4 2.54869E-3 1.19684E-3 2.2748E-3 3.42706E-3 2.27202E-4 5.16633E-4 -9999 -9999 -9999 -9999 -9999 -9999 -9999 -9999 -9999 -9999 -9999 -9999 -9999 -9999
4.42983E-4 6.91606E-4 1.21385E-4 6.97335E-4 1.14036E-3 5.5245E-4 1.71898E-3 2.4155E-4 1.84589E-4 1.02871E-3 7.4994E-3 1.7958E-4 5.71298E-4 3.78072E-3 1.34016E-2 1.38635E-3 1.66795E-3 3.48812E-3 7.62796E-4 1.85866E-3 6.25632E-3 6.09055E-3 7.77548E-4 2.15656E-4 2.0673E-4 2.0236E-4 5.83539E-4 8.80149E-4 2.42836E-3 3.05993E-3 8.59834E-3 8.41214E-3 2.25753E-4 9.11689E-4 1.11192E-3 5.47292E-4 7.97439E-4 1.31634E-3 3.24795E-3 2.42989E-3 2.80419E-3 1.53703E-3 6.42032E-4 4.87907E-4 1.31624E-3 -9999 -9999 -9999 -9999 -9999 -9999 -9999 -9999 -9999 -9999 -9999 -9999 -9999 -9999
3.112E-4 2.795E-4 1.37645E-4 1.10203E-4 8.24918E-4 9.1045E-4 4.49774E-3 5.66811E-3 6.69773E-3 2.58867E-3 5.03782E-3 8.62016E-3 8.29098E-3 4.30223E-3 1.01054E-2 1.40311E-3 6.6347E-4 8.2052E-4 5.96238E-3 4.84669E-4 4.94496E-4 1.08882E-3 1.74552E-4 5.12502E-4 6.9636E-4 9.0925E-4 2.51037E-4 2.81084E-3 7.11622E-4 8.66187E-3 1.66343E-3 1.93906E-3 1.59698E-3 9.7519E-4 2.47989E-3 6.18999E-4 2.21646E-4 1.85625E-3 2.63461E-3 1.23005E-3 2.70225E-3 4.32907E-3 1.10746E-3 1.64555E-3 6.98396E-4 -9999 -9999 -9999 -9999 -9999 -9999 -9999 -9999 -9999 -9999 -9999 -9999 -9999 -9999
2.11146E-4 1.9935E-4 1.01881E-4 4.76209E-4 6.74303E-5 2.41531E-4 1.28235E-3 5.1404E-4 5.065E-4 2.3004E-4 4.12285E-4 2.1725E-4 2.70058E-4 7.16068E-3 1.18534E-2 8.72386E-3 9.26558E-3 8.53128E-4 2.55652E-3 8.8481E-4 2.23615E-4 2.28906E-4 6.29176E-4 5.28143E-4 8.72442E-4 2.35794E-4 1.11769E-3 1.94685E-3 2.5426E-3 4.48642E-4 1.32667E-3 2.32265E-3 2.6648E-3 1.78137E-3 1.4869E-3 2.62594E-4 1.15786E-3 1.07933E-3 1.15681E-3 2.78898E-3 2.60608E-3 2.92244E-3 2.02259E-3 1.37123E-3 -9999 -9999 -9999 -9999 -9999 -9999 -9999 -9999 -9999 -9999 -9999 -9999 -9999 -9999 -9999
1.30211E-4 1.03039E-4 1.18958E-4 2.71318E-4 5.95078E-5 1.59727E-4 5.39811E-5 2.49841E-4 9.02371E-5 1.04557E-4 1.45579E-4 1.42741E-4 3.1556E-4 8.03872E-3 1.46287E-4 1.79794E-4 1.87077E-4 2.59284E-3 4.55558E-3 1.12023E-3 6.93379E-4 2.31577E-4 5.89384E-4 5.17709E-4 2.1761E-3 4.27432E-4 2.42774E-3 2.56244E-3 1.92218E-3 1.77806E-3 2.06612E-3 6.28681E-4 5.63544E-4 1.83942E-4 2.17209E-3 2.62992E-4 2.83905E-3 1.07482E-3 4.78952E-4 3.25714E-3 3.73742E-3 2.82233E-3 2.54315E-3 1.08424E-3 -9999 -9999 -9999 -9999 -9999 -9999 -9999 -9999 -9999 -9999 -9999 -9999 -9999 -9999 -9999
4.93413E-4 1.08827E-3 8.97109E-5 1.26123E-4 6.59443E-5 1.2202E-4 7.36619E-5 1.42071E-4 1.50894E-4 1.18839E-4 3.78663E-4 1.17244E-4 4.60264E-3 7.04486E-4 1.33029E-4 2.08456E-4 1.9336E-3 9.15879E-4 7.58852E-3 2.9974E-3 3.12563E-4 6.93455E-4 8.98013E-4 5.16058E-4 2.57376E-3 2.74647E-3 6.35668E-3 9.48574E-4 2.4983E-3 1.70219E-3 2.2625E-3 1.02403E-3 6.18093E-4 5.70226E-4 4.6696E-4 2.77134E-3 2.1862E-3 5.74773E-3 2.68634E-3 3.01222E-3 3.16592E-3 3.11812E-3 3.07066E-3 1.60454E-3 -9999 -9999 -9999 -9999 -9999 -9999 -9999 -9999 -9999 -9999 -9999 -9999 -9999 -9999 -9999
1.5967E-4 7.04569E-4 6.21587E-4 2.01763E-4 1.51243E-4 4.38529E-4 3.93421E-4 1.13049E-4 3.72733E-4 2.39843E-4 2.84018E-4 3.05047E-4 7.37661E-3 4.0717E-4 1.22043E-4 1.86773E-4 4.79537E-4 2.44607E-3 1.67302E-4 6.59803E-3 7.93341E-3 2.53861E-3 2.9566E-3 3.05225E-3 8.18151E-3 8.63437E-4 1.7862E-3 4.45558E-3 4.52087E-4 4.85311E-4 6.8303E-4 8.5574E-4 2.89838E-4 1.76495E-4 1.9256E-4 2.58357E-3 1.21988E-3 8.28065E-4 9.4964E-4 1.17034E-3 1.62285E-3 1.28111E-3 2.28009E-3 -9999 -9999 -9999 -9999 -9999 -9999 -9999 -9999 -9999 -9999 -9999 -9999 -9999 -9999 -9999 -9999
1.44089E-3 7.51168E-4 9.92537E-4 1.38085E-4 8.72769E-4 1.12127E-3 8.47211E-5 2.32025E-4 3.21801E-4 1.08391E-4 4.37103E-3 4.19666E-3 1.14412E-4 8.34056E-4 5.82228E-4 6.40732E-4 6.75605E-4 5.45607E-4 1.36682E-3 6.76601E-3 7.90204E-4 1.62528E-4 1.09397E-3 1.56006E-4 1.0507E-3 1.83765E-4 7.91775E-4 3.1367E-3 1.53764E-3 6.26783E-4 1.0238E-3 1.95992E-4 1.82627E-4 1.97483E-4 3.7404E-4 1.12607E-3 1.38562E-4 2.69711E-4 5.66239E-4 5.85195E-4 1.32098E-4 9.96332E-4 5.66522E-4 -9999 -9999 -9999 -9999 -9999 -9999 -9999 -9999 -9999 -9999 -9999 -9999 -9999 -9999 -9999 -9999
5.93957E-4 4.75909E-4 1.14921E-4 7.06043E-4 1.00063E-4 9.16519E-5 6.53158E-4 7.49086E-4 2.13418E-3 8.17964E-5 3.7238E-4 7.57839E-3 1.88642E-4 4.73233E-4 5.896E-4 1.16317E-3 6.46253E-4 1.13672E-3 1.62338E-3 2.35001E-3 1.20363E-3 4.76449E-4 3.45607E-3 9.52713E-5 2.70947E-3 5.2925E-4 2.49699E-3 5.14107E-4 1.00673E-3 4.11552E-4 4.06372E-4 3.56992E-3 5.12785E-4 1.58664E-4 3.08096E-3 1.39183E-4 2.52114E-4 1.21853E-4 2.66595E-4 2.56557E-4 8.31892E-5 6.93339E-4 -9999 -9999 -9999 -9999 -9999 -9999 -9999 -9999 -9999 -9999 -9999 -9999 -9999 -9999 -9999 -9999 -9999
2.38862E-3 7.85948E-4 3.00063E-4 1.95185E-4 2.42065E-3 1.06812E-4 2.43277E-3 1.36496E-3 2.26127E-4 2.68178E-3 9.66164E-3 2.21122E-3 1.10212E-3 2.00704E-4 2.71861E-4 1.44458E-3 7.01507E-4 3.89467E-4 4.33258E-3 1.74813E-3 1.38593E-4 1.22377E-4 1.03819E-3 9.45684E-4 1.15246E-3 4.23165E-4 2.55928E-3 7.08372E-4 1.03392E-3 1.53839E-3 1.52228E-3 4.20715E-3 4.83377E-3 2.76239E-3 1.90498E-4 1.27678E-4 1.40733E-4 1.39524E-4 1.51707E-4 1.20367E-4 1.79054E-4 -9999 -9999 -9999 -9999 -9999 -9999 -9999 -9999 -9999 -9999 -9999 -9999 -9999 -9999 -9999 -9999 -9999 -9999
8.33364E-4 2.59559E-3 1.066E-3 2.6362E-3 2.40618E-3 4.03297E-3 6.27181E-4 3.02422E-4 1.65853E-4 8.39956E-4 1.01584E-2 1.45565E-4 1.57274E-3 5.51554E-3 1.14301E-3 6.98737E-4 1.12774E-3 3.76962E-4 1.16079E-3 3.05541E-4 1.42737E-3 1.58061E-3 6.91929E-4 1.71935E-4 4.46616E-4 8.96889E-4 2.75498E-4 1.34261E-4 7.67601E-5 1.5208E-4 1.6313E-4 1.20086E-3 2.39848E-3 2.70971E-3 2.18174E-3 2.807E-4 1.18562E-4 1.20272E-4 1.41057E-4 2.25384E-4 4.4537E-4 -9999 -9999 -9999 -9999 -9999 -9999 -9999 -9999 -9999 -9999 -9999 -9999 -9999 -9999 -9999 -9999 -9999 -9999
1.04765E-4 2.46894E-4 2.25313E-3 1.88616E-4 8.16827E-5 4.24482E-4 2.06587E-4 1.68841E-4 1.44928E-4 6.95517E-4 5.40498E-3 5.15023E-4 1.37489E-4 1.33158E-4 7.73947E-3 6.09389E-3 7.83405E-4 3.56405E-4 8.86135E-4 1.17689E-4 2.58983E-4 2.98675E-4 7.71695E-3 6.16604E-3 5.72616E-4 1.68815E-4 4.62129E-4 1.23233E-4 5.85133E-4 8.188E-4 6.27174E-4 7.57001E-4 6.52291E-4 1.42711E-3 5.21448E-4 2.75448E-3 7.38866E-4 2.30566E-4 3.09915E-4 -9999 -9999 -9999 -9999 -9999 -9999 -9999 -9999 -9999 -9999 -9999 -9999 -9999 -9999 -9999 -9999 -9999 -9999 -9999 -9999
1.16679E-4 6.11516E-4 2.27716E-4 8.47934E-5 5.308E-5 1.01778E-4 1.23486E-4 2.84564E-4 2.87722E-3 4.31066E-3 4.1976E-4 1.56766E-2 2.27417E-4 4.75165E-4 6.51217E-4 3.38718E-3 1.84756E-3 4.84205E-4 7.33545E-4 1.2747E-4 1.39298E-4 1.28304E-4 6.92761E-4 1.89504E-3 2.10243E-3 5.53647E-4 3.00193E-3 1.07273E-4 1.55346E-4 6.763E-4 6.65051E-4 1.3128E-4 1.21233E-4 1.66316E-3 4.38727E-4 2.30254E-4 2.44847E-3 1.19349E-3 -9999 -9999 -9999 -9999 -9999 -9999 -9999 -9999 -9999 -9999 -9999 -9999 -9999 -9999 -9999 -9999 -9999 -9999 -9999 -9999 -9999
1.9622E-4 9.2385E-4 1.11268E-4 5.41415E-4 1.18872E-4 1.13005E-4 2.53868E-4 1.32025E-4 8.42735E-4 1.28776E-4 1.50156E-4 5.80451E-3 1.88231E-4 4.33033E-4 1.41151E-3 1.20085E-3 1.02241E-3 1.22513E-4 1.90145E-4 1.08962E-3 2.33892E-4 3.10323E-4 1.54488E-4 1.6667E-4 9.23355E-3 2.38083E-3 7.03304E-4 1.77993E-4 1.9663E-4 7.45509E-5 2.99586E-4 7.96291E-4 8.35539E-4 5.60379E-4 5.82988E-4 1.31305E-4 2.33754E-4 2.97749E-3 -9999 -9999 -9999 -9999 -9999 -9999 -9999 -9999 -9999 -9999 -9999 -9999 -9999 -9999 -9999 -9999 -9999 -9999 -9999 -9999 -9999
4.1658E-4 1.21925E-4 1.91102E-3 4.18165E-4 3.82681E-4 1.03631E-3 7.86072E-4 1.34539E-3 1.66508E-3 2.27572E-4 1.30003E-4 5.44133E-3 8.38783E-4 7.65267E-4 1.21508E-4 9.99643E-4 1.23802E-3 1.49783E-4 2.91961E-4 1.71596E-4 9.8134E-4 1.72722E-4 8.28309E-4 1.03563E-4 2.60507E-3 2.78398E-3 5.9101E-4 1.44716E-4 1.67256E-4 2.36377E-4 8.44487E-5 1.68162E-4 5.53149E-4 2.23963E-3 2.80476E-3 2.55861E-4 1.04227E-3 -9999 -9999 -9999 -9999 -9999 -9999 -9999 -9999 -9999 -9999 -9999 -9999 -9999 -9999 -9999 -9999 -9999 -9999 -9999 -9999 -9999 -9999
2.23672E-4 2.37468E-4 1.11912E-3 1.23094E-3 2.41009E-3 1.35428E-4 3.73559E-4 9.26073E-5 4.25567E-4 1.89905E-4 1.25719E-4 4.42932E-3 7.42364E-5 8.98879E-5 1.49938E-4 1.90307E-4 3.86385E-3 7.96176E-4 6.07786E-4 1.59168E-4 7.6948E-4 1.15087E-3 4.87378E-4 1.67389E-4 4.74864E-4 1.92318E-4 9.53937E-4 7.07722E-4 1.9015E-4 6.16995E-4 2.00395E-4 2.79736E-4 9.28476E-4 7.74105E-4 2.68099E-4 1.11286E-3 1.10871E-3 -9999 -9999 -9999 -9999 -9999 -9999 -9999 -9999 -9999 -9999 -9999 -9999 -9999 -9999 -9999 -9999 -9999 -9999 -9999 -9999 -9999 -9999
5.79747E-4 5.38831E-4 1.35887E-4 1.16972E-4 1.04649E-4 9.92697E-4 2.47638E-3 2.40208E-4 6.81532E-4 1.23628E-4 5.01062E-3 2.8278E-4 1.76611E-4 3.342E-4 1.82618E-4 2.76459E-3 1.99144E-4 7.78778E-4 2.52729E-4 7.97503E-5 1.87104E-4 1.82108E-3 7.23139E-4 1.19307E-4 1.60196E-4 1.76494E-4 7.76202E-4 3.10276E-3 1.29569E-3 1.90012E-4 2.10982E-4 6.12539E-4 1.96582E-3 4.10978E-4 1.33214E-4 4.89024E-4 -9999 -9999 -9999 -9999 -9999 -9999 -9999 -9999 -9999 -9999 -9999 -9999 -9999 -9999 -9999 -9999 -9999 -9999 -9999 -9999 -9999 -9999 -9999
4.36829E-4 9.75749E-4 7.27941E-4 1.00861E-4 2.41096E-4 3.94646E-3 2.48808E-3 2.36098E-4 1.3018E-4 3.13948E-4 6.1791E-3 6.44591E-4 5.61029E-4 6.02123E-4 3.04459E-4 7.87673E-4 7.62063E-4 5.60129E-4 2.0302E-4 8.21147E-4 1.82605E-4 1.88175E-4 2.36346E-3 3.33156E-4 1.37251E-4 1.74327E-4 6.89031E-4 7.10828E-4 2.7921E-3 1.67936E-4 2.24462E-4 1.29754E-4 1.32598E-4 1.26009E-3 4.01809E-4 6.02097E-4 -9999 -9999 -9999 -9999 -9999 -9999 -9999 -9999 -9999 -9999 -9999 -9999 -9999 -9999 -9999 -9999 -9999 -9999 -9999 -9999 -9999 -9999 -9999
