landuse_ti_only_rm150/flood.asc
ncols         319
nrows         495
xllcorner     219017.22331753
yllcorner     4610852.5305323
cellsize      500.0
NODATA_value  -9999
[rows 324 to 350 of 495, columns 122 to 182 of 319]
1.55978E1 1.50523E1 1.63657E1 2.52495E1 2.22945E1 1.93526E1 3.20348E1 1.61266E1 2.89096E1 5.30065E1 8.61174E0 8.30783E0 5.64149E1 2.37546E1 2.66648E1 5.69094E0 5.78971E0 2.87508E1 5.20032E1 5.06002E1 9.07782E0 4.61168E1 1.542E1 1.1052E0 3.47404E-1 2.08242E0 2.20136E1 6.83645E-1 2.94248E0 2.32721E1 2.23486E1 6.38479E0 6.65332E-1 1.43262E0 5.00555E0 6.05937E0 7.16199E0 9.31456E0 2.35249E1 1.26852E1 5.86213E0 2.20378E0 5.04426E0 3.85274E0 6.6473E0 8.7239E0 3.69873E0 8.08282E0 1.23186E1 3.20319E0 9.62046E-1 3.52912E0 1.04235E0 3.20331E0 1.34687E1 5.6174E1 1.53202E1 1.63174E1 1.1493E1 8.64582E0 2.07276E0
4.19513E1 4.64682E1 4.12086E1 1.88771E1 1.52873E1 1.93696E1 1.87608E1 8.56506E0 3.0272E1 3.00987E1 1.68595E1 1.781E1 3.22613E1 5.71079E1 8.92429E-1 5.94203E0 2.59014E1 1.42585E1 6.00216E1 2.02272E1 5.55291E1 5.42567E1 6.27616E1 3.36311E1 3.36566E0 5.83189E-1 2.18757E1 2.85199E1 2.4249E1 3.86599E0 2.67258E1 7.69787E0 4.63307E0 7.13049E0 5.76148E0 9.52711E0 7.49421E0 1.77564E1 2.11471E0 1.30774E1 1.40586E1 6.72718E0 4.37482E0 7.54274E0 2.68192E0 1.1774E1 5.53401E0 3.8233E0 1.30576E1 1.6178E0 6.38176E0 1.59485E0 1.70492E0 1.49312E0 1.29704E1 6.68728E1 7.57656E0 3.06493E0 4.95797E0 3.66299E0 1.16105E0
2.99992E1 3.14928E1 9.09933E0 3.93129E1 4.51042E1 4.01681E1 3.75285E1 8.3951E0 9.22743E0 7.19042E0 8.69997E0 9.01499E0 2.72687E1 2.4168E1 1.30547E1 5.55813E0 2.51044E1 1.18183E1 6.30821E1 2.81269E1 3.40788E1 9.44416E1 5.8856E1 2.55817E1 2.92707E0 2.52E1 3.01417E1 8.10076E0 1.07222E0 3.07407E0 2.56506E1 9.0167E0 1.62552E1 7.95352E0 1.18881E1 5.69522E0 4.90596E0 1.58133E1 1.33482E1 5.24062E0 1.89915E1 4.58018E0 1.1711E0 2.33334E0 4.46256E0 5.73879E0 1.22108E1 5.07273E0 1.42905E1 1.03163E1 2.90832E0 2.6513E-1 2.06655E0 4.60914E0 3.09518E1 1.17796E1 9.17945E0 5.13354E0 4.47905E-1 1.54736E1 6.14118E0
3.04821E1 2.0383E1 2.80631E1 2.86244E1 2.9858E1 8.78917E0 7.85429E0 1.88797E1 7.56542E0 7.24229E0 6.43163E0 5.55528E0 2.50389E1 5.92424E1 1.67817E1 2.67388E1 8.83981E0 2.5337E1 8.2259E0 2.99723E1 3.52912E1 9.24708E1 6.1382E1 2.56612E1 3.68896E0 1.0991E1 2.16198E1 7.61098E0 6.894E0 2.18902E1 3.2591E1 3.64704E0 6.59042E0 1.42686E1 8.02808E-1 5.29423E0 4.10779E-1 1.21932E1 1.1947E0 2.31342E1 1.06856E1 1.24203E1 5.86322E0 1.44665E0 2.58303E0 2.14792E0 1.29116E1 6.05669E0 1.35614E1 2.14511E0 4.48101E0 7.51E0 1.37629E1 1.23614E1 6.42453E1 1.26996E1 1.22576E1 5.97338E0 1.51908E-1 1.56707E1 8.31971E0
2.0189E1 2.29846E1 2.70038E1 3.00602E1 2.13602E1 3.6789E1 4.09102E1 3.06497E1 2.29656E1 1.58184E1 1.1444E0 1.49381E1 1.67601E1 2.67113E1 2.44849E1 4.3545E0 6.15678E1 3.02368E1 1.86907E1 3.36079E1 3.91523E1 9.3193E1 6.03964E1 4.03044E1 1.16353E1 1.03753E0 5.67888E-1 2.20199E1 4.03131E1 4.23171E-1 2.68362E1 2.29637E1 1.45067E1 6.46655E0 9.75742E0 9.66738E-1 7.46181E-1 1.44647E1 3.86108E-1 1.18128E1 4.59711E0 9.50913E0 1.43397E0 1.83313E0 2.04694E0 1.66068E1 4.60716E0 1.93468E1 9.40366E0 1.83144E1 2.07603E1 1.28322E1 1.2561E1 1.56399E1 5.81432E1 5.77725E0 7.58308E0 1.12925E1 1.05658E1 1.05188E1 2.94843E0
2.09104E1 9.212E0 9.61883E0 4.19347E1 2.87031E1 1.87297E1 4.1746E1 9.3123E0 2.78178E1 2.38071E1 1.67479E1 2.60892E1 3.77527E1 3.70917E1 3.61828E1 2.91524E1 2.85248E1 3.03014E1 3.43177E1 2.41959E1 2.96324E1 9.21359E1 6.25205E1 2.64764E1 1.89839E-1 2.09417E0 2.22043E0 2.09045E1 9.19488E0 6.5825E-1 5.31882E0 2.37088E1 1.34437E1 7.40736E-1 1.62692E0 4.012E1 4.57463E0 1.28772E1 2.75088E0 1.30003E1 1.43968E1 3.8922E0 1.29551E1 1.34559E1 1.25381E1 1.91282E1 1.24989E1 1.4324E1 1.52871E1 9.22044E-2 4.70173E0 3.61955E1 1.59971E1 5.74427E1 1.32947E1 1.84398E1 1.46943E1 5.54417E0 4.30647E0 3.01038E0 1.18774E0
2.21476E1 2.14329E1 2.68985E1 8.56059E0 1.3095E1 4.51416E1 2.75107E1 4.3093E1 4.7464E1 3.34153E1 3.0363E1 1.22649E1 9.03102E0 2.86683E1 2.93974E1 3.64632E1 3.73493E1 9.00825E0 2.87801E1 2.33129E1 3.4524E1 8.88013E1 4.39789E1 7.73169E-1 1.89097E-1 6.06108E-1 2.323E0 2.13293E1 9.41789E0 2.65567E1 3.73722E1 2.66077E1 1.25141E1 2.32542E1 2.95637E0 3.84778E0 1.45287E1 1.53155E0 6.72742E0 1.55481E1 4.6712E0 1.37292E1 4.26915E0 7.84509E0 1.40707E1 1.43462E1 1.3784E1 2.76456E1 1.68554E1 1.95603E1 1.26803E1 5.80769E0 2.93758E1 5.47918E0 8.55124E0 8.818E0 9.56301E0 7.99737E0 3.34181E0 1.09606E0 1.07793E0
4.91138E1 2.03353E1 2.40802E1 1.25969E1 3.20761E1 2.25114E1 1.04554E1 1.89326E1 1.89715E1 2.8898E1 2.01124E1 1.03002E1 1.68304E1 3.00718E1 7.28204E0 2.57136E1 2.59592E1 3.6099E1 4.15349E1 3.83213E1 4.45951E1 9.03522E1 4.0987E1 2.56506E1 1.64909E-1 3.01049E1 7.84529E-1 2.32708E1 1.06165E1 2.90461E1 8.2916E0 2.56458E1 1.12967E1 2.22815E1 2.2313E1 1.27191E1 5.18298E-1 5.44426E0 1.20966E1 7.74013E-1 1.83998E0 7.77112E0 1.36907E1 1.26237E1 9.55756E0 6.42449E-1 1.35834E1 6.16319E1 3.50515E0 1.88258E1 1.31321E1 1.4805E1 1.08716E1 1.37333E1 1.28259E1 1.36348E1 1.1205E1 1.02634E1 1.01927E1 8.40164E0 5.90728E0
2.82293E1 4.74942E1 1.98591E1 9.82371E0 8.5715E0 1.23765E1 6.04439E0 1.96412E1 2.91507E1 5.45877E1 2.05327E1 2.29603E1 5.43575E1 5.32135E1 1.89037E1 1.96657E1 6.77884E1 2.37753E1 3.0262E1 1.47485E1 2.82181E1 9.39186E1 4.21437E1 3.53452E1 2.65133E0 5.194E-1 4.27862E0 4.93239E1 1.03605E0 9.96543E0 2.37954E1 2.31654E1 1.40936E1 1.90581E1 1.4646E1 1.20502E1 1.28132E1 1.68464E1 1.40907E1 1.18494E1 2.3397E0 5.44894E0 6.44208E0 1.1049E1 1.6592E0 3.4676E0 1.36363E1 6.05697E1 1.03508E1 2.93913E1 1.3706E1 1.44911E1 9.70228E0 2.32776E1 6.60227E0 7.55545E0 3.00059E0 3.9426E-1 9.04839E0 3.80357E1 1.15695E1
2.11364E1 2.13266E1 5.78166E1 7.20055E1 8.34977E0 2.02162E1 1.91395E1 1.55012E1 5.60499E1 3.1836E1 2.03809E1 1.56447E1 1.98766E1 1.47348E1 9.4163E0 1.38139E1 2.55718E1 8.36388E0 6.06261E1 2.69992E1 6.18364E1 8.55708E1 5.20124E1 2.68611E1 2.45536E-1 4.25611E0 3.4421E0 1.12592E1 2.46767E1 1.82944E0 2.49364E1 2.24578E1 1.64172E1 4.59134E0 2.95212E-1 2.45385E-1 4.26152E0 7.3969E0 5.69018E0 7.31246E-1 1.09606E1 8.7935E0 8.54589E0 1.66853E0 3.54537E0 1.37884E1 6.28208E1 5.54417E0 3.78386E0 1.6528E1 1.83025E1 8.1653E0 9.81396E0 1.22052E1 1.51538E1 1.30138E1 1.37329E1 1.24966E1 8.65466E0 6.02749E0 2.86634E0
5.12102E1 5.23099E1 2.08584E1 2.18669E1 6.3934E1 4.39313E1 5.60994E0 5.23593E1 1.96918E1 2.19194E1 2.77468E1 3.0094E1 2.8348E1 2.66905E1 3.91032E1 3.33981E1 3.80298E1 2.58293E1 1.88938E1 6.22734E1 9.68132E-1 8.67731E1 4.8758E1 1.50182E1 1.51447E1 3.73509E0 4.76178E1 7.10368E0 3.5121E1 3.083E1 2.81657E1 1.52744E1 6.83626E-1 6.6317E-1 3.3558E1 2.3807E1 2.91477E1 2.92329E1 2.38566E1 1.20383E1 5.42132E0 1.72432E0 1.07035E1 6.29481E0 8.97563E0 1.31854E1 6.04813E1 3.12015E-1 4.67575E0 1.61115E1 6.05727E-1 4.25533E0 7.2783E0 1.20609E1 7.11497E-1 2.17531E1 2.12276E1 2.80718E0 1.73831E0 4.90503E0 9.54202E-1
3.89153E1 2.48053E1 2.57025E1 2.48093E1 3.07669E1 2.16099E1 2.04231E1 3.04351E1 1.05122E1 1.03166E1 1.04899E1 1.04438E1 1.06439E1 8.66906E0 3.35789E1 9.74415E0 2.67928E1 5.95357E1 7.71424E0 4.94658E-1 3.43549E0 8.15087E1 6.17695E1 2.28691E1 2.46612E1 1.84113E1 3.95435E1 2.29673E1 8.2819E0 2.53526E1 2.6014E1 1.6631E1 3.03253E1 2.36631E1 1.23266E0 2.57741E1 3.02548E1 5.86673E0 2.58539E1 8.50781E0 6.91384E-1 1.24572E0 2.76311E0 8.93486E0 4.79013E0 5.88619E1 5.9141E-1 8.08488E0 4.80768E0 5.93337E0 1.05533E1 9.07856E0 6.50914E0 9.66778E-1 1.48283E1 1.24268E1 1.63017E1 8.71597E0 1.19531E0 1.4669E0 1.6362E0
2.20177E1 2.81709E1 2.42802E1 2.35715E1 2.25114E1 2.22987E1 3.2526E1 3.14946E1 1.06256E1 1.18148E1 1.20472E1 1.59022E1 1.79371E1 1.12249E1 3.16869E1 3.07827E1 5.87904E1 3.29588E1 3.1138E1 3.76717E1 6.93711E0 2.41758E1 9.1122E1 2.21215E1 4.66226E0 5.68006E0 5.50585E1 6.17653E1 5.84522E1 6.75586E1 6.03966E1 2.59444E1 3.61356E0 2.39545E1 2.31438E1 3.51807E1 7.05857E0 6.48868E0 7.3506E0 6.29744E0 5.96712E0 4.33874E0 3.78256E0 3.6126E0 3.72245E0 5.98722E1 7.09025E0 6.55342E0 5.5922E0 1.04289E1 4.60081E-1 3.98051E-1 2.02637E0 1.35792E1 2.82149E1 1.16119E1 4.57629E0 8.46205E-1 5.19052E0 1.88416E0 3.9351E0
2.57005E1 2.30452E1 3.81349E1 3.36658E1 2.19307E1 2.09688E1 3.63416E1 5.2168E1 1.55674E1 3.13477E1 1.58248E1 1.02872E1 1.95318E1 4.41881E1 6.4214E1 6.24745E1 3.24391E1 3.40788E1 3.30782E1 4.04609E1 3.12241E1 5.3501E0 2.70804E1 8.44835E1 2.00968E1 4.17817E0 2.40911E1 2.40801E1 2.38343E1 7.72199E0 9.62913E0 8.63616E0 5.02781E1 4.28807E1 3.993E1 2.83694E1 4.01621E1 4.53176E0 1.14045E1 5.14937E-1 5.99372E0 8.46522E0 6.58615E0 4.51275E0 4.72795E0 6.39158E1 8.62129E-1 5.6471E0 1.77236E1 1.49597E1 2.73238E0 2.25038E-1 1.30915E1 1.55093E1 4.96959E0 5.03963E0 5.83165E0 1.91917E0 1.20194E0 2.56954E0 1.16685E1
2.1905E1 1.36733E1 3.96313E1 4.82548E1 4.32364E1 4.25938E1 5.32619E1 3.2591E1 1.19561E1 1.61666E1 3.20187E1 3.45123E1 3.71807E1 6.68496E1 3.77203E1 4.24605E1 3.08781E1 3.02629E1 3.18784E1 4.29562E1 3.80813E1 2.71541E1 5.37006E0 2.70683E1 4.00145E1 4.97392E0 3.73866E0 7.9002E0 9.21291E0 8.31491E0 2.38816E1 4.48089E1 7.3215E0 7.50514E0 3.48809E1 2.5921E1 5.17114E0 8.66473E0 1.30375E1 4.07797E0 4.11667E0 7.00505E0 9.798E0 1.8806E0 6.50048E1 2.68177E1 1.69467E0 1.80307E1 7.86533E0 8.18692E0 1.83437E1 1.31901E1 7.34308E0 1.59485E1 7.57815E0 9.36612E0 4.65443E-1 4.65501E0 2.87923E0 1.09928E1 3.2373E0
1.30835E1 4.74846E1 3.39207E1 3.37613E1 1.14502E1 1.11419E1 3.23419E1 3.79354E1 1.08073E1 9.47484E0 3.26598E1 3.20492E1 6.02582E1 3.88111E1 4.43224E1 3.2623E1 1.16078E1 3.62874E1 3.73149E1 3.58954E1 3.37724E1 3.15302E1 2.59016E1 2.12242E1 8.42877E1 6.69227E0 5.1676E0 6.10101E0 2.85035E1 2.74305E1 4.73257E1 2.52219E1 4.58438E0 3.64987E0 6.26798E0 6.19371E0 4.56408E0 1.82155E1 9.93955E-1 2.77055E0 2.39929E1 2.61627E1 9.87376E0 6.52103E1 2.82466E1 5.62773E1 5.79532E1 4.61858E1 2.19897E0 1.86762E0 2.60627E1 2.08049E1 1.65174E1 5.56236E0 3.96631E0 1.29434E1 1.38598E1 4.08369E1 1.1339E1 3.83662E0 8.57716E0
5.83755E1 5.96857E1 6.09038E1 6.03442E1 3.60465E1 3.62593E1 3.30385E1 2.07995E1 3.09961E1 1.94642E1 5.99318E1 6.15268E1 3.48809E1 3.31467E1 3.38714E1 1.03077E1 2.79178E1 1.08131E1 3.30447E1 2.6238E1 2.77799E1 3.43447E1 2.67258E1 5.78724E0 8.29441E1 3.95571E1 2.38511E0 2.82253E0 3.34945E1 2.68164E1 4.75393E1 2.47771E1 7.85575E0 7.6506E0 1.03728E1 5.72847E0 4.44992E1 5.87787E-1 2.32678E1 2.55221E1 3.92602E0 1.07098E1 2.75517E1 4.0127E1 5.34714E-1 2.35039E1 7.22606E-1 9.76402E0 1.52859E1 2.05339E0 8.93023E0 3.65972E1 5.87305E0 6.65029E0 6.88957E0 2.36455E1 1.04994E1 1.2994E1 1.20659E1 9.25086E0 3.58631E0
1.08172E1 1.18415E1 1.27376E1 3.3959E1 6.03391E1 2.40363E1 6.103E1 2.85504E1 5.91629E1 3.4311E1 3.19441E1 3.45193E1 3.97483E1 3.41116E1 4.08294E1 1.31022E1 8.31894E0 6.79772E0 1.50453E1 3.02578E1 2.28443E1 2.29882E1 3.35671E1 6.70835E0 8.98826E1 2.29383E1 1.06922E1 7.95874E0 2.51473E1 2.74779E0 4.86856E1 6.47674E1 6.27993E1 6.30377E1 6.60425E1 7.4208E1 6.53954E1 6.16445E1 2.06638E1 2.23485E1 2.65528E1 6.43834E1 1.76461E0 6.82373E0 2.68357E1 2.52593E1 3.61997E0 4.45897E-1 1.31272E1 1.60467E1 9.32469E0 7.32113E0 6.8939E0 1.03664E1 1.38151E1 1.65258E1 1.37344E1 2.58547E1 2.48486E1 1.44239E1 4.65211E1
2.16456E1 1.00388E1 1.17637E1 4.47427E1 1.0117E1 1.18942E1 3.54329E1 9.74787E0 3.22227E1 3.22903E1 6.07079E1 6.24978E1 6.22465E1 6.33761E1 3.41304E1 2.95633E1 2.5561E1 2.21347E1 9.51485E0 2.51736E1 2.64304E1 7.54632E1 3.85788E1 6.89001E1 8.68057E1 2.30683E1 2.76788E1 6.86769E1 2.59947E1 6.80716E1 6.60872E1 2.28391E1 2.13046E1 2.18248E1 2.29031E1 2.57341E1 3.16815E1 2.67754E1 2.58132E1 2.23008E1 2.68603E1 2.88528E1 4.92361E1 4.82673E1 3.79981E1 9.08463E-1 6.38577E-1 6.7876E0 1.3085E1 1.30931E1 4.28099E0 5.72745E0 1.62179E1 1.2925E1 2.41975E1 1.37678E1 1.6341E1 2.77768E0 2.26088E0 1.65569E0 1.48653E0
4.10565E1 2.32939E1 9.50781E0 1.28877E1 3.39413E1 3.20536E1 3.79831E1 3.70694E1 1.06006E1 1.11224E1 2.00524E1 9.41389E0 3.23064E1 3.02345E1 1.67846E1 2.69502E1 2.61647E1 2.64061E1 7.46901E1 6.40522E0 6.35205E0 5.00038E0 2.08361E1 2.35053E1 3.13942E1 8.53358E1 6.31978E1 9.61003E0 1.02625E1 3.59265E1 1.15921E1 4.89496E0 2.66426E0 6.2884E0 5.42594E0 1.17991E1 7.54289E-1 2.72563E-1 2.17897E1 7.94822E0 5.30538E0 3.51867E0 3.48924E0 3.88956E0 2.70254E0 7.96872E0 8.91045E0 1.35281E1 1.39193E1 5.75335E0 2.30921E0 4.1422E0 1.42138E1 1.34187E1 1.21552E1 7.6025E0 2.89324E1 2.55351E-1 1.57169E0 4.21721E0 1.708E0
1.05447E1 4.01295E1 1.50495E1 9.51608E0 4.50516E1 3.75933E1 5.95367E1 6.6588E1 2.69109E1 2.16126E1 1.03174E1 9.08635E0 3.58061E1 2.98478E1 3.13018E0 5.4097E1 2.87854E1 7.00882E1 4.50689E1 5.95642E0 9.93795E0 1.14331E1 2.57555E1 5.69174E0 2.29705E1 3.04113E1 9.56371E1 8.43697E1 5.23261E1 2.39294E1 3.30798E1 2.88877E1 6.51101E-1 1.67043E-1 5.12742E0 3.2162E-1 2.91244E-1 2.88236E-1 4.17993E0 3.39627E0 5.39251E0 6.65379E0 8.66094E0 2.22742E0 9.00256E0 1.16084E1 5.15615E0 1.38258E1 1.13281E1 9.59907E-1 3.08312E1 3.68084E0 2.38868E1 5.59421E0 1.68994E1 1.45426E1 3.18397E1 1.52811E1 8.54087E-1 2.76178E0 1.13175E0
3.18604E1 1.66046E1 5.96378E1 6.11651E1 6.06002E1 6.16133E1 3.23778E1 3.47441E1 1.0727E1 1.05389E1 8.10223E0 1.06468E1 3.44228E1 3.43118E1 3.03307E0 6.09923E0 2.9966E1 2.16833E1 1.40136E1 2.44339E1 2.93814E1 2.9407E1 4.5987E1 3.23598E1 5.63887E0 2.29496E1 4.76098E1 5.48195E1 5.84385E1 5.60958E1 8.62383E1 8.75022E1 8.32212E1 8.10079E1 -9999 4.76046E1 2.14214E0 3.71995E0 2.1585E1 9.25773E0 6.72481E0 4.86502E0 2.83152E1 5.8234E0 4.97243E0 7.23748E0 1.04189E1 7.25186E0 8.66027E0 6.29575E-1 1.04658E1 3.60465E0 2.86277E0 1.44443E1 9.0521E0 3.47893E1 2.37192E1 3.04987E1 1.40395E1 2.6419E-1 3.25715E0
5.76316E1 5.91605E1 3.28063E1 3.08733E1 3.22227E1 3.61392E1 5.79192E1 5.73828E1 3.30167E1 3.87247E1 4.21755E1 1.37544E1 4.75447E1 2.76284E1 7.33316E0 2.92087E1 6.22154E0 2.6014E1 9.75953E0 5.23288E1 3.20058E1 3.60946E1 3.05743E1 3.71682E1 3.84833E1 6.83668E0 1.45769E1 3.96369E1 4.31803E1 4.95071E1 4.42097E1 4.40736E1 4.99171E1 1.52934E1 4.80966E1 5.14562E1 -9999 4.85265E1 6.93715E0 1.19166E1 4.77949E0 2.6662E0 9.52421E0 2.32581E-1 6.25392E0 7.57129E-1 8.06844E0 2.26341E-1 4.99681E0 6.15407E0 8.30695E0 1.22596E1 1.42493E1 1.38214E1 1.41337E1 2.56296E1 9.71374E0 8.0738E0 1.30562E1 1.9272E1 1.65059E0
9.49711E0 1.01818E1 3.6985E1 2.97351E1 5.59296E1 6.01984E1 1.08095E1 1.03085E1 5.61357E1 3.22493E1 9.06481E0 3.02229E1 5.84569E1 1.43988E1 8.23019E0 2.18975E1 2.27249E1 4.18646E1 3.3037E1 4.6855E1 5.26147E1 3.29459E1 3.69255E1 3.58298E1 6.51509E1 5.56571E1 8.21365E0 3.61034E1 3.12863E1 3.66551E1 3.85434E1 4.16983E1 4.9316E1 5.44934E1 5.86844E1 5.35748E1 5.34172E1 5.49166E1 8.90222E1 8.87347E1 3.70127E1 9.96968E0 3.57459E-1 1.05088E0 3.45753E0 6.22832E-1 3.99187E1 2.04979E1 7.22804E0 9.48927E-1 6.52148E-1 4.01736E-1 2.90241E1 3.58849E1 7.66806E0 7.44359E-1 1.48937E1 1.30335E1 1.87668E1 1.16122E1 4.00473E1
1.01072E1 1.66418E1 1.68045E1 1.70228E1 3.02438E1 3.06244E1 3.1581E1 3.38937E1 2.57511E1 1.16887E1 5.63371E-1 1.5394E1 3.00982E0 2.27909E1 6.96489E1 3.74349E1 3.53753E1 4.19971E1 3.11999E1 3.70006E1 3.0778E1 5.36641E1 4.94665E1 6.00169E1 3.03052E1 2.94973E1 3.92978E1 4.7989E0 2.53708E1 2.81976E1 2.08499E1 2.18023E1 3.77238E1 5.02468E1 5.58668E1 5.96917E1 5.37532E1 6.2532E1 5.45611E1 5.20475E1 8.82553E1 2.7294E1 1.18707E1 3.8704E1 2.1996E1 3.85314E-1 8.6444E0 4.18763E1 4.12329E-1 2.08673E1 1.30201E1 1.27941E1 1.35234E1 3.70574E1 3.95472E0 5.26013E0 1.46488E1 1.97343E1 1.22855E1 1.2795E1 1.37678E0
5.62023E1 3.31218E1 4.30669E1 3.29815E1 4.25762E1 1.10629E1 7.41261E0 7.81309E0 1.23668E1 1.66531E1 1.50463E1 4.99392E0 6.54092E0 2.44723E1 2.7727E1 2.13969E1 2.47903E1 2.82466E1 3.01611E1 3.6136E1 3.24098E1 4.63907E1 2.88817E1 5.4241E1 3.29459E1 3.37613E1 4.38005E1 2.61674E1 5.6785E0 8.74021E0 2.0866E1 2.561E1 2.30304E1 4.58065E1 3.7874E1 4.45035E1 4.61779E1 5.03395E1 4.82004E1 -9999 5.57032E1 -9999 4.65258E1 2.88295E1 3.47511E1 9.79002E0 9.04881E0 1.05246E0 5.48517E0 2.94444E1 4.48032E0 4.90544E-1 4.38037E1 2.78009E1 2.6851E1 4.58577E1 3.20267E1 7.32917E0 5.70363E0 1.5392E1 7.3824E0
3.03374E1 4.39589E1 2.85451E1 4.84205E1 4.9696E1 2.62721E1 3.10051E1 5.85966E1 8.58742E0 1.94835E1 8.87884E0 9.71083E0 2.22842E1 4.52062E1 3.0334E1 2.37255E1 2.51135E1 2.48639E1 2.98382E1 3.22889E1 3.39701E1 3.68383E1 4.16952E1 3.52781E1 6.23811E1 3.39119E1 3.80813E1 4.54138E1 3.07886E1 9.51615E0 2.4394E1 2.05084E1 2.54032E1 4.24824E1 2.7407E1 5.77695E1 6.20408E1 6.38209E1 6.29058E1 6.36814E1 6.45819E1 6.42899E1 9.42886E1 3.80257E1 4.38112E1 1.32465E1 2.51453E1 2.69591E1 1.06126E1 7.60215E-1 2.70131E1 4.05369E1 2.26852E0 5.74022E-1 3.64616E-1 3.11455E-1 1.37434E1 1.20022E1 1.18178E1 1.25125E-1 2.50961E0
