landuse_ti_only_rm150/flood.asc
ncols         319
nrows         495
xllcorner     219017.22331753
yllcorner     4610852.5305323
cellsize      500.0
NODATA_value  -9999
[rows 108 to 134 of 495, columns 183 to 243 of 319]
1.33341E1 2.2213E1 2.4938E1 5.34685E1 3.78319E1 2.35486E1 3.79451E1 3.24754E0 2.41039E0 7.91763E0 8.69077E0 2.95591E0 1.56862E1 2.35623E1 5.98372E-1 9.04184E0 5.64831E0 1.97283E0 2.45506E0 1.09167E0 3.77139E0 7.47093E0 1.11048E1 3.67863E0 5.60004E0 1.53314E1 1.13372E1 1.4851E1 -9999 -9999 -9999 -9999 -9999 -9999 -9999 -9999 -9999 -9999 -9999 -9999 -9999 -9999 -9999 -9999 -9999 -9999 -9999 -9999 -9999 -9999 -9999 -9999 -9999 -9999 -9999 -9999 -9999 -9999 -9999 -9999 -9999
1.67379E1 1.80183E1 2.34332E1 5.41656E1 2.66698E1 4.54962E1 2.32769E1 1.8775E1 1.942E1 1.27931E1 1.7106E0 1.26374E0 5.35204E0 1.60799E1 3.11572E0 6.57183E0 8.45184E0 2.32232E0 2.725E-1 2.82162E0 6.18116E-1 3.04969E0 1.04735E1 1.55127E1 1.5095E1 5.1629E0 6.45128E-1 7.28467E0 -9999 -9999 -9999 -9999 -9999 -9999 -9999 -9999 -9999 -9999 -9999 -9999 -9999 -9999 -9999 -9999 -9999 -9999 -9999 -9999 -9999 -9999 -9999 -9999 -9999 -9999 -9999 -9999 -9999 -9999 -9999 -9999 -9999
2.0677E1 2.56993E1 5.32628E1 6.09428E1 4.41553E1 3.31324E1 2.79605E1 2.6614E1 4.14709E1 2.95942E0 1.83091E0 4.34721E0 1.29489E0 1.55602E1 3.0133E0 3.9966E0 4.82188E0 6.8031E0 7.07465E-1 8.28604E-1 1.85521E0 1.09633E1 3.1526E0 5.56578E-1 6.88854E0 9.10897E0 2.18608E0 5.49906E0 1.99984E0 -9999 -9999 -9999 -9999 -9999 -9999 -9999 -9999 -9999 -9999 -9999 -9999 -9999 -9999 -9999 -9999 -9999 -9999 -9999 -9999 -9999 -9999 -9999 -9999 -9999 -9999 -9999 -9999 -9999 -9999 -9999 -9999
6.32587E0 4.81205E0 8.21861E0 6.36201E1 2.40532E1 3.1323E1 3.87829E1 4.53793E1 2.25569E1 2.47236E1 1.89047E1 9.62419E0 5.51411E0 2.30754E0 1.62759E1 2.14594E0 2.93983E0 5.62077E0 8.3444E-1 8.23016E0 9.90171E0 1.44018E0 1.71085E0 3.31777E-1 5.38191E-1 4.04992E0 8.41097E-1 1.94703E0 5.6183E0 6.57741E0 -9999 -9999 -9999 -9999 -9999 -9999 -9999 -9999 -9999 -9999 -9999 -9999 -9999 -9999 -9999 -9999 -9999 -9999 -9999 -9999 -9999 -9999 -9999 -9999 -9999 -9999 -9999 -9999 -9999 -9999 -9999
7.93315E0 4.80797E-1 8.52011E0 2.72637E1 5.82348E1 2.48958E1 4.12131E1 4.84177E1 3.77778E1 2.25362E1 3.10147E1 1.67711E0 1.49474E0 1.83102E1 1.56374E1 1.68963E1 1.86013E1 1.86929E0 3.29215E0 2.26957E0 9.28534E-1 2.11444E0 1.4566E0 3.611E-2 1.03191E0 1.16381E1 1.20091E1 1.35014E1 1.29835E1 3.9434E0 -9999 -9999 -9999 -9999 -9999 -9999 -9999 -9999 -9999 -9999 -9999 -9999 -9999 -9999 -9999 -9999 -9999 -9999 -9999 -9999 -9999 -9999 -9999 -9999 -9999 -9999 -9999 -9999 -9999 -9999 -9999
1.1502E1 1.25856E1 4.0402E0 7.5352E-1 6.24334E1 3.71276E1 2.79064E1 4.96911E1 4.23801E1 4.29057E1 2.27679E1 5.99775E0 2.32153E1 1.90604E0 1.79383E1 7.78735E0 3.19492E0 1.58934E1 6.258E-1 6.05332E0 2.87164E-1 4.17285E0 9.77363E0 5.65564E0 9.81925E0 6.90631E-1 5.49073E0 1.06574E1 9.69035E0 1.66704E1 8.47195E0 -9999 -9999 -9999 -9999 -9999 -9999 -9999 -9999 -9999 -9999 -9999 -9999 -9999 -9999 -9999 -9999 -9999 -9999 -9999 -9999 -9999 -9999 -9999 -9999 -9999 -9999 -9999 -9999 -9999 -9999
7.65127E0 7.57481E0 6.19969E0 4.73353E0 2.65904E0 6.40456E1 4.62525E1 3.26528E1 5.3024E1 3.64572E1 2.29031E1 3.15967E1 1.98036E0 3.41181E0 3.31524E1 3.24241E0 1.17477E1 6.77689E0 1.82468E1 1.99977E1 1.61798E0 6.98461E-1 2.14173E0 1.16564E0 4.45728E-1 4.39855E0 3.5696E0 9.47429E0 8.25125E0 1.46581E1 1.4734E1 2.22616E1 -9999 -9999 -9999 -9999 -9999 -9999 -9999 -9999 -9999 -9999 -9999 -9999 -9999 -9999 -9999 -9999 -9999 -9999 -9999 -9999 -9999 -9999 -9999 -9999 -9999 -9999 -9999 -9999 -9999
2.3262E1 2.14719E1 3.47863E-1 4.82258E0 6.30858E0 5.91314E1 4.84617E1 2.99037E1 5.28113E1 2.84156E1 2.56158E1 3.5551E1 1.91959E1 1.10109E1 5.15431E0 1.15139E1 7.09132E0 3.94246E0 4.81668E0 2.03242E0 4.70378E0 2.4216E0 7.97779E-1 1.29735E-2 2.50527E0 8.96774E0 1.10979E1 1.2506E1 1.30919E1 9.15208E-1 2.09568E0 4.65307E0 -9999 -9999 -9999 -9999 -9999 -9999 -9999 -9999 -9999 -9999 -9999 -9999 -9999 -9999 -9999 -9999 -9999 -9999 -9999 -9999 -9999 -9999 -9999 -9999 -9999 -9999 -9999 -9999 -9999
1.06693E1 1.2498E1 7.57454E0 1.18323E1 1.41114E1 2.47868E-1 1.72456E1 2.65716E1 1.2073E1 4.73066E1 4.57001E1 2.97486E1 2.60838E1 1.34163E1 3.34895E1 1.63413E0 1.30989E0 6.85015E0 1.56789E0 3.75475E0 3.06898E0 6.68601E0 1.76464E0 6.97377E0 4.26837E-1 3.31462E0 9.0876E0 1.04845E1 5.23017E0 5.09506E0 5.99805E0 1.32901E1 -9999 -9999 -9999 -9999 -9999 -9999 -9999 -9999 -9999 -9999 -9999 -9999 -9999 -9999 -9999 -9999 -9999 -9999 -9999 -9999 -9999 -9999 -9999 -9999 -9999 -9999 -9999 -9999 -9999
3.69177E0 1.33923E1 1.3334E1 1.0506E0 2.16397E1 2.00674E1 9.30464E-1 3.00253E1 1.61874E1 5.5712E1 5.4733E1 5.4883E1 5.22935E1 2.6823E1 5.70882E0 3.5005E0 1.16046E0 9.98476E-1 1.64E1 1.01066E1 9.57214E-1 4.70411E0 8.59535E-1 9.04232E-1 4.53042E0 5.39988E0 1.03521E1 9.35029E0 8.82754E0 1.15491E1 1.31805E1 3.95279E0 -9999 -9999 -9999 -9999 -9999 -9999 -9999 -9999 -9999 -9999 -9999 -9999 -9999 -9999 -9999 -9999 -9999 -9999 -9999 -9999 -9999 -9999 -9999 -9999 -9999 -9999 -9999 -9999 -9999
6.20422E-1 2.09608E0 9.92878E0 8.87541E0 3.55201E1 5.36529E0 6.7102E0 2.42664E1 2.8277E1 3.20419E1 2.76456E1 3.20288E1 5.30414E1 1.43033E1 2.61192E0 1.9272E0 1.7023E1 1.14074E1 3.01888E1 1.7632E0 1.66448E1 3.91115E0 4.1862E0 2.78416E0 5.02158E0 8.51486E0 5.84294E0 6.24393E0 1.31539E1 1.102E0 4.00588E0 2.50476E0 3.47361E0 -9999 -9999 -9999 -9999 -9999 -9999 -9999 -9999 -9999 -9999 -9999 -9999 -9999 -9999 -9999 -9999 -9999 -9999 -9999 -9999 -9999 -9999 -9999 -9999 -9999 -9999 -9999 -9999
6.97636E0 5.95823E0 9.6292E-1 2.15671E1 1.24527E0 2.11082E1 6.93898E0 6.50619E1 2.63871E1 3.97424E1 3.63074E1 2.77115E1 8.55337E0 2.643E1 1.41085E1 1.23353E1 1.20605E1 5.58573E0 3.19869E1 1.12759E1 1.1059E1 5.04562E0 6.90993E0 1.07344E0 2.74494E0 3.38842E0 5.10678E0 8.54695E0 6.90311E0 3.80596E0 7.80146E-1 9.52653E0 4.67974E0 -9999 -9999 -9999 -9999 -9999 -9999 -9999 -9999 -9999 -9999 -9999 -9999 -9999 -9999 -9999 -9999 -9999 -9999 -9999 -9999 -9999 -9999 -9999 -9999 -9999 -9999 -9999 -9999
1.05839E1 2.14899E1 2.2677E1 1.54673E0 1.28134E1 1.2355E1 2.08495E1 1.00973E1 4.81135E1 3.19259E1 2.43288E0 3.81946E1 3.50652E1 2.75884E1 3.12227E1 8.82348E0 3.66717E0 1.81387E1 1.73024E1 1.78706E0 6.26802E0 3.11495E0 3.25169E0 3.5739E-1 1.31519E0 4.73463E-1 1.89671E0 1.1414E1 5.33003E0 4.39912E0 2.78008E0 8.27713E-1 5.2693E0 -9999 -9999 -9999 -9999 -9999 -9999 -9999 -9999 -9999 -9999 -9999 -9999 -9999 -9999 -9999 -9999 -9999 -9999 -9999 -9999 -9999 -9999 -9999 -9999 -9999 -9999 -9999 -9999
5.24603E-1 9.54411E0 2.4063E1 1.19839E0 6.29118E0 6.35625E0 6.71052E0 2.01092E1 2.80445E1 4.46281E1 4.22972E1 2.77067E1 9.26571E0 2.94853E1 3.77656E1 2.26754E1 3.73196E0 1.73163E1 1.6846E1 1.77027E1 3.94777E0 2.71811E0 6.48579E-1 2.36417E0 8.8569E0 1.01853E1 1.15266E1 3.82571E0 5.16801E0 9.84525E-1 1.31056E1 1.73697E1 -9999 -9999 -9999 -9999 -9999 -9999 -9999 -9999 -9999 -9999 -9999 -9999 -9999 -9999 -9999 -9999 -9999 -9999 -9999 -9999 -9999 -9999 -9999 -9999 -9999 -9999 -9999 -9999 -9999
1.09489E1 3.50702E0 9.67922E0 3.65888E0 7.43422E0 4.80881E0 1.02481E1 6.50812E1 2.92399E1 2.43742E0 8.61171E0 4.17906E1 1.16854E1 9.41003E0 4.58441E1 3.3177E1 2.54409E0 1.11752E1 5.17332E0 1.69736E1 1.84167E1 5.74851E0 4.43338E0 6.24277E0 8.72234E0 8.10754E0 2.99369E0 3.45326E0 3.59946E0 1.60473E1 3.94333E0 1.02532E1 -9999 -9999 -9999 -9999 -9999 -9999 -9999 -9999 -9999 -9999 -9999 -9999 -9999 -9999 -9999 -9999 -9999 -9999 -9999 -9999 -9999 -9999 -9999 -9999 -9999 -9999 -9999 -9999 -9999
8.47776E0 2.07637E0 7.43336E0 4.66956E0 2.22388E1 2.70093E1 1.58814E1 2.67876E1 2.44888E1 1.08969E0 3.97907E1 2.82846E1 3.02754E1 1.06456E1 2.94465E1 4.66142E1 1.15415E1 8.00574E-1 1.16456E1 1.43493E1 1.23994E1 2.87698E0 9.67858E0 7.57052E0 8.1138E0 1.29529E0 1.1824E1 1.23985E1 1.62911E1 3.32254E0 7.8597E0 9.48495E-1 -9999 -9999 -9999 -9999 -9999 -9999 -9999 -9999 -9999 -9999 -9999 -9999 -9999 -9999 -9999 -9999 -9999 -9999 -9999 -9999 -9999 -9999 -9999 -9999 -9999 -9999 -9999 -9999 -9999
1.40632E0 1.11496E0 4.70103E0 7.38721E0 6.37776E0 2.51739E0 6.09394E1 4.51421E1 4.46761E1 1.02726E1 2.84056E1 3.08062E1 4.41024E1 2.64691E1 4.66329E1 1.73101E0 7.90913E-1 1.63353E1 1.63109E1 4.22993E0 1.86621E1 1.94822E1 4.22427E0 5.93109E0 1.68787E1 2.81098E0 1.27865E1 4.76514E0 1.29488E1 3.55777E0 3.16105E0 1.09547E0 -9999 -9999 -9999 -9999 -9999 -9999 -9999 -9999 -9999 -9999 -9999 -9999 -9999 -9999 -9999 -9999 -9999 -9999 -9999 -9999 -9999 -9999 -9999 -9999 -9999 -9999 -9999 -9999 -9999
6.0339E0 7.65276E0 3.13362E0 1.00398E1 6.70253E0 1.45945E-1 1.5716E1 2.80293E1 3.14287E1 3.24915E0 2.92895E1 3.61982E1 4.56067E1 4.87965E1 8.72457E0 2.66034E-1 2.79336E-2 9.82545E0 1.66091E1 1.73885E1 8.187E-1 2.61706E0 1.48271E0 7.26817E0 7.30398E0 1.40579E1 1.67794E0 4.01008E0 1.36262E1 3.13601E0 2.34197E0 1.72466E0 -9999 -9999 -9999 -9999 -9999 -9999 -9999 -9999 -9999 -9999 -9999 -9999 -9999 -9999 -9999 -9999 -9999 -9999 -9999 -9999 -9999 -9999 -9999 -9999 -9999 -9999 -9999 -9999 -9999
4.03775E1 7.05525E0 1.41341E0 4.58244E0 5.17054E0 2.1821E1 5.97224E1 2.81412E1 6.50864E1 6.49534E1 4.14776E1 3.01785E1 5.50567E1 3.98483E1 8.03506E0 4.30729E-1 6.18048E0 2.73967E0 5.52796E0 7.77E0 1.93249E0 6.29201E0 7.49188E0 1.29461E1 1.494E0 2.71448E0 1.50985E-1 2.15317E0 1.30072E1 1.10187E0 7.53785E-1 6.86706E0 6.29021E0 -9999 -9999 -9999 -9999 -9999 -9999 -9999 -9999 -9999 -9999 -9999 -9999 -9999 -9999 -9999 -9999 -9999 -9999 -9999 -9999 -9999 -9999 -9999 -9999 -9999 -9999 -9999 -9999
4.7963E1 7.73115E0 4.45897E-1 1.72321E-1 7.43284E0 5.76167E0 6.15477E1 6.4509E1 2.96812E1 2.92651E1 6.6637E1 7.00517E1 5.74347E1 4.15605E1 2.58087E1 2.04158E-1 1.32442E0 3.40171E0 1.21394E0 1.92574E1 4.67735E0 1.1485E0 3.91455E0 6.89096E0 8.25441E-1 3.27288E0 1.41187E0 3.0153E-1 1.55143E0 1.33994E1 1.95048E0 1.65977E0 8.06158E0 -9999 -9999 -9999 -9999 -9999 -9999 -9999 -9999 -9999 -9999 -9999 -9999 -9999 -9999 -9999 -9999 -9999 -9999 -9999 -9999 -9999 -9999 -9999 -9999 -9999 -9999 -9999 -9999
3.27239E1 1.33635E1 5.3321E0 1.42209E-1 4.58272E0 3.70649E0 7.82427E0 6.69423E1 4.09257E1 2.79586E1 3.39068E1 3.60249E1 1.84773E1 4.83126E1 3.22948E1 6.26617E0 2.13866E1 2.30917E0 2.9932E0 1.89422E1 9.12883E-1 3.78295E-1 5.72304E-1 1.11471E0 4.15656E-1 4.37669E0 8.4096E0 1.04298E1 5.62788E0 1.45766E1 3.97918E-1 4.28829E-1 2.2452E0 2.80233E0 -9999 -9999 -9999 -9999 -9999 -9999 -9999 -9999 -9999 -9999 -9999 -9999 -9999 -9999 -9999 -9999 -9999 -9999 -9999 -9999 -9999 -9999 -9999 -9999 -9999 -9999 -9999
2.9083E1 5.38827E1 4.98124E0 1.49916E0 3.90943E0 4.37727E0 3.81711E1 2.96836E1 2.30196E1 3.82332E1 2.85708E1 2.80055E1 3.00337E1 1.73365E1 3.53945E1 6.485E0 2.08066E1 5.6371E0 1.68638E1 2.22528E1 1.71702E1 5.76728E-1 2.19368E0 7.4221E-1 5.54903E-1 3.01134E-1 3.68546E0 9.68961E-1 1.47636E-2 1.3623E1 1.10448E0 2.00703E-1 2.5827E-1 6.89257E-1 -9999 -9999 -9999 -9999 -9999 -9999 -9999 -9999 -9999 -9999 -9999 -9999 -9999 -9999 -9999 -9999 -9999 -9999 -9999 -9999 -9999 -9999 -9999 -9999 -9999 -9999 -9999
9.77148E0 5.00656E1 2.86992E1 6.50432E1 2.4222E1 6.44401E1 2.90137E1 2.07483E-1 2.45691E1 5.25964E0 2.2881E1 2.27349E1 2.37209E1 2.75796E1 6.24409E1 2.33808E1 1.75972E1 2.02305E0 2.7803E1 3.02061E0 6.86572E-1 1.53347E1 1.60192E1 3.49235E0 3.85168E0 8.77881E-1 8.13679E-1 1.65739E0 1.59236E0 6.73281E0 1.33283E1 8.92237E0 4.06272E0 5.70479E-1 -9999 -9999 -9999 -9999 -9999 -9999 -9999 -9999 -9999 -9999 -9999 -9999 -9999 -9999 -9999 -9999 -9999 -9999 -9999 -9999 -9999 -9999 -9999 -9999 -9999 -9999 -9999
6.23066E1 5.26836E1 6.84166E1 4.23268E1 3.93798E1 2.00929E1 1.65139E-1 2.51111E1 1.07621E-1 2.42813E1 2.3625E1 2.12111E1 2.87611E1 3.82559E1 1.69343E1 2.77651E1 1.74742E0 3.30963E1 1.85785E1 1.65532E1 1.61784E1 2.75935E0 4.97902E0 1.61625E1 3.85832E-1 4.92895E-1 5.92576E0 8.0261E0 9.63423E0 8.09602E0 1.10737E1 9.90503E-1 5.12066E0 2.53343E0 -9999 -9999 -9999 -9999 -9999 -9999 -9999 -9999 -9999 -9999 -9999 -9999 -9999 -9999 -9999 -9999 -9999 -9999 -9999 -9999 -9999 -9999 -9999 -9999 -9999 -9999 -9999
6.23727E1 7.00799E1 3.8737E1 2.10285E1 5.05566E0 1.23029E1 2.00346E1 1.96254E1 3.9406E0 2.20504E1 9.24965E-2 1.93006E1 2.11773E1 2.92755E1 6.52431E1 4.63205E1 1.15138E1 4.90684E0 8.77612E0 4.15803E0 3.52315E1 1.05667E1 8.55688E0 8.93506E0 3.50455E0 5.32748E0 3.11305E0 5.51742E-1 1.25956E-3 2.23753E0 1.05508E1 5.08104E0 1.1109E0 7.19593E-1 4.7148E0 -9999 -9999 -9999 -9999 -9999 -9999 -9999 -9999 -9999 -9999 -9999 -9999 -9999 -9999 -9999 -9999 -9999 -9999 -9999 -9999 -9999 -9999 -9999 -9999 -9999 -9999
7.15221E1 2.65028E1 3.31789E1 2.91706E1 4.30893E0 5.32329E0 6.87451E0 3.16616E0 6.80895E0 1.66358E0 2.52214E-1 2.13429E1 2.73267E1 3.84657E1 6.60802E1 5.26815E1 4.4887E1 1.55085E1 1.39251E1 1.26299E1 1.45578E0 6.04856E0 4.21275E0 1.65499E1 5.59477E0 1.03964E0 1.1529E0 1.82855E0 7.15359E0 8.00918E-1 6.28384E-1 6.38582E0 2.39187E0 4.82377E0 6.75027E0 -9999 -9999 -9999 -9999 -9999 -9999 -9999 -9999 -9999 -9999 -9999 -9999 -9999 -9999 -9999 -9999 -9999 -9999 -9999 -9999 -9999 -9999 -9999 -9999 -9999 -9999
2.48262E1 2.44183E1 5.67562E0 6.89269E0 2.61516E1 6.39223E0 1.15198E1 3.01251E1 2.77231E1 2.53062E1 2.05432E1 2.14714E1 2.90468E0 2.45187E1 1.66322E1 4.59032E1 2.51197E1 3.4938E0 1.82669E1 2.4298E0 1.14507E0 7.02169E0 2.68378E0 4.44663E-1 2.35299E0 1.36878E0 2.56826E0 8.00609E-1 4.20983E0 8.51131E-1 2.53614E-1 4.66541E0 3.05528E0 1.74978E0 2.31168E0 7.93049E0 -9999 -9999 -9999 -9999 -9999 -9999 -9999 -9999 -9999 -9999 -9999 -9999 -9999 -9999 -9999 -9999 -9999 -9999 -9999 -9999 -9999 -9999 -9999 -9999 -9999
