landuse_ti_only_rm150/flood.asc
ncols         319
nrows         495
xllcorner     219017.22331753
yllcorner     4610852.5305323
cellsize      500.0
NODATA_value  -9999
[rows 405 to 431 of 495, columns 122 to 182 of 319]
3.79622E1 3.65563E1 1.23395E1 5.49791E1 5.12345E1 1.31651E1 7.75161E0 2.44371E1 7.78738E0 2.68412E1 3.24252E1 4.23701E1 3.97069E1 2.83129E1 4.09173E1 3.79643E1 1.0422E1 1.75491E1 3.91345E1 2.06227E1 3.81059E1 3.56556E1 3.03023E1 4.22558E1 2.91407E1 2.64407E1 2.86244E1 7.21091E1 6.79178E1 6.53452E1 6.71294E1 9.61516E1 4.75943E1 4.0485E1 4.14762E1 9.24323E0 7.66535E0 4.16878E1 1.3362E1 1.1782E1 2.61998E1 2.76594E1 3.46025E1 2.20972E1 2.52947E1 4.56637E1 5.11851E1 2.41232E1 1.65132E1 2.8479E1 1.56232E1 1.44153E1 2.23538E1 1.47356E1 1.45566E1 1.44187E1 3.06696E1 1.4178E1 1.66735E1 1.32964E1 1.2379E1
3.40829E1 4.37122E1 1.0086E1 5.82754E1 5.73841E1 1.13006E1 3.02255E1 1.01117E1 2.60166E1 6.21229E1 2.99765E1 3.0432E1 4.15151E1 4.03208E1 1.02308E1 2.98798E1 1.01024E1 5.75638E1 3.50116E1 3.4365E1 6.76414E1 3.22227E1 3.7778E1 5.23109E1 3.79258E1 2.66316E1 2.99521E1 7.32923E1 6.57712E1 7.51538E1 9.75474E1 4.796E1 3.91874E1 2.61198E1 4.18195E1 7.40263E0 3.04048E1 2.76663E1 7.41315E0 1.85331E1 3.00089E1 4.06315E1 9.14537E0 2.75348E1 2.47187E1 1.31869E1 2.24301E1 1.22653E1 3.01397E1 2.20952E1 3.55387E1 1.27034E1 2.55153E1 1.36897E1 1.36461E1 2.57224E1 1.50704E1 1.62573E1 1.50418E1 1.52008E1 2.29406E1
3.01732E1 4.50318E1 2.71712E1 3.18919E1 3.5829E1 4.04317E1 2.80979E1 2.24781E1 3.7076E1 3.17586E1 2.2365E1 4.0199E1 2.8216E1 1.13728E1 1.13747E1 1.65494E1 5.46742E1 4.07381E1 1.42948E1 3.10882E1 1.15259E1 5.62424E1 4.60677E1 3.3458E1 7.16079E1 6.46138E1 3.01461E1 7.20249E1 1.51641E1 9.60405E1 5.56176E1 5.28234E1 3.06394E1 1.10511E1 4.22906E1 3.59204E1 3.73942E1 3.49775E1 2.92118E1 2.47832E1 2.38189E1 2.468E1 2.59205E1 1.49916E1 3.08492E1 1.66137E1 1.10555E1 7.93665E0 9.12692E0 8.78669E0 1.41813E1 1.32116E1 1.54831E1 2.24279E1 1.45912E1 3.82465E1 1.56883E1 1.68416E1 1.50858E1 1.66246E1 1.71973E1
3.00452E1 4.93079E1 1.16924E1 2.9125E1 1.10541E1 4.5192E1 3.1662E1 3.17544E1 2.80556E1 9.48113E0 5.95942E1 2.68083E1 2.8104E1 2.52919E1 8.92793E0 6.71676E1 1.06074E1 3.06593E1 3.74255E1 1.1535E1 4.31091E1 2.03261E1 1.00505E1 4.85172E1 6.9264E1 6.47903E1 3.72366E1 7.42554E1 9.59947E1 4.09563E1 4.08564E1 2.77391E1 8.35136E0 3.47271E1 3.84957E1 9.45201E0 3.30851E1 3.04769E1 2.50756E1 1.51313E1 4.49959E1 4.12046E1 4.22141E1 3.73321E1 2.8982E1 1.59309E1 9.50274E0 8.40735E0 9.64229E0 1.85832E1 1.65259E1 1.44921E1 1.47143E1 2.55624E1 1.09146E1 2.93747E1 1.557E1 1.48875E1 3.96509E1 1.52035E1 2.97717E1
5.23937E1 2.76542E1 5.37727E1 5.37441E1 4.79462E1 3.08348E1 3.49288E1 9.59037E0 2.85942E1 3.16649E1 3.64198E1 8.34311E0 2.81684E1 3.0943E1 6.59772E1 2.85273E1 6.75849E1 9.08308E0 7.10465E1 2.77164E1 2.69894E1 3.07098E1 6.21677E1 2.99531E1 6.77744E1 8.24427E0 6.07007E1 8.02762E1 9.55602E1 4.51723E1 4.10846E1 3.36847E1 3.81267E1 4.84794E1 3.86159E1 2.92293E1 3.06244E1 2.86992E1 4.94196E1 3.07163E1 2.76732E1 3.2769E1 3.14579E1 2.66895E1 2.34114E1 2.34301E1 9.23761E0 6.67096E0 7.61568E0 7.87222E0 1.37469E1 1.97069E1 1.00693E1 9.06751E0 1.93512E1 1.46251E1 2.69279E1 5.25021E1 2.91639E1 1.20091E1 4.68909E0
1.11769E1 3.25349E1 2.99037E1 1.21174E1 1.34064E1 1.47741E1 3.92173E1 2.90472E1 3.55637E1 4.01047E1 2.68458E1 3.32079E1 3.03116E1 2.61631E1 3.53005E1 7.9947E0 2.87197E1 6.85971E1 2.78003E1 3.95682E1 4.0277E1 1.02845E1 4.37331E1 3.22466E1 1.14452E1 8.65157E0 5.72115E1 7.59552E1 9.32666E1 3.22183E1 7.09822E0 2.65772E1 2.87897E1 3.48164E1 3.79464E1 2.86162E1 3.33423E1 1.54365E1 5.22231E1 1.52724E1 2.49128E1 2.46596E1 4.79768E1 5.20643E1 3.80312E1 3.09326E1 1.17704E1 9.78667E0 9.4899E0 1.74368E1 1.53594E1 1.52881E1 2.36359E1 1.44306E1 4.22471E1 3.2215E1 5.66708E1 2.95729E1 1.18781E1 1.05843E1 5.01408E0
4.50809E1 3.02399E1 3.31043E1 1.60814E1 3.13424E1 3.93771E1 2.7555E1 3.07909E1 4.22647E1 2.89875E1 3.20419E1 9.71375E0 3.95644E1 5.14063E1 3.05465E1 3.19373E1 2.90534E1 1.3682E1 7.13253E1 6.75299E1 3.07371E1 3.0617E1 3.63011E1 8.26493E0 6.02184E1 5.09176E1 6.15449E1 7.67835E1 9.82285E1 1.14693E1 4.82748E1 3.06926E1 4.05016E1 2.92148E1 3.94124E1 3.44419E1 2.68059E1 2.59098E1 1.49668E1 3.54753E1 5.4528E1 5.0628E1 1.80189E1 2.60054E1 1.42485E1 8.4638E0 1.02076E1 7.56959E0 9.72722E0 1.49424E1 1.61323E1 1.67349E1 1.41548E1 5.44626E1 1.08412E1 2.89132E1 8.19437E0 1.10714E1 1.01768E1 4.20637E0 6.28583E0
3.08205E1 3.04728E1 3.19373E1 4.83254E1 4.27398E1 1.31182E1 2.81829E1 5.90259E1 3.70694E1 3.32341E1 3.58685E1 3.99572E1 3.04582E1 3.6252E1 1.47806E1 1.1675E1 4.05408E1 3.76103E1 7.65554E0 2.65382E1 6.56743E1 2.87377E1 8.83677E0 9.39897E0 4.86808E1 6.28199E1 6.61728E1 -9999 8.76686E1 4.42355E1 9.7593E0 3.30167E1 3.0848E1 4.13295E1 2.86979E1 5.58011E1 1.56368E1 1.83079E1 3.75478E1 1.65823E1 2.74858E1 2.85273E1 1.09658E1 3.42635E1 9.26046E0 3.81667E1 3.20556E1 2.54866E1 1.52379E1 9.31854E0 1.39595E1 1.67155E1 1.35521E1 3.47498E1 8.81357E0 8.41006E0 9.35409E0 8.15705E0 7.57927E0 7.48385E0 9.93845E0
3.61376E1 9.99134E0 5.43454E1 6.6391E1 6.25571E1 3.78817E1 3.93238E1 2.90243E1 4.0093E1 1.02659E1 4.08148E1 2.79502E1 3.79679E1 2.40532E1 5.36945E1 1.22161E1 3.70534E1 3.11942E1 2.93316E1 3.06335E1 1.02973E1 6.55372E1 9.10175E1 6.68324E1 8.41123E0 6.42666E1 5.75051E1 9.52074E1 1.99796E1 6.30928E1 3.18998E1 2.71712E1 6.09763E1 5.9924E1 1.95371E1 4.23951E1 3.60332E1 2.93316E1 1.20696E1 2.8952E1 3.12651E1 3.02936E1 3.48901E1 3.07011E1 3.3524E1 3.21001E1 3.81377E1 2.82818E1 1.53186E1 2.28712E1 1.93144E1 1.48718E1 1.69533E1 6.12545E1 2.69469E1 1.48825E1 8.0152E0 1.65257E1 5.03895E1 1.52043E1 1.38953E1
1.09542E1 5.22808E1 6.15338E1 6.63059E1 6.19003E1 9.77148E0 3.76301E1 4.39157E1 3.37585E1 1.72667E1 5.59286E1 4.37791E1 4.84905E1 1.57742E1 1.1444E1 4.95248E1 5.5343E1 2.45856E1 2.90104E1 3.09456E1 2.80711E1 3.96532E1 3.89891E1 2.68147E1 6.42515E1 3.02882E1 9.22974E1 2.94334E1 4.14575E1 3.15206E1 5.90434E1 6.18313E1 2.90377E1 1.16093E1 9.84372E0 4.36114E1 3.87548E1 4.01393E1 3.61264E1 3.43264E1 1.09196E1 4.13789E1 2.89332E1 2.89068E1 3.46505E1 3.23538E1 4.79309E1 3.10446E1 2.18867E1 9.88613E0 1.02137E1 1.69748E1 4.2494E1 3.23961E1 1.85981E1 1.58593E1 5.26267E1 2.74957E1 3.28275E1 3.08781E1 1.1728E1
1.6533E1 6.03694E1 6.41881E1 6.09392E1 3.35657E1 3.0285E1 4.98555E1 2.7583E1 3.38678E1 2.94537E1 1.43735E1 5.71252E1 9.61886E0 3.72649E1 1.01753E1 3.10318E1 3.96037E1 6.12726E1 2.78234E1 2.78968E1 3.47441E1 2.95778E1 3.17894E1 3.14744E1 2.7021E1 2.62527E1 9.77957E1 3.44192E1 9.85067E0 6.05485E1 4.44179E1 2.84142E1 7.4643E1 3.00146E1 3.18248E1 3.15021E1 3.17565E1 2.08966E1 3.30851E1 3.37752E1 4.61012E1 3.27938E1 4.21674E1 3.59807E1 2.90293E1 3.13496E1 3.24329E1 4.8552E1 1.56552E1 2.12215E1 1.44631E1 2.81172E1 6.34948E1 3.38172E1 5.58729E1 5.02254E1 3.80254E1 2.77929E1 3.44317E1 3.32284E1 3.07338E1
2.97702E1 6.34008E1 6.07884E1 3.8902E1 4.20637E1 3.11772E1 5.10707E1 3.09668E1 1.41293E1 3.3891E1 3.734E1 2.62284E1 1.38848E1 3.91454E1 1.12376E1 8.4247E0 2.74924E1 8.42595E0 1.65777E1 5.35574E1 7.98229E0 3.72653E1 3.91634E1 2.7615E1 5.65117E1 2.929E1 9.72917E1 3.01498E1 1.17213E1 4.00768E1 3.66397E1 3.46538E1 3.32815E1 2.51466E1 4.13106E1 6.17E1 4.34242E1 3.67488E1 3.78325E1 4.79861E1 1.52974E1 4.48209E1 3.24098E1 1.24086E1 1.81024E1 5.24348E1 1.30963E1 3.20171E1 1.50892E1 2.36001E1 1.45437E1 6.06067E1 3.30782E1 5.56125E1 3.16022E1 2.75617E1 2.89068E1 3.96587E1 1.06853E1 8.50781E0 3.95178E1
3.12227E1 6.21222E1 6.55179E1 1.58248E1 1.69003E1 2.84507E1 3.11255E1 3.2128E1 3.17586E1 8.01735E0 4.91996E1 8.35523E0 1.20882E1 1.6617E1 5.53303E1 3.68852E1 3.21575E1 4.23401E1 8.22828E0 6.61911E1 5.23624E1 2.73533E1 3.02555E1 1.48265E1 4.94406E1 3.48239E1 9.42915E1 4.20522E1 3.41823E1 3.58478E1 4.26344E1 3.53113E1 3.74255E1 4.57456E1 3.45507E1 1.61929E1 3.24159E1 3.48022E1 3.90423E1 3.38201E1 5.70635E1 4.82037E1 4.7719E1 4.85094E1 3.24329E1 3.08312E1 1.49257E1 3.79058E1 1.43016E1 6.28729E1 6.47754E1 5.01535E1 3.31875E0 9.64518E0 3.88647E1 3.52991E1 3.233E1 3.88605E1 1.14655E1 3.84033E1 3.291E1
4.57155E1 8.63849E1 6.99015E1 2.97647E1 1.55388E1 5.2412E1 5.65818E1 1.16473E1 2.53216E1 1.23178E1 4.35191E1 1.4552E1 8.06721E0 2.48215E1 1.56407E1 8.36388E0 3.46907E1 3.29532E1 3.25618E1 1.04365E1 6.77202E1 1.86635E1 1.01111E1 5.17183E1 5.35969E1 4.44457E1 8.69258E1 6.91819E0 5.12184E1 9.96495E0 1.53791E1 1.05253E1 3.46769E1 3.73321E1 3.11772E1 5.03703E1 3.1662E1 4.39718E1 3.28787E1 5.63337E1 3.3073E1 6.08186E1 4.29846E1 3.69334E1 3.74753E1 2.8898E1 9.05798E0 2.44944E1 6.23863E1 3.98526E1 2.63425E1 3.04756E1 9.45861E0 7.79585E-1 2.556E1 3.17586E1 4.0334E1 3.72704E1 3.3407E1 3.22248E1 3.91851E1
3.13872E1 3.37585E1 3.07557E1 3.77694E1 5.36434E1 2.92269E1 1.19081E1 2.85842E1 3.30157E1 3.43978E1 3.50105E1 1.21352E1 1.01397E1 2.44008E1 3.19004E1 2.1196E1 4.92236E1 7.00108E1 3.28214E1 2.92118E1 2.44758E1 5.35304E1 3.50433E1 3.06613E1 7.59819E1 9.53236E1 5.67512E1 5.13339E1 5.01061E1 5.30907E1 1.53307E1 5.82754E1 3.47608E1 3.91719E1 4.36388E1 5.87249E1 4.48664E1 3.38285E1 5.70987E1 3.78926E1 6.32622E1 6.21677E1 3.0199E1 3.18292E1 2.80711E1 3.16171E1 2.73856E1 9.11919E1 4.54241E1 8.91558E0 8.47104E0 2.48271E1 1.23938E0 8.50752E0 3.36632E1 3.02376E1 2.95669E1 3.56851E1 2.63108E1 3.07085E1 3.96099E1
5.68531E1 1.28608E1 3.02376E1 4.6702E1 5.16093E1 2.98372E1 4.69923E1 2.95974E1 1.09839E1 3.31559E1 6.22962E1 3.62151E1 3.39561E1 3.71466E1 1.47624E1 9.86048E0 1.67228E1 5.839E1 3.52681E1 2.52638E1 2.70215E1 1.11376E1 1.83832E1 3.24008E1 7.16944E1 3.10726E1 9.09783E1 1.04532E1 3.65407E1 5.03685E1 3.47191E1 5.44522E1 3.90666E1 3.78632E1 4.59785E1 5.95429E1 3.84667E1 6.11121E1 4.94832E1 4.23858E1 3.67869E1 7.09658E1 6.32622E1 4.4728E1 2.73431E1 3.87048E1 4.45889E1 6.94426E1 3.38588E1 3.37223E1 3.53759E1 1.02205E1 1.14099E1 3.00509E1 2.68243E1 3.22606E1 3.14101E1 3.78374E1 3.24809E1 3.79839E1 6.10975E1
2.81168E1 5.61492E1 3.02337E1 6.60127E1 8.80854E0 3.90253E1 4.41667E1 4.00768E1 3.64922E1 3.75223E1 3.1676E1 4.33863E1 1.00179E1 1.14766E1 2.63012E1 1.36399E1 7.8824E0 2.62711E1 2.36065E1 2.23913E1 5.84857E1 2.20587E1 6.04767E1 3.9259E1 4.36262E1 6.56298E1 8.97649E1 6.83363E1 4.10916E1 5.2307E1 4.72054E1 3.9186E1 4.07516E1 4.15779E1 3.64687E1 6.53344E1 6.05299E1 3.5481E1 1.76773E1 4.89819E1 4.65686E1 3.55375E1 3.46538E1 3.05836E1 4.52885E1 3.11143E1 6.79624E1 4.64496E1 5.59951E1 4.38986E1 8.12034E0 8.95532E0 3.36867E1 2.97859E1 3.75109E1 2.78599E1 3.84535E1 4.28798E1 4.7711E1 3.77203E1 2.49039E1
1.73456E1 3.85846E1 3.21747E1 6.59617E1 3.26695E1 3.30713E1 1.53722E1 3.38616E1 3.4128E1 4.46704E1 2.9922E1 3.42452E1 1.14221E1 1.0151E1 8.44101E0 5.94892E1 5.30246E1 7.98604E0 4.74453E1 3.36435E1 3.86591E1 3.41728E1 8.133E1 1.77712E1 6.16304E1 8.21787E1 2.66193E1 9.89548E0 3.52515E1 5.83194E1 3.86562E1 1.65949E1 7.05047E1 4.42966E1 2.25816E1 3.51079E1 4.00795E1 4.95777E1 4.06315E1 4.13992E1 3.51079E1 3.85716E1 3.74361E1 2.94025E1 4.24817E1 7.36898E1 4.5392E1 4.02441E1 2.76095E1 4.0203E1 3.85792E1 2.21259E0 3.90444E1 3.01127E1 2.88317E1 4.03515E1 4.61982E1 1.15619E1 6.7419E0 5.90516E1 4.14306E1
7.41242E1 3.35386E1 6.30813E1 4.11415E1 5.61191E1 1.26164E1 5.52291E1 3.53473E1 4.56866E1 1.08541E1 3.23778E1 6.87901E1 3.64618E1 4.03356E1 1.39311E1 5.23928E1 1.00103E1 4.61192E1 2.76508E1 4.88893E1 3.41273E1 3.48344E1 7.92891E1 1.45213E1 9.81813E1 8.80356E1 7.63823E1 8.0355E1 5.31312E1 3.6188E1 6.22408E1 4.53331E1 5.76883E1 4.29689E1 2.66038E1 4.26034E1 3.74136E1 3.7442E1 4.15834E1 4.50726E1 3.35374E1 3.91864E1 5.63741E1 3.0518E1 6.97718E1 3.21428E1 9.9476E0 3.13907E1 3.85376E1 9.08322E0 3.19168E1 3.36874E1 2.96527E1 4.012E1 3.00923E1 3.40666E1 3.18047E0 1.3027E1 3.49365E0 1.74537E1 3.38659E1
2.01197E1 2.93592E1 5.87153E1 1.40151E1 3.32507E1 5.43253E1 5.75511E1 3.3293E1 4.84344E1 1.00027E1 6.84933E1 7.2446E1 3.54909E1 5.05723E1 4.23076E1 1.34703E1 4.96582E1 1.48267E1 2.7532E1 5.35411E1 3.56478E1 3.30673E1 6.1237E1 9.92666E1 6.6956E1 8.4238E0 4.84525E1 9.88406E0 8.31959E1 5.00719E1 4.11083E1 4.54195E1 1.32656E1 3.83171E1 6.40299E1 3.62525E1 1.52533E1 5.24723E1 4.13253E1 6.86767E1 1.36724E1 1.28671E1 2.88635E1 7.22532E1 4.61205E1 4.04934E1 3.86978E1 3.43845E1 3.10555E1 3.0043E1 3.53186E1 1.28161E1 3.23613E1 4.51453E1 3.72068E1 2.91601E1 4.0434E1 1.66773E1 3.93885E1 1.01515E1 4.44127E1
5.6469E1 5.67485E1 2.96975E1 1.16021E1 3.35683E1 3.70694E1 7.1089E1 5.27635E1 3.5493E1 4.38005E1 6.11443E1 4.00972E1 3.5771E1 7.30363E1 6.04818E1 4.26864E1 1.1349E1 1.27029E1 6.73303E1 4.97571E1 1.56207E1 7.10849E1 5.41119E1 4.68868E1 4.55724E1 1.49873E1 5.45735E1 3.30342E1 3.33522E1 5.95408E1 3.49361E1 3.65041E1 6.2153E1 3.35272E1 4.77273E1 3.52983E1 5.47331E1 6.52861E1 4.18389E1 4.34796E1 3.79787E1 9.3534E1 8.05749E1 3.43264E1 3.3351E1 3.4865E1 4.65068E1 4.33918E1 3.21625E1 4.10504E1 4.14438E1 4.53928E1 3.2526E1 2.97601E1 4.45035E1 3.99735E1 4.55361E1 6.65648E1 6.43313E1 1.11509E1 1.45895E1
2.93611E1 6.36169E1 2.76503E1 3.25821E1 5.68969E1 2.39218E1 2.93974E1 6.02065E1 3.41116E1 1.81666E1 4.11925E1 3.36284E1 3.78685E1 7.17053E1 4.04741E1 9.92535E0 1.24648E1 1.05023E1 4.60743E1 4.60081E1 4.28317E1 9.01074E1 3.27546E1 2.79958E1 2.9865E1 1.581E1 1.70253E1 3.78294E1 1.5524E1 3.51896E1 5.73013E1 4.02144E1 9.62065E1 5.02623E1 8.14317E1 3.80102E1 3.65444E1 7.12548E1 4.25324E1 4.35403E1 8.15391E1 3.754E1 3.72445E1 8.46E1 3.34399E1 1.0346E1 4.69102E1 3.40303E1 3.54131E1 5.61191E1 5.15747E1 9.22184E0 4.43302E1 2.9253E1 4.77399E1 5.16316E1 8.38406E1 4.74279E1 8.04933E1 8.9656E1 5.39384E1
1.06594E1 6.26393E1 3.63757E1 1.35298E1 6.54611E1 6.04288E1 3.12227E1 9.13198E0 1.10631E1 3.52075E1 5.76081E1 3.56659E1 4.37701E1 3.1337E1 6.00286E1 4.67954E1 1.29519E1 1.07565E1 1.30541E1 7.96982E1 9.31254E1 3.11851E1 4.18823E1 3.54486E1 1.43177E1 1.47705E1 1.40846E1 5.2103E1 4.03308E1 3.41699E1 7.0683E1 4.91736E1 1.18422E1 5.62033E1 1E2 3.9241E1 4.06818E1 6.53467E1 3.75919E1 5.51958E1 4.29509E1 3.79741E1 5.08724E1 3.78544E1 4.64031E1 4.59371E1 3.17451E1 3.48703E1 5.10954E1 5.64087E1 5.489E1 3.09556E1 5.03569E1 3.78265E1 5.50926E1 9.03122E1 7.39345E1 7.91207E1 3.33364E1 3.38945E1 9.50151E1
1.04558E1 7.00926E1 4.6175E1 3.65616E1 3.38285E1 3.79839E1 7.25348E1 7.24169E1 5.66884E1 1.83745E1 6.38332E1 3.91422E1 3.9186E1 1.22118E1 1.55236E1 2.85495E1 2.75764E1 5.60296E1 1.1972E1 5.1591E1 9.08725E1 2.85933E1 3.79142E1 3.43276E1 3.9626E1 1.45482E1 3.8995E1 5.42807E1 4.42966E1 4.16363E1 2.14436E1 4.13795E0 4.00877E1 6.40402E1 9.86195E1 6.94715E1 5.05879E1 4.36258E1 9.86662E1 5.6581E1 1.48779E1 6.56471E1 5.43283E1 5.21494E1 9.62928E1 1.15481E1 4.41387E1 3.91457E1 3.48466E1 4.34757E1 4.88277E1 4.99033E1 6.73431E1 5.10888E1 7.85279E1 3.1619E1 3.8222E1 3.2464E1 6.98001E1 3.26713E1 4.74944E1
2.77274E1 6.48398E1 3.16458E1 3.57324E1 4.12362E1 6.23695E1 7.71649E1 5.28553E1 6.21055E1 3.78386E1 1.55148E1 3.75956E1 3.80404E1 9.46102E0 1.67399E1 3.10251E1 5.33692E1 1.99613E1 3.77314E1 3.30048E1 9.89443E1 1.60833E1 4.59569E1 1.56793E1 3.63704E1 3.80404E1 4.37409E1 4.17023E1 4.33096E1 3.33709E1 2.2888E1 4.44024E0 7.80155E1 4.63657E1 2.14377E1 5.6248E1 5.66963E1 5.52963E1 9.50065E1 5.6906E1 3.56094E1 1.51322E1 3.96493E1 1.01225E1 4.15448E1 8.82045E1 9.47405E1 9.58167E1 9.32917E1 9.35117E1 9.70157E1 9.21202E1 9.3172E1 4.7031E1 5.53682E1 1.25473E1 3.2769E1 3.24098E1 3.34831E1 3.42617E1 1.40323E1
4.45144E1 5.86757E1 2.77558E1 3.54131E1 3.30903E1 2.97601E1 7.59515E1 5.24844E1 3.17183E1 4.92865E1 3.8559E1 3.58851E1 4.64095E1 1.07867E1 1.95966E1 3.78699E1 1.39577E1 5.59047E1 6.52039E1 6.09483E1 9.87727E1 1.44826E1 1.22964E1 1.27864E1 3.86294E1 1.5164E1 3.64922E1 1.76467E1 4.10131E1 3.3099E1 2.20523E1 4.29768E0 8.92721E0 1.46889E1 4.82689E1 4.30598E1 7.62009E1 4.565E1 4.64945E1 8.00853E1 9.70237E1 3.80482E1 5.17188E1 4.10501E1 4.40952E1 4.67896E1 4.97043E1 7.11369E1 1.14093E1 4.97752E1 4.39195E1 7.22874E1 4.70366E1 5.50041E1 1.90704E1 1.55006E1 3.01127E1 3.21793E1 7.02176E1 3.44796E1 4.26684E1
7.41138E1 7.72631E1 3.74598E1 3.47271E1 2.90176E1 6.48771E1 4.02159E1 4.02607E1 1.61584E1 4.23407E1 5.93654E1 5.15506E1 3.87669E1 1.04647E1 5.28493E1 1.26653E1 5.30913E1 3.36943E1 3.5088E1 3.40685E1 3.48046E1 9.18003E1 1.42749E1 3.10053E1 3.72618E1 4.22627E1 4.36002E1 3.80102E1 4.55067E1 5.23736E1 9.69313E1 3.86922E1 4.55171E1 6.36502E1 6.3899E1 6.6231E1 7.70951E1 4.61129E1 5.24368E1 1.15978E1 1.20186E1 7.13777E1 5.21448E1 3.63495E1 4.68613E1 4.67816E1 3.19533E1 4.39744E1 6.09569E1 6.70835E1 3.32155E1 3.09818E1 3.23064E1 4.72365E1 1.5356E1 4.06326E1 6.26973E1 3.45476E1 7.161E1 1.8078E1 4.62327E1
