landuse_ti_only_rm150/flood.asc
ncols         319
nrows         495
xllcorner     219017.22331753
yllcorner     4610852.5305323
cellsize      500.0
NODATA_value  -9999
[rows 189 to 215 of 495, columns 244 to 304 of 319]
-9999 -9999 -9999 -9999 1.34387E0 6.33073E0 8.15888E0 2.70828E0 1.88294E1 3.41845E0 7.13962E-1 6.13391E-1 5.73128E0 5.34834E-1 1.08839E0 8.52423E0 5.78727E-1 1.68024E0 6.23957E0 7.59022E-1 1.41128E0 2.04271E0 1.56704E1 -9999 -9999 -9999 -9999 -9999 -9999 -9999 -9999 -9999 -9999 -9999 -9999 -9999 -9999 -9999 -9999 -9999 -9999 -9999 -9999 -9999 -9999 -9999 -9999 -9999 -9999 -9999 -9999 -9999 -9999 -9999 -9999 -9999 -9999 -9999 -9999 -9999 -9999
1.79585E1 1.00193E1 4.82945E0 7.30079E-1 2.97533E0 1.60366E0 1.77757E0 2.95221E0 1.92773E1 9.80627E-1 8.78268E-1 3.2512E-1 9.06829E-1 5.42631E0 1.04701E0 1.11012E0 1.21029E0 5.68212E0 4.25291E-1 1.04318E-1 5.71517E-1 1.29033E1 3.83305E-1 1.40999E1 1.70087E0 2.88839E-1 3.90297E-1 -9999 -9999 -9999 -9999 -9999 -9999 -9999 -9999 -9999 -9999 -9999 -9999 -9999 -9999 -9999 -9999 -9999 -9999 -9999 -9999 -9999 -9999 -9999 -9999 -9999 -9999 -9999 -9999 -9999 -9999 -9999 -9999 -9999 -9999
1.84393E1 1.14236E1 4.73802E0 5.43603E-1 1.24773E1 1.02197E1 8.34706E0 2.33629E0 1.4053E1 1.40258E0 8.82128E0 1.04436E1 5.12836E-1 7.13953E-1 1.45025E0 2.31479E0 2.14813E0 2.3747E-1 4.36752E-1 5.01593E0 1.22757E1 5.0058E0 8.69717E-1 8.614E-1 1.67287E1 1.62465E-1 3.03617E0 2.21505E-1 3.46358E-1 -9999 -9999 -9999 -9999 -9999 -9999 -9999 -9999 -9999 -9999 -9999 -9999 -9999 -9999 -9999 -9999 -9999 -9999 -9999 -9999 -9999 -9999 -9999 -9999 -9999 -9999 -9999 -9999 -9999 -9999 -9999 -9999
5.32658E0 1.50394E1 1.31762E1 9.70865E0 1.05099E1 8.30624E0 9.8501E-1 3.44722E0 7.66355E0 1.46614E1 7.52778E-1 4.66511E-1 9.63211E0 1.18758E0 5.18397E-1 3.30021E0 3.57638E0 3.04408E0 7.7865E-1 1.40258E1 1.12483E1 3.47996E0 2.13896E-1 1.43766E0 4.51157E-1 1.48087E1 1.3228E1 1.28194E1 4.47628E0 9.96219E-1 5.16128E-1 -9999 -9999 -9999 -9999 -9999 -9999 -9999 -9999 -9999 -9999 -9999 -9999 -9999 -9999 -9999 -9999 -9999 -9999 -9999 -9999 -9999 -9999 -9999 -9999 -9999 -9999 -9999 -9999 -9999 -9999
3.33661E-1 1.28962E1 1.34852E0 1.1934E1 4.81532E0 3.19414E0 5.07113E0 7.26808E0 1.00259E0 1.57853E1 9.32946E-1 5.49709E0 4.54788E0 3.17904E0 6.19772E-1 5.25825E0 2.5241E-1 1.84252E0 1.3698E1 1.18466E0 6.3891E0 1.79245E-1 2.28995E-1 4.44034E-1 3.30639E-1 1.12939E1 1.1895E0 9.16062E-1 1.41588E1 1.98614E0 3.73677E-1 1.69395E0 -9999 -9999 -9999 -9999 -9999 -9999 -9999 -9999 -9999 -9999 -9999 -9999 -9999 -9999 -9999 -9999 -9999 -9999 -9999 -9999 -9999 -9999 -9999 -9999 -9999 -9999 -9999 -9999 -9999
1.65304E-1 1.24169E1 7.67551E-1 1.61109E0 1.19705E1 3.30666E0 6.15555E-1 7.69652E0 1.09503E0 1.66557E1 7.47411E0 2.52858E0 5.74962E0 7.70624E0 3.17024E0 1.05728E1 1.24853E0 4.65854E0 1.24391E1 7.47184E-1 8.07091E-1 2.04424E0 3.22306E-1 2.39861E-1 1.05418E0 9.35363E-1 1.04605E1 2.56469E0 1.30372E0 1.19486E1 9.65425E-1 5.49555E0 7.82151E0 -9999 -9999 -9999 -9999 -9999 -9999 -9999 -9999 -9999 -9999 -9999 -9999 -9999 -9999 -9999 -9999 -9999 -9999 -9999 -9999 -9999 -9999 -9999 -9999 -9999 -9999 -9999 -9999
1.85254E0 1.19455E1 9.69625E-1 8.73162E0 1.22195E1 3.46053E0 4.19258E-1 8.17802E0 6.31214E0 1.58011E1 1.26308E1 5.97883E0 1.04396E1 8.02164E0 4.9864E0 1.6445E0 7.26092E-1 4.80568E0 1.07648E1 2.34263E0 3.12162E-1 2.49923E-1 1.19676E0 1.9375E-1 5.39028E-1 9.70878E0 1.2023E1 3.36651E-1 1.36795E0 1.12005E1 9.84101E-1 2.78725E0 2.06084E0 -9999 -9999 -9999 -9999 -9999 -9999 -9999 -9999 -9999 -9999 -9999 -9999 -9999 -9999 -9999 -9999 -9999 -9999 -9999 -9999 -9999 -9999 -9999 -9999 -9999 -9999 -9999 -9999
1.27977E1 1.94998E0 2.24654E0 1.30512E1 8.9737E0 3.62486E0 2.21309E0 4.05306E0 7.57778E-1 1.27102E1 5.05234E0 1.20106E1 1.32316E1 8.90085E0 5.04214E0 3.78582E-1 9.44834E-1 7.23531E-1 7.25522E0 8.67639E0 1.701E0 2.46025E-1 4.66985E0 1.72851E0 8.68141E0 1.37211E0 4.23369E0 2.06697E0 5.09724E-1 1.47351E0 1.11623E1 3.46942E-1 1.01614E0 9.25181E0 -9999 -9999 -9999 -9999 -9999 -9999 -9999 -9999 -9999 -9999 -9999 -9999 -9999 -9999 -9999 -9999 -9999 -9999 -9999 -9999 -9999 -9999 -9999 -9999 -9999 -9999 -9999
7.29571E-1 2.9793E0 9.93961E0 3.51173E0 9.42917E0 3.75577E0 1.65077E0 7.77527E-1 6.185E-1 9.68851E-1 1.11954E1 6.61426E0 4.57456E0 1.27502E0 2.61494E0 1.60358E1 1.33283E0 2.05221E0 2.42786E0 8.32983E-1 6.7664E0 2.88601E-1 3.47129E0 8.44504E-1 2.25111E0 1.30634E-1 3.07993E0 1.80307E0 3.35417E-1 1.07107E1 2.11649E0 6.14535E-1 5.00009E0 1.94714E0 6.78433E-1 -9999 -9999 -9999 -9999 -9999 -9999 -9999 -9999 -9999 -9999 -9999 -9999 -9999 -9999 -9999 -9999 -9999 -9999 -9999 -9999 -9999 -9999 -9999 -9999 -9999 -9999
3.40557E-1 3.79789E0 9.67266E0 5.5541E0 4.29964E0 4.92414E0 1.6106E0 1.21354E0 9.03424E-1 9.30017E0 2.33851E0 1.06529E1 6.50002E0 3.0602E0 2.08527E1 5.95351E0 1.16773E0 1.65491E1 1.27831E0 2.18775E-1 7.76195E-1 8.70505E0 2.57908E0 1.41821E0 9.80511E0 4.60065E-1 2.91473E-1 4.24783E-1 8.50395E0 9.14952E0 4.95554E-1 2.83083E0 1.3366E0 1.01497E1 2.23797E0 3.47984E0 -9999 -9999 -9999 -9999 -9999 -9999 -9999 -9999 -9999 -9999 -9999 -9999 -9999 -9999 -9999 -9999 -9999 -9999 -9999 -9999 -9999 -9999 -9999 -9999 -9999
9.25115E-1 2.00043E0 4.6179E0 3.03741E-1 9.63798E-1 1.83551E1 2.05995E1 4.32482E0 5.54768E0 7.52105E0 1.08883E0 1.03577E0 2.72313E0 2.59571E0 1.31646E0 9.083E0 7.66032E0 1.67991E1 3.82045E-1 1.6961E0 1.94192E0 1.36067E0 3.0006E-1 8.14446E0 6.77648E0 6.58141E-1 2.18437E-1 6.91937E0 7.34996E0 7.21178E-1 3.95262E0 5.65644E0 2.6328E-1 1.70638E-1 9.58453E-1 2.12331E-1 -9999 -9999 -9999 -9999 -9999 -9999 -9999 -9999 -9999 -9999 -9999 -9999 -9999 -9999 -9999 -9999 -9999 -9999 -9999 -9999 -9999 -9999 -9999 -9999 -9999
3.28452E-1 7.36593E-1 3.47857E-1 8.62213E0 3.76224E-1 1.24429E1 2.61778E0 6.28627E0 1.3417E0 3.59063E0 7.50415E-1 3.21754E0 1.58199E0 7.98649E-1 1.05156E1 2.71854E0 9.43778E-1 1.30746E0 1.55906E1 1.63333E1 1.62774E1 1.51824E1 1.51798E1 1.57256E1 1.6516E1 3.99238E-1 4.95468E0 2.58862E0 6.25994E-1 8.89861E-1 7.96686E-1 6.53728E-1 5.18378E-1 1.33183E-1 1.15271E0 2.88219E-1 -9999 -9999 -9999 -9999 -9999 -9999 -9999 -9999 -9999 -9999 -9999 -9999 -9999 -9999 -9999 -9999 -9999 -9999 -9999 -9999 -9999 -9999 -9999 -9999 -9999
1.78379E1 6.40785E0 7.60833E0 9.38773E0 2.37407E0 1.4586E1 1.02779E1 5.28299E0 1.41079E0 1.39966E0 1.23073E0 4.16475E-1 4.24154E0 8.05043E0 9.85484E0 6.27131E0 3.66773E0 1.7745E0 1.42797E0 1.90503E1 1.9125E1 1.64492E1 1.50338E1 1.73116E1 4.06378E0 3.95399E0 2.65331E-1 2.10664E-1 5.50237E-1 4.17756E-1 2.72134E-1 2.3756E0 7.31561E0 5.55106E-1 6.65193E-1 1.20723E1 2.55348E0 -9999 -9999 -9999 -9999 -9999 -9999 -9999 -9999 -9999 -9999 -9999 -9999 -9999 -9999 -9999 -9999 -9999 -9999 -9999 -9999 -9999 -9999 -9999 -9999
1.7939E1 9.54981E-1 2.35483E0 2.87804E-1 9.77233E0 4.11535E1 1.75802E1 3.63088E0 8.70367E-1 1.83282E0 2.44034E0 4.8419E-1 2.12965E0 9.93382E0 2.36682E0 2.22503E0 1.62776E1 1.55945E1 1.43066E0 3.59195E0 5.49198E0 1.65369E0 1.51738E1 1.87364E1 1.49674E1 2.80211E0 5.01984E-1 1.49843E0 5.3992E-1 2.01308E-1 3.06918E0 8.86331E0 1.2157E1 1.28892E1 1.3744E1 1.82688E0 1.27906E1 -9999 -9999 -9999 -9999 -9999 -9999 -9999 -9999 -9999 -9999 -9999 -9999 -9999 -9999 -9999 -9999 -9999 -9999 -9999 -9999 -9999 -9999 -9999 -9999
1.82188E1 6.10953E0 6.72494E0 7.82649E0 3.50158E0 4.92494E1 5.47544E0 5.58028E0 1.84056E1 1.09404E0 7.07384E-1 1.30176E0 7.42047E0 1.3033E1 3.9269E-2 3.42161E0 1.29228E1 1.29087E1 1.25577E1 1.49601E1 1.42577E1 1.28174E1 1.27592E1 1.21664E1 1.8588E1 1.68143E1 1.60999E1 4.96882E-1 4.14233E-1 9.39452E0 1.14507E1 1.08498E1 5.59269E-1 2.31494E0 1.16167E0 3.88206E-1 2.85712E0 -9999 -9999 -9999 -9999 -9999 -9999 -9999 -9999 -9999 -9999 -9999 -9999 -9999 -9999 -9999 -9999 -9999 -9999 -9999 -9999 -9999 -9999 -9999 -9999
1.68538E1 1.67298E1 8.39967E-1 7.50913E-1 1.63696E0 1.54833E1 2.38393E0 5.2942E0 6.73727E0 4.56415E-1 5.08781E-1 3.43483E0 1.83765E1 5.22785E1 1.46947E1 1.35419E1 6.05738E0 2.69025E0 1.14035E0 1.77908E0 1.31032E0 2.53177E0 2.81097E0 3.98375E0 2.94937E1 1.81299E1 1.60966E1 5.19703E-1 7.2747E-1 9.45411E0 6.75514E-2 1.08977E0 1.09112E0 1.06566E0 4.29547E-1 4.74123E-1 6.3381E-1 -9999 -9999 -9999 -9999 -9999 -9999 -9999 -9999 -9999 -9999 -9999 -9999 -9999 -9999 -9999 -9999 -9999 -9999 -9999 -9999 -9999 -9999 -9999 -9999
1.55222E1 1.53722E1 1.52047E1 1.53245E1 6.05729E-1 4.55764E1 1.75462E1 6.14161E0 7.59015E0 2.98429E0 1.53621E0 5.33236E1 2.75955E0 9.36787E-1 8.05729E0 5.75759E0 4.64759E1 4.22193E0 8.04897E-1 4.39198E-1 3.66945E-1 1.57749E1 1.56814E1 8.89877E-1 1.67047E0 2.55697E1 1.6022E1 6.43451E-1 2.29231E0 3.2882E-1 6.77095E-1 5.77053E-2 1.25114E-1 2.94699E-1 6.1164E-1 7.84864E-1 2.89522E0 -9999 -9999 -9999 -9999 -9999 -9999 -9999 -9999 -9999 -9999 -9999 -9999 -9999 -9999 -9999 -9999 -9999 -9999 -9999 -9999 -9999 -9999 -9999 -9999
3.27533E-1 5.95141E0 5.36818E-1 5.43131E1 2.3661E1 1.46822E1 2.93299E1 2.54483E1 1.30073E1 1.53969E1 1.46093E1 1.74543E0 7.00877E-1 1.06685E0 6.68189E0 1.48968E0 8.26387E0 1.20796E1 9.62401E0 1.68461E1 1.56065E1 1.62032E1 1.62652E1 1.55429E1 1.52995E1 2.64131E1 1.57447E1 3.99686E-1 1.14266E-1 9.32413E-2 2.00811E-1 4.59171E-1 1.87664E-1 5.76647E-1 3.04475E0 5.23893E-1 9.73827E-2 -9999 -9999 -9999 -9999 -9999 -9999 -9999 -9999 -9999 -9999 -9999 -9999 -9999 -9999 -9999 -9999 -9999 -9999 -9999 -9999 -9999 -9999 -9999 -9999
1.09568E0 1.89112E1 2.05472E1 2.83889E0 1.02307E0 1.47336E1 2.66858E1 2.22035E1 2.76899E0 1.49913E0 2.85672E0 2.09849E0 3.3027E0 1.79241E1 1.8769E1 1.72436E0 7.787E0 7.85858E0 9.74496E0 2.46959E1 2.2909E1 1.69721E1 1.57255E1 2.34175E1 1.59771E1 1.03349E1 1.75954E1 7.43302E-1 2.20509E0 1.09309E0 3.35014E-1 4.6015E-1 1.90285E-1 5.25572E-1 7.45867E-2 9.05187E0 8.66344E-2 2.39654E0 -9999 -9999 -9999 -9999 -9999 -9999 -9999 -9999 -9999 -9999 -9999 -9999 -9999 -9999 -9999 -9999 -9999 -9999 -9999 -9999 -9999 -9999 -9999
1.88125E1 4.23054E0 4.54322E-1 1.10463E0 9.28876E-1 4.37464E1 3.29219E-2 2.18175E0 2.33649E1 3.59702E0 5.81422E-1 5.2094E-1 5.34979E-1 5.305E0 8.17402E0 1.78083E1 7.74043E0 6.36397E0 1.68922E0 1.16189E1 4.76612E-1 8.19535E0 7.05981E0 1.70864E1 1.69135E1 5.1123E0 1.70524E1 1.77051E1 1.92703E-1 8.2179E-1 3.21538E-1 3.71125E-1 3.04168E-1 1.41674E-1 1.00092E-1 1.74145E0 6.34158E0 8.76025E0 -9999 -9999 -9999 -9999 -9999 -9999 -9999 -9999 -9999 -9999 -9999 -9999 -9999 -9999 -9999 -9999 -9999 -9999 -9999 -9999 -9999 -9999 -9999
2.22983E1 9.73535E-1 7.73255E-1 9.18916E-1 3.27133E0 1.08684E1 9.41077E0 1.37433E0 7.49639E-1 1.67703E1 2.19122E1 7.23979E0 1.47653E0 6.99429E-1 3.7966E0 7.29312E0 7.16299E0 3.22083E0 6.03294E0 1.09678E1 1.77424E1 1.6375E1 1.64621E1 1.93556E1 1.82688E1 1.67699E1 3.61492E-1 1.72771E-1 3.96583E-1 1.93772E0 7.40237E-1 8.5873E-1 5.88394E-2 4.85804E-2 3.40797E-1 5.62787E-1 2.13717E0 5.37919E0 -9999 -9999 -9999 -9999 -9999 -9999 -9999 -9999 -9999 -9999 -9999 -9999 -9999 -9999 -9999 -9999 -9999 -9999 -9999 -9999 -9999 -9999 -9999
4.38985E-1 4.71813E-1 2.26863E0 1.58767E1 1.11921E1 1.71055E1 9.91836E0 1.24636E0 1.14031E0 6.04149E-1 6.30557E-1 1.79972E1 5.37902E0 7.50958E-1 2.37583E1 2.86204E0 3.66597E0 2.256E0 1.69818E0 1.14605E0 6.24304E0 1.62521E0 1.45076E0 1.71342E1 2.07798E1 6.24518E-1 2.31546E0 5.42202E0 7.61767E0 9.36076E0 2.78734E0 8.98915E0 1.34575E1 5.14361E0 1.25159E1 1.33657E1 1.49599E1 -9999 -9999 -9999 -9999 -9999 -9999 -9999 -9999 -9999 -9999 -9999 -9999 -9999 -9999 -9999 -9999 -9999 -9999 -9999 -9999 -9999 -9999 -9999 -9999
2.08446E0 1.60644E1 8.3505E0 1.76487E1 3.06016E1 1.8386E1 2.06676E0 8.83794E0 2.04375E0 1.14135E0 8.87892E0 7.87458E-1 1.46569E1 7.38322E0 7.24211E-1 7.04905E-1 1.91161E1 2.9294E0 3.39688E0 3.90237E0 1.20677E0 1.63934E1 1.57603E1 5.36171E-1 2.4513E0 2.25553E-1 3.38979E0 7.5844E0 1.72495E-1 7.53895E-1 1.26771E1 1.26452E1 6.19727E0 1.45567E1 7.12424E-1 4.48555E0 3.09085E0 -9999 -9999 -9999 -9999 -9999 -9999 -9999 -9999 -9999 -9999 -9999 -9999 -9999 -9999 -9999 -9999 -9999 -9999 -9999 -9999 -9999 -9999 -9999 -9999
6.38369E0 5.50091E0 4.45946E0 1.14073E0 2.64318E0 1.15682E1 2.56353E0 7.84025E0 1.73529E1 1.8197E0 8.31194E0 7.75009E-1 1.90395E0 2.17152E1 3.58388E0 5.48247E-1 3.54468E0 4.2849E0 2.34964E0 6.20429E0 1.70627E0 1.45938E0 1.64193E1 1.70611E1 1.59737E1 4.21925E0 4.51092E0 9.23217E-1 2.06733E-1 3.93078E-1 8.55278E0 4.76348E-1 2.37489E0 1.09341E0 3.50455E-1 1.0018E0 1.57363E0 -9999 -9999 -9999 -9999 -9999 -9999 -9999 -9999 -9999 -9999 -9999 -9999 -9999 -9999 -9999 -9999 -9999 -9999 -9999 -9999 -9999 -9999 -9999 -9999
9.69979E-1 1.6479E1 1.81441E1 2.23029E0 1.0438E0 2.07143E0 8.99399E0 1.97657E0 2.49918E1 1.7851E1 7.27923E0 6.36595E-1 1.04724E0 5.48363E0 1.98048E1 2.69652E1 3.89689E0 1.92793E0 7.25109E-1 6.07665E0 1.51878E0 1.08011E0 2.1696E1 4.25675E0 2.3652E0 1.6292E0 2.05587E0 4.2667E-1 1.68401E-1 8.35332E0 1.40059E0 1.47087E0 4.10779E0 7.788E-1 2.07229E-1 3.48348E-1 2.03566E0 -9999 -9999 -9999 -9999 -9999 -9999 -9999 -9999 -9999 -9999 -9999 -9999 -9999 -9999 -9999 -9999 -9999 -9999 -9999 -9999 -9999 -9999 -9999 -9999
1.62342E1 1.87045E1 2.0214E1 1.83017E1 1.67997E1 6.94885E0 5.51579E0 1.6537E1 2.03974E1 2.07911E1 1.26503E0 7.32115E-1 1.05584E0 1.06191E0 2.88344E0 1.66368E1 5.87691E-1 8.84632E-1 7.30622E0 1.58247E1 1.81583E0 8.55307E0 7.71211E0 1.68369E1 1.56461E1 1.78295E-1 3.73206E-1 5.66775E-1 5.48644E-1 5.51882E0 1.32725E0 2.78285E0 6.8199E0 3.69108E0 2.50169E0 1.73492E0 9.15982E-1 -9999 -9999 -9999 -9999 -9999 -9999 -9999 -9999 -9999 -9999 -9999 -9999 -9999 -9999 -9999 -9999 -9999 -9999 -9999 -9999 -9999 -9999 -9999 -9999
1.88596E1 1.57756E1 1.79292E1 1.81403E1 1.96383E1 1.13526E1 1.25028E0 1.68631E1 2.23803E1 1.92722E1 1.67518E1 1.66878E1 5.16225E-1 1.13535E0 4.73144E-1 6.91385E-1 1.64108E1 1.4593E1 1.42314E1 1.34698E1 9.87278E0 8.36143E0 6.50276E-1 1.53743E1 1.6674E1 1.69555E1 1.52761E1 2.16744E0 2.4222E0 2.77362E0 3.00662E0 4.98617E0 8.92121E-1 3.45126E-1 1.66118E0 9.14058E-2 3.4869E-1 7.07802E-1 -9999 -9999 -9999 -9999 -9999 -9999 -9999 -9999 -9999 -9999 -9999 -9999 -9999 -9999 -9999 -9999 -9999 -9999 -9999 -9999 -9999 -9999 -9999
