outputallcorrectTI_nofloodareas_nofloodcontrols_verynarrow_STATUSquo/flood.asc
ncols         319
nrows         495
xllcorner     219017.22331753
yllcorner     4610852.5305323
cellsize      500.0
NODATA_value  -9999
[rows 27 to 53 of 495, columns 60 to 119 of 319]
-9999 1.18656E-1 1.77625E-2 1.30058E-2 1.12414E-2 1.29927E-2 2.84499E-3 4.0804E-3 8.80645E-3 1.85285E-2 5.45445E-3 1.10211E-2 1.83731E-1 5.71013E-3 8.71064E-3 1.19466E-2 3.60956E-3 1.24842E-2 5.58484E-3 1.88931E-2 3.5758E-2 8.60369E-2 1.37837E-1 2.96578E-1 4.2389E-2 1.83002E-1 6.19926E-2 1.8992E-1 1.67662E-1 2.42585E-2 1.18271E-1 1.09434E-2 6.00146E-3 6.22289E-3 5.50732E-2 5.78262E-2 7.62406E-2 1.58497E-1 4.57986E-2 3.84718E-2 2.10154E-1 1.86995E-1 5.11536E-2 1.73079E-2 -9999 -9999 -9999 -9999 -9999 -9999 -9999 -9999 -9999 -9999 -9999 -9999 -9999 -9999 -9999 -9999
-9999 4.81111E-2 6.09598E-2 2.34451E-2 7.02449E-3 1.76928E-3 7.99785E-3 3.1618E-3 1.30704E-3 1.56321E-2 2.24729E-3 5.2301E-3 4.62952E-3 3.02821E-3 2.97314E-3 8.37971E-2 4.8162E-3 4.24965E-3 9.99112E-3 1.11769E-2 6.59199E-3 3.66292E-2 9.90958E-2 4.02234E-1 5.75153E-2 2.90439E-2 3.37047E-2 3.76733E-2 1.75089E-1 1.55448E-2 4.67507E-1 2.68491E-2 1.17994E-2 2.24879E-2 1.57332E-2 1.30179E-2 1.68082E-2 1.81343E-2 2.00659E-1 1.86209E-1 3.21456E-2 4.32624E-3 6.12129E-3 1.66837E-2 8.31771E-2 -9999 -9999 -9999 -9999 -9999 -9999 -9999 -9999 -9999 -9999 -9999 -9999 -9999 -9999 -9999
-9999 2.13215E-2 1.49432E-2 9.73316E-3 1.63398E-2 2.49383E-3 1.32923E-3 1.21874E-2 4.75885E-3 1.45435E-2 1.10177E-2 2.63958E-3 6.07193E-3 9.87873E-3 4.11716E-3 3.70552E-1 6.07087E-3 1.07503E-2 1.34054E-2 7.50655E-3 1.03946E-2 8.98516E-3 1.17173E-2 3.28936E-1 1.07363E-1 4.97201E-2 1.87467E-2 1.46534E-2 1.19749E-2 1.50044E-2 4.17667E-2 1.19895E-2 7.00665E-3 1.20261E-2 9.18066E-3 1.82781E-2 2.90978E-2 1.41307E-1 1.06773E-2 1.19313E-1 5.76387E-3 3.32414E-2 1.03236E-2 1.00673E-2 2.6217E-2 3.12132E-2 -9999 -9999 -9999 -9999 -9999 -9999 -9999 -9999 -9999 -9999 -9999 -9999 -9999 -9999
1.23953E-1 7.57899E-2 7.38408E-2 1.36779E-2 3.54639E-3 9.01285E-3 8.76253E-3 1.40027E-3 9.19651E-3 4.03834E-2 4.14426E-2 4.87564E-3 7.18929E-3 3.18656E-2 6.10936E-3 3.71999E-1 1.24821E-2 3.90145E-2 5.41249E-2 2.82292E-2 1.20785E-2 1.46975E-2 9.10417E-3 7.02616E-2 3.44917E-1 6.37826E-2 3.37766E-2 1.21507E-2 3.60441E-2 9.67803E-3 2.82831E-2 9.51012E-2 1.96017E-1 6.18845E-3 1.10241E-2 1.65556E-2 4.90244E-2 9.25782E-2 2.36478E-2 8.2982E-2 1.39973E-2 5.96793E-3 1.27734E-2 3.21535E-2 1.0741E-1 3.17482E-2 2.43936E-2 -9999 -9999 -9999 -9999 -9999 -9999 -9999 -9999 -9999 -9999 -9999 -9999 -9999
1.50623E-1 1.07319E-1 2.67286E-2 9.0566E-3 1.54603E-2 1.98006E-2 2.11363E-2 3.12227E-3 7.44635E-3 1.02513E-1 5.99221E-3 1.02227E-1 8.14362E-3 1.41939E-2 3.905E-2 1.38527E-1 6.31896E-2 1.35721E-1 1.11908E-1 5.14659E-2 1.34829E-2 3.71658E-2 2.55974E-2 1.72311E-2 4.51531E-1 3.28022E-2 1.01361E-1 2.66424E-2 1.45512E-2 1.80097E-2 1.02447E-1 4.63078E-2 2.02784E-1 1.69814E-2 6.06996E-2 1.50279E-2 4.34526E-2 4.43816E-3 1.51917E-2 4.13214E-2 2.05659E-2 4.94832E-2 2.84179E-2 1.74947E-1 1.60104E-1 2.93012E-2 1.70752E-2 4.8345E-2 2.05798E-1 -9999 -9999 -9999 -9999 -9999 -9999 -9999 -9999 -9999 -9999 -9999
1.73228E-2 2.1805E-2 2.12287E-2 1.0547E-2 9.00786E-3 1.03226E-1 1.14417E-2 1.85641E-2 3.04918E-2 1.26061E-1 1.99116E-1 1.57576E-1 1.41243E-1 5.87408E-3 2.04671E-1 2.19807E-1 2.43671E-2 1.30695E-2 2.177E-1 1.77442E-1 7.75733E-2 1.63579E-1 2.58632E-2 1.72808E-2 4.97947E0 1.23154E-2 7.27019E-3 8.91338E-3 9.01514E-3 5.71113E-2 1.52359E-1 1.26734E-1 2.29712E-2 7.65555E-3 8.78101E-3 9.13733E-3 1.43345E-2 8.42522E-3 3.98094E-3 1.82E-2 1.34418E-2 1.53655E-1 1.54367E-1 1.72868E-2 1.65216E-1 4.94978E-2 4.36212E-2 2.00042E-1 2.86785E-2 2.50642E-1 -9999 -9999 -9999 -9999 -9999 -9999 -9999 -9999 -9999 -9999
2.27994E-2 1.73068E-2 2.29401E-2 3.17194E-2 4.49188E-2 1.90022E-1 1.86711E-1 1.58149E-1 1.15723E-1 7.54062E-3 1.39127E-2 3.75929E-1 1.25298E-1 1.24383E-1 1.28876E-1 1.65338E-1 1.73733E-2 1.48848E-1 4.00247E-2 4.52359E-1 1.02081E0 2.2162E-2 2.13314E-2 5.43517E-2 4.43164E0 6.01997E-2 1.41758E-2 1.28284E-2 4.45042E-2 2.56431E-2 2.01568E-1 1.02261E-1 5.95229E-2 3.16062E-2 1.31508E-2 8.22806E-3 2.55021E-2 5.96724E-3 1.74622E-2 7.34511E-2 9.95579E-3 1.69913E-1 1.05286E-2 7.62109E-3 7.41248E-3 1.69675E-1 2.04933E-1 5.89143E-2 2.32871E-2 2.22904E-1 4.94724E-2 -9999 -9999 -9999 -9999 -9999 -9999 -9999 -9999 -9999
1.14812E-2 2.77837E-2 2.07352E-1 1.71994E-1 1.55199E-1 4.33492E-2 1.10352E-2 6.33643E-2 8.27014E-3 4.20446E-3 8.42472E-2 3.10374E-1 1.77069E-1 1.17992E-1 9.48698E-2 6.57246E-2 1.77644E-1 4.99534E-2 3.74289E-2 4.95272E-2 2.24852E-1 7.16135E-2 3.24546E-2 3.75772E-2 4.54676E0 3.29503E-2 1.44969E-1 1.33912E-1 1.02186E-1 2.29804E-1 4.78119E-2 9.432E-3 1.45565E-2 1.07953E-2 1.2066E-2 5.32339E-3 7.48013E-3 1.49404E-2 4.31201E-2 5.01864E-3 3.09279E-2 1.49526E-1 4.3727E-3 2.74031E-3 8.8732E-3 5.30957E-2 1.09574E-1 5.21477E-2 2.20932E-1 3.45178E-2 7.41225E-3 1.59517E-2 -9999 -9999 -9999 -9999 -9999 -9999 -9999 -9999
2.08697E-2 1.9167E-1 6.4442E-2 1.23387E-2 7.08608E-3 9.25296E-3 4.61193E-3 4.84351E-2 3.46492E-3 6.68776E-3 7.99526E-2 1.4381E-1 5.69728E-1 1.84786E-1 2.1834E-1 1.38996E-1 2.04668E-1 3.32591E-2 1.95479E-2 5.71201E-2 3.11846E-1 3.63964E-2 1.01977E-1 6.17093E-2 4.64094E0 8.56034E-2 1.61846E-1 2.62452E-1 3.85702E-1 1.40746E-1 4.83699E-2 2.10135E-2 7.2833E-3 8.01895E-3 1.61276E-2 2.10266E-2 6.0862E-3 1.22217E-2 9.90776E-3 3.86809E-3 4.62741E-2 1.82949E-2 3.99771E-3 3.67143E-3 7.36191E-3 1.12707E-1 1.49091E-1 1.669E-1 1.07097E-2 2.44985E-2 6.50011E-3 7.11838E-3 1.91722E-2 -9999 -9999 -9999 -9999 -9999 -9999 -9999
3.29538E-1 4.76467E-2 1.4211E-2 1.42425E-2 3.71329E-3 2.85784E-3 2.93061E-3 1.00821E-2 1.12311E-2 2.06738E-3 9.01821E-4 6.00329E-3 1.2245E-2 1.29037E-1 6.39301E-1 1.21446E-1 2.18938E-1 1.48674E-1 1.38358E-2 5.86022E-2 1.71756E-1 3.33971E-1 3.24551E-1 9.05529E-2 5.20494E0 2.92877E0 1.30247E0 9.47124E-2 1.05759E-1 2.37921E-2 6.11228E-2 1.82554E-2 1.83289E-1 1.16886E-1 6.86058E-2 3.39675E-2 1.3103E-2 4.18306E-3 7.10529E-3 6.9964E-3 6.59068E-2 1.12082E-2 7.20372E-3 3.1374E-3 6.61E-2 8.69664E-3 1.74936E-2 1.54912E-1 5.12957E-3 5.41972E-3 5.20764E-3 3.76482E-3 1.40302E-2 9.71813E-2 -9999 -9999 -9999 -9999 -9999 -9999
2.55634E-2 1.80257E-1 4.17343E-2 1.53441E-2 5.10708E-3 1.85976E-3 3.4182E-3 1.69443E-3 7.21876E-3 1.42178E-2 7.89857E-3 7.86721E-3 9.06305E-3 1.68811E-1 1.43858E-1 1.51656E-1 2.26173E-1 2.66685E-2 1.95692E-2 2.22154E-2 3.48513E-2 7.28884E-2 1.02371E-1 2.79641E-1 3.12024E1 4.46241E0 3.47372E-2 3.62032E-2 3.04293E-2 2.74943E-2 4.5105E-2 2.24767E-2 1.71333E-2 1.10052E-1 5.23309E-2 3.33867E-2 4.37288E-3 4.06879E-3 6.29276E-3 5.43018E-3 1.24001E-2 2.30685E-3 3.91249E-3 6.87661E-3 4.48424E-2 3.64758E-3 2.95481E-2 1.54815E-1 1.31023E-2 6.01362E-3 6.32746E-3 3.38858E-3 5.89313E-3 7.83495E-2 1.03721E-2 -9999 -9999 -9999 -9999 -9999
1.58666E-2 1.39851E-2 1.04963E-1 2.72994E-2 5.30008E-3 1.38354E-3 2.32561E-3 2.93012E-3 1.50042E-2 1.97479E-1 1.08079E-1 1.12487E-2 1.02949E-2 3.62458E-2 1.29718E-1 2.60128E-1 3.03268E-2 2.46689E-2 2.11434E-2 3.67436E-2 1.96728E-2 2.98463E-2 5.86367E-2 2.75172E-2 4.2927E-2 6.67983E0 6.82193E-2 2.74098E-2 1.47975E-1 1.32886E-1 1.98558E-2 3.45987E-2 4.80875E-2 1.17891E-1 5.87774E-2 1.28447E-2 5.08899E-3 5.6487E-3 3.03991E-3 1.12381E-2 1.07558E-2 1.69091E-3 2.25816E-3 1.37202E-2 4.96136E-3 2.63914E-3 3.06468E-3 1.09274E-1 1.74166E-2 7.20672E-3 3.49771E-3 2.00083E-2 9.87744E-3 7.83422E-2 5.44987E-3 4.48681E-3 -9999 -9999 -9999 -9999
2.68112E-2 1.35062E-2 1.21691E-1 3.31762E-2 5.00666E-3 1.72533E-3 1.64135E-3 8.51532E-4 5.76938E-3 9.41001E-2 1.21351E-1 2.94368E-2 6.83492E-3 2.16195E-1 1.00041E0 1.0072E-1 4.85789E-2 1.49613E-1 3.47738E-1 2.93965E-1 7.58585E-2 8.25149E-2 8.5601E-2 3.94056E-2 8.68455E-2 3.88936E-2 1.01682E1 1.1038E-1 1.05325E-1 5.73655E-2 2.89799E-2 1.10237E-1 2.2343E-1 3.62379E-2 6.62331E-3 4.78097E-3 7.04666E-3 1.14567E-1 9.70948E-2 7.29597E-2 3.28471E-3 1.93954E-3 3.56154E-3 1.01261E-3 8.7964E-4 1.53487E-3 1.34735E-2 9.51805E-3 9.199E-2 7.43208E-3 1.3424E-2 1.30601E-1 9.10862E-2 1.10607E-1 1.94994E-2 1.94164E-2 -9999 -9999 -9999 -9999
4.47221E-2 2.38292E-2 2.05866E-2 2.66755E-2 5.00502E-3 3.25242E-3 1.27686E-3 7.92488E-3 2.76467E-2 8.12676E-2 1.17862E-1 1.42096E-1 1.51183E-1 3.22852E-1 1.10608E0 4.71709E-2 2.36555E-2 1.40777E-1 5.86388E-1 9.55879E-1 6.88977E-1 3.87866E-1 8.83569E-2 2.73333E-1 6.3136E-2 2.31971E-2 3.08967E1 5.22527E0 2.18469E-1 8.10883E-2 1.26264E-1 2.97554E-1 1.26347E-1 6.51566E-2 1.08418E-2 8.77106E-3 1.56593E-2 1.6149E-1 8.09802E-3 1.26162E-1 8.53726E-3 5.30912E-3 3.09336E-3 6.00687E-4 2.042E-3 7.40852E-4 1.15748E-3 6.83296E-2 1.03312E-2 6.47784E-3 9.0075E-2 1.64042E-2 1.09602E-2 1.28557E-2 1.4264E-1 8.79391E-2 3.19211E-2 -9999 -9999 -9999
2.81314E-2 1.31585E-2 6.35838E-3 5.2832E-3 3.0083E-3 7.64578E-3 6.16932E-3 1.78842E-2 5.53136E-3 8.63787E-3 1.40722E-2 2.46111E-2 6.0529E-2 1.1448E0 2.85419E-1 2.53116E-2 1.32234E-2 1.49075E-1 5.38869E-2 7.11645E-2 4.52186E-1 1.15644E0 2.48109E-1 4.18421E-2 3.30511E-2 6.14205E-2 1.01727E0 7.35192E0 9.35732E-2 1.352E-1 1.52205E0 6.34504E-2 8.81227E-2 2.52086E-2 2.21742E-1 1.30606E-2 2.19154E-1 3.90639E-2 1.34812E-2 1.63357E-1 2.82747E-2 1.91389E-3 3.77781E-3 6.54847E-4 6.44099E-4 6.04174E-4 9.54752E-3 1.03341E-2 3.08646E-3 2.3595E-2 1.54753E-2 1.05521E-2 2.03746E-2 4.15223E-2 1.34119E-1 2.43854E-2 1.93627E-2 2.22686E-2 -9999 -9999
8.66648E-3 9.56348E-3 9.53935E-3 6.19728E-3 3.26524E-3 6.30378E-3 1.91516E-3 2.20305E-3 3.52427E-3 4.97127E-3 1.07716E-2 2.40487E-2 1.19208E-2 2.29574E-1 1.59756E0 2.88869E-1 2.47707E-1 3.77533E-1 6.1607E-2 3.96418E-1 3.2718E-1 4.08595E-1 1.21403E0 1.00718E0 2.55082E-2 3.07773E-2 7.48896E0 8.55127E-2 9.37456E-2 1.89809E1 4.74681E-1 8.62269E-2 3.94728E-2 4.24184E-2 1.66808E-1 3.21631E-2 1.63911E-2 3.45722E-1 2.32296E-2 1.82201E-1 2.52739E-2 8.14655E-3 6.85602E-2 2.02681E-3 7.59411E-4 3.3006E-3 1.31451E-3 1.37992E-3 2.27864E-3 3.83896E-3 4.79449E-3 1.5807E-2 4.626E-2 7.7903E-2 2.45457E-2 1.71663E-1 8.29071E-2 2.42528E-1 -9999 -9999
8.69857E-2 4.7374E-2 1.76298E-2 1.97783E-3 4.47067E-3 6.66958E-3 1.82027E-2 8.45528E-2 5.77192E-2 1.11463E-1 1.19639E-1 1.83735E-1 1.28673E-1 1.5163E-1 9.94353E-2 2.48945E-1 2.09672E-2 3.14526E-1 2.86707E1 5.3866E-1 3.23689E-1 1.03085E-1 1.00064E-1 7.21387E-2 9.95527E-1 3.06844E0 1.93531E1 7.24067E0 2.41995E1 6.87886E0 3.07109E-1 5.77659E-2 4.74653E-2 2.02949E-1 5.24388E-2 7.09494E-2 2.81208E-2 1.35295E-1 2.08171E-1 2.36432E-2 1.82836E-2 1.26252E-2 2.02264E-2 1.04554E-1 8.78075E-4 7.89905E-4 1.2056E-3 8.25407E-4 1.15303E-3 1.61409E-3 1.71166E-2 4.69128E-2 1.4453E-1 3.11356E-2 1.9246E-1 2.2068E-1 2.33945E-1 1.98752E-2 2.50933E-2 -9999
8.8005E-2 3.7671E-2 1.99246E-2 4.89225E-3 4.23353E-3 2.25969E-3 3.37331E-2 1.95608E-3 1.96476E-3 2.8239E-2 1.98986E-2 1.84771E-2 1.11442E-2 1.91911E-1 2.10026E-1 3.01711E-2 1.76152E-2 1.95026E-1 2.47947E1 3.15257E-1 3.28117E-1 5.12479E-2 2.35376E-1 2.53444E-1 1.65493E-1 6.48277E-2 7.89391E-2 1.22001E1 4.19782E1 4.45902E0 3.09882E-1 2.51449E-1 2.95151E-1 4.00019E-1 4.12716E-1 5.72469E-2 4.86742E-2 2.46763E-1 4.9983E-2 2.24311E-2 9.63053E-2 9.81454E-2 5.43231E-3 2.64374E-3 5.44428E-3 6.17093E-3 9.46254E-4 1.13678E-3 3.80972E-3 5.79322E-3 2.20984E-2 1.33995E-1 1.82128E-2 1.76783E-1 2.25196E-2 2.12911E-2 2.18739E-1 1.6868E-2 1.70238E-2 1.00708E-1
4.92336E-2 2.21498E-2 3.25754E-3 6.02768E-3 2.27205E-3 3.85736E-3 8.96078E-3 1.49346E-3 1.59491E-3 1.04869E-2 4.94422E-3 3.92601E-3 8.08572E-3 1.28307E-1 2.56194E-1 2.06832E-1 6.06884E-2 1.97125E-1 4.62416E0 2.85857E1 1.6468E1 2.77321E-1 1.62567E-1 3.14513E-1 4.01416E-1 6.49316E-2 3.774E-1 5.00094E-1 4.52461E1 1.88297E0 2.22462E-1 2.24257E-1 6.29474E-1 5.18192E-1 3.74073E-1 7.14297E-2 6.44305E-2 2.66235E-1 1.83573E-2 2.16304E-2 8.57156E-3 1.36325E-1 1.42136E-2 4.02033E-3 2.33796E-2 1.96824E-2 8.65995E-3 2.91765E-3 2.42838E-3 1.97904E-2 1.10029E-1 8.78594E-3 9.18235E-3 2.15883E-2 2.31419E-2 1.58157E-1 9.96805E-2 1.73052E-2 3.01597E-2 2.62225E-2
2.72927E-2 6.23408E-3 4.52035E-3 2.34269E-3 1.40951E-3 2.12781E-3 3.1621E-3 9.73298E-4 1.06187E-3 3.91456E-3 9.86527E-4 1.43215E-3 1.15498E-2 2.21854E-1 7.24685E-1 9.53397E-1 2.43939E-1 1.1508E0 2.61962E1 3.00931E-1 2.62298E-1 2.87829E-1 2.28645E-1 2.28278E-1 1.23989E-1 7.07868E-2 8.84456E-2 6.59048E-2 1.14354E1 3.65612E1 2.04274E0 2.15016E1 1.73388E1 1.32354E1 2.10272E-1 4.27218E-1 2.93495E-1 8.48935E-2 1.89578E-2 1.45246E-2 2.171E-2 2.09478E-1 3.65754E-2 8.28677E-3 1.54407E-2 1.02727E-1 1.59592E-2 2.43825E-3 2.12809E-2 3.0878E-3 1.93721E-2 4.9085E-3 4.56E-3 2.51498E-2 1.62406E-1 4.04201E-2 6.00594E-2 2.49229E-2 2.65171E-2 1.85444E-2
2.95342E-2 8.81837E-3 1.13457E-2 3.27546E-3 7.66848E-3 1.71167E-3 1.09753E-3 6.91711E-4 2.43709E-3 9.08022E-4 6.75266E-4 3.42319E-3 4.00257E-2 1.09325E-1 2.47071E-2 3.10039E-1 1.76797E-1 1.00654E-1 2.70119E1 6.60726E-1 2.33469E-1 3.19593E-1 3.195E-1 2.01132E-1 1.01044E-1 1.81032E-1 8.50333E-2 5.72823E-1 2.70916E0 4.99776E1 2.24763E1 4.57296E-1 8.88631E-2 6.77289E-2 2.02883E-1 2.47633E-1 1.23366E0 4.9879E-2 2.57699E-2 5.43339E-2 2.35391E-1 1.9167E-2 4.91748E-2 3.4368E-3 5.25205E-3 1.23439E-1 7.62833E-3 2.72869E-3 2.92973E-3 2.52475E-2 5.42606E-3 2.95278E-3 1.36824E-2 7.78602E-2 1.34674E-2 7.62263E-2 2.49766E-2 1.64094E-2 1.61744E-2 6.86945E-2
1.76457E-2 3.09894E-2 1.69268E-2 3.26604E-2 9.42967E-3 4.84192E-3 5.45855E-3 1.60143E-3 9.99265E-4 5.97738E-4 1.90873E-3 1.31986E-2 2.86456E-3 2.21383E-2 4.32503E-2 2.03144E-2 2.27602E-1 3.48416E-1 1.19427E0 2.48361E1 7.70652E-2 2.17277E-1 2.74297E-1 1.86191E-1 7.18819E-2 3.55641E-2 9.46305E-2 8.129E-1 1.33559E0 4.601E1 1.46209E0 1.04456E0 7.19612E-2 1.07371E-1 5.50216E-2 6.42254E-2 2.26828E-1 2.96404E-1 2.48732E-1 2.2317E-1 1.30998E-2 1.04254E-2 1.1893E-2 1.4742E-2 5.10329E-3 1.15779E-1 2.26367E-2 9.99497E-3 2.84511E-3 2.25654E-3 3.56303E-3 4.15482E-3 2.50779E-2 5.22596E-3 8.916E-3 1.64515E-2 3.71005E-2 1.4419E-2 3.09684E-2 3.96378E-2
1.81616E-2 7.45513E-2 5.96335E-2 7.77681E-3 5.06305E-2 2.27402E-2 3.08984E-3 8.89706E-4 9.38806E-4 3.01481E-3 1.31561E-3 9.18961E-4 7.24981E-3 1.11973E-2 8.51362E-3 3.43853E-2 3.9533E-1 5.52298E-1 1.42488E1 4.8558E0 3.05887E1 1.57638E0 1.99093E-1 2.44081E-1 1.98672E-1 1.82097E-1 2.91765E-1 4.05612E-1 5.72276E-1 1.73521E1 8.96989E0 1.49424E0 7.69381E-2 1.04336E-1 3.29458E-1 4.40307E-2 1.40569E0 1.56598E-1 9.26601E-2 2.47848E-2 2.02039E-2 3.62742E-3 4.56423E-3 2.72189E-2 9.06466E-3 1.30464E-2 1.73847E-1 1.97527E-2 4.6562E-3 2.38662E-2 4.05105E-3 4.33811E-3 3.41102E-3 2.01793E-3 9.40295E-3 2.97343E-2 4.65167E-2 6.13177E-2 1.79575E-1 2.1427E-1
2.40222E-1 2.0228E-1 1.26297E-1 7.28289E-2 4.27327E-3 4.45685E-3 6.15E-3 2.6102E-3 1.79253E-3 9.06125E-4 6.05204E-4 1.0134E-2 3.9097E-3 3.99984E-3 1.36612E-2 4.91032E-2 2.09327E-2 4.10991E-1 2.02826E-1 4.33324E0 1.16228E1 3.12984E1 2.99156E0 1.05043E-1 1.82839E-1 6.24234E-2 2.34258E-1 9.00046E-1 2.317E0 1.59381E1 5.89491E-1 1.84729E0 3.27163E-1 9.36504E-2 4.84412E-1 2.81523E-1 2.12182E0 1.24229E-1 3.75998E-2 4.70461E-2 5.9509E-3 3.44448E-3 3.10192E-3 1.75561E-2 9.73603E-2 1.38719E-2 2.25729E-2 1.7788E-1 7.91522E-2 1.43423E-2 2.46432E-3 2.15162E-3 2.19475E-3 3.53333E-3 3.39452E-3 7.68035E-3 1.69694E-2 1.53012E-1 3.65252E-2 1.17382E-1
2.50811E-2 2.29679E-2 2.2939E-2 7.12034E-2 4.14226E-2 1.99822E-2 2.12785E-3 2.5669E-3 1.40376E-3 1.37638E-3 1.4472E-2 2.10172E-3 1.74731E-2 6.6905E-3 1.08333E-2 8.37837E-3 2.20244E-2 2.41873E-1 2.40087E-1 4.55416E-2 8.10908E-1 3.20758E1 3.31861E1 3.72299E-1 4.53523E-1 2.55645E0 2.41313E-1 2.14989E0 1.58604E0 4.38549E1 4.8756E0 2.09791E0 3.25282E-1 2.55107E-1 2.32366E1 2.0279E0 2.46703E-2 5.9917E-2 6.01756E-2 6.85247E-2 3.35159E-2 5.43888E-3 3.00865E-3 7.59713E-3 1.40418E-2 7.09644E-2 2.62008E-1 1.33149E-1 1.0206E-1 3.29227E-2 1.57076E-1 3.73023E-3 2.46215E-3 9.5491E-3 8.3298E-3 1.21806E-1 1.58432E-1 2.04661E-2 1.77473E-1 1.22746E-2
2.64052E-2 2.20324E-2 1.45298E-1 1.3277E-2 1.50382E-2 1.35756E-2 5.92538E-3 1.42098E-3 5.02601E-3 2.93648E-3 2.79606E-3 2.13804E-3 4.23329E-3 1.00559E-1 1.46043E-2 9.85914E-3 1.53766E-2 2.28209E-2 3.25634E-2 3.2533E-1 8.75912E-2 1.09707E-1 4.55005E0 4.18232E1 8.21258E0 1.33736E0 2.64495E0 5.23411E0 5.14127E1 7.88022E-1 7.60566E-1 2.51893E0 2.90502E-1 4.28636E0 9.83502E-1 6.79874E-2 6.58565E-2 5.69016E-2 1.29133E-1 1.96651E-2 1.25386E-2 7.59802E-3 6.75426E-3 3.90559E-2 1.13073E-1 2.73723E-1 4.08625E-2 2.02947E-1 9.53031E-3 2.55991E-2 9.17856E-3 2.52087E-3 2.87162E-3 6.05044E-3 7.7525E-2 1.27478E-2 3.55585E-2 9.58169E-3 1.82086E-1 8.76959E-3
4.4349E-1 1.45573E0 2.15319E-2 1.83945E-2 1.22997E-1 6.0758E-2 7.13321E-3 1.03291E-3 1.10056E-2 9.84853E-3 5.50709E-3 3.95162E-3 3.11194E-3 1.0048E-1 1.03157E-2 8.63414E-3 1.73623E-2 2.15591E-2 2.2833E-1 2.28849E-1 7.10622E-2 6.90534E-2 1.17756E-1 3.93303E-1 6.13173E0 3.43759E1 3.95936E1 3.09207E0 5.08967E1 8.22712E-1 9.04073E-1 1.15989E0 2.72489E0 3.14716E1 7.45496E-1 7.45945E-2 6.95116E-2 1.9917E-1 4.16244E-2 1.95241E-2 5.76557E-2 8.39791E-3 9.03036E-3 8.32007E-3 2.4712E-2 3.75409E0 1.04637E-1 2.37555E-1 1.64034E-1 6.878E-3 8.01905E-3 3.66771E-3 1.08744E-2 2.69635E-3 3.77319E-2 8.25006E-3 7.06246E-3 1.36639E-2 4.67076E-2 1.29884E-2
