outputallcorrectTI_nofloodareas_nofloodcontrols_verynarrow_STATUSquo/flood.asc
ncols         319
nrows         495
xllcorner     219017.22331753
yllcorner     4610852.5305323
cellsize      500.0
NODATA_value  -9999
[rows 270 to 296 of 495, columns 240 to 299 of 319]
6.5452E-4 3.46425E-4 1.0686E-1 6.73103E-1 8.7497E-3 2.08526E-3 7.59817E-4 5.33848E-2 3.75647E-2 1.03685E-1 5.83195E-4 2.88833E-4 3.21929E-3 6.19558E-2 3.86313E-1 1.9744E-3 3.03073E-4 9.99601E-2 2.91998E-4 2.32706E-2 1.58397E-3 8.32709E-3 1.97138E-2 1.81702E-6 1.25623E-4 2.43947E-3 2.53504E-3 4.56019E-3 5.4068E-3 8.37746E-2 4.85087E-3 1.72062E-2 3.15102E-3 1.40299E-2 1.3557E-1 -9999 -9999 -9999 -9999 -9999 -9999 -9999 -9999 -9999 -9999 -9999 -9999 -9999 -9999 -9999 -9999 -9999 -9999 -9999 -9999 -9999 -9999 -9999 -9999 -9999
6.25655E-2 5.63142E-4 3.9072E-3 6.28751E-1 1.99472E-1 1.32077E-1 3.11628E-3 3.54278E-2 2.80997E-2 2.00189E-2 1.82746E-2 7.56124E-4 5.66977E-2 1.8015E-2 2.55458E-2 3.40024E-3 5.48049E-2 9.20315E-2 3.32596E-4 2.57384E-2 7.93116E-4 2.18362E-4 5.34364E-5 1.04235E-5 4.65098E-5 3.45584E-4 2.58344E-3 5.43602E-3 1.86919E-2 5.82015E-2 7.77416E-2 9.69811E-2 6.96621E-2 7.7231E-2 2.01912E-2 7.67827E-3 1.39507E-2 -9999 -9999 -9999 -9999 -9999 -9999 -9999 -9999 -9999 -9999 -9999 -9999 -9999 -9999 -9999 -9999 -9999 -9999 -9999 -9999 -9999 -9999 -9999
5.20741E-2 6.55745E-4 6.21707E-3 6.60515E-1 1.80734E-1 2.71685E-3 1.46524E-3 4.40281E-3 2.98793E-2 2.52204E-2 4.40556E-3 4.68675E-2 4.44178E-4 6.07738E-3 3.53007E-3 1.03609E-3 2.06758E-3 9.71803E-4 1.5739E-1 9.47666E-2 2.1726E-3 4.62006E-2 2.40658E-2 4.13337E-5 8.73679E-4 5.36997E-3 1.64507E-2 3.41019E-2 7.11514E-3 6.13863E-3 4.35012E-2 1.20847E-1 9.5146E-3 7.3579E-3 1.26143E-2 7.63666E-3 2.59823E-2 5.45458E-1 -9999 -9999 -9999 -9999 -9999 -9999 -9999 -9999 -9999 -9999 -9999 -9999 -9999 -9999 -9999 -9999 -9999 -9999 -9999 -9999 -9999 -9999
9.35179E-4 1.25271E-3 1.85806E-1 7.41632E-1 1.91979E-1 3.07818E-3 1.4029E-3 7.06885E-4 7.73372E-3 7.24309E-2 5.41719E-2 1.51691E-4 1.29744E-4 2.11478E-3 7.04734E-4 1.31274E-4 2.13585E-4 2.80306E-4 7.71512E-2 9.69877E-3 1.73665E-4 1.47753E-4 1.81364E-2 4.6591E-5 4.05498E-3 1.18023E-3 7.55438E-4 4.96992E-3 6.54749E-2 2.24314E-3 8.0419E-2 4.53475E-3 4.6889E-3 8.80777E-3 3.89446E-3 8.93246E-3 4.11154E-1 1.22262E-1 -9999 -9999 -9999 -9999 -9999 -9999 -9999 -9999 -9999 -9999 -9999 -9999 -9999 -9999 -9999 -9999 -9999 -9999 -9999 -9999 -9999 -9999
3.63632E-1 1.44405E-1 6.41172E-1 4.16746E-1 1.66149E-1 1.53515E-3 8.96797E-4 4.18932E-3 9.75285E-2 2.49254E-1 3.80637E-3 3.30474E-2 2.20717E-4 2.22114E-4 4.45423E-5 7.94538E-5 1.39332E-2 5.60954E-4 2.8825E-2 1.37374E-2 1.32316E-1 3.37045E-4 6.46453E-2 2.57519E-4 7.80566E-4 4.47146E-4 3.30485E-3 1.31853E-2 4.17333E-2 6.24482E-2 1.18402E-1 3.72926E-3 8.65816E-3 5.94813E-3 6.39079E-3 1.48741E-1 2.73644E-2 8.52313E-3 1.19125E-1 -9999 -9999 -9999 -9999 -9999 -9999 -9999 -9999 -9999 -9999 -9999 -9999 -9999 -9999 -9999 -9999 -9999 -9999 -9999 -9999 -9999
1.73434E-1 5.89315E-1 1.05453E0 4.05513E-1 8.57378E-3 4.35149E-3 7.5868E-3 6.69104E-1 1.06245E-1 3.70939E-4 4.87439E-3 1.49817E-2 3.75523E-5 5.30679E-2 2.15922E-2 1.25961E-2 2.70188E-4 6.209E-2 1.45267E-3 2.1761E-2 7.42474E-2 3.15507E-3 5.28225E-2 1.17477E-3 3.9097E-2 1.78565E-3 1.4012E-3 2.63969E-3 3.92681E-3 6.48961E-3 1.79467E-2 4.85589E-2 1.94713E-2 4.84057E-3 1.41272E-2 4.50733E-1 1.55501E-2 4.90842E-3 1.13406E-1 6.96367E-3 -9999 -9999 -9999 -9999 -9999 -9999 -9999 -9999 -9999 -9999 -9999 -9999 -9999 -9999 -9999 -9999 -9999 -9999 -9999 -9999
4.01697E-1 9.34694E-1 3.97226E-1 3.78663E-1 2.13483E-1 8.30253E-1 9.54863E-1 1.92559E-1 1.38218E-3 2.08807E-2 8.60953E-3 1.11503E-2 1.90398E-5 1.96108E-2 4.91926E-2 1.46451E-2 1.82537E-4 2.44687E-4 5.5741E-4 3.29426E-2 2.13506E-1 9.34486E-3 4.38879E-4 3.82478E-4 7.63334E-2 1.12355E-3 6.69832E-4 1.9047E-3 6.86106E-3 1.83618E-2 4.09398E-2 4.81499E-2 6.17402E-2 6.02586E-3 1.41237E-1 3.07927E-2 1.63443E-2 4.16444E-3 2.93288E-2 3.63495E-3 -9999 -9999 -9999 -9999 -9999 -9999 -9999 -9999 -9999 -9999 -9999 -9999 -9999 -9999 -9999 -9999 -9999 -9999 -9999 -9999
4.14979E-1 6.9732E-2 3.49694E-1 8.8206E-1 8.23134E-1 2.01782E-1 4.48726E-2 1.90363E-1 1.28236E-3 2.03554E-2 6.4299E-2 1.11387E-1 1.567E-2 1.83615E-2 1.32291E-2 7.34897E-2 6.69945E-3 1.88083E-1 2.11558E-2 2.53298E-2 5.65187E-1 6.32924E-2 1.56164E-3 8.69488E-4 1.10307E-1 3.01708E-3 2.11911E-3 7.02538E-4 3.2663E-3 3.74656E-2 7.35297E-3 7.30975E-3 3.29113E-2 6.83926E-2 2.83476E-2 8.58133E-2 2.00157E-3 9.59762E-3 1.27797E-2 9.53413E-3 -9999 -9999 -9999 -9999 -9999 -9999 -9999 -9999 -9999 -9999 -9999 -9999 -9999 -9999 -9999 -9999 -9999 -9999 -9999 -9999
1.83038E-1 1.71086E-1 1.06374E0 2.0994E-1 2.20877E-1 1.43538E-1 1.57531E-3 5.16547E-1 1.41232E-3 1.69419E-2 8.83793E-5 9.33764E-4 4.21373E-2 3.39522E-2 5.27672E-4 4.28611E-3 4.72597E-4 4.57938E-4 1.38896E-3 6.96605E-4 6.76033E-2 1.75362E-2 4.99858E-3 3.00568E-2 1.1184E-2 9.55826E-4 5.24005E-4 7.27113E-4 4.39137E-3 4.30435E-2 1.9748E-3 1.51269E-3 3.49786E-2 2.37391E-2 6.34926E-3 1.04137E-1 2.47372E-3 2.02956E-3 9.35853E-3 6.86264E-3 -9999 -9999 -9999 -9999 -9999 -9999 -9999 -9999 -9999 -9999 -9999 -9999 -9999 -9999 -9999 -9999 -9999 -9999 -9999 -9999
1.93807E-3 1.15165E-1 2.50431E-1 2.65726E-1 1.03836E-1 7.85877E-2 5.98095E-2 3.08061E-2 4.43459E-3 5.25122E-2 1.45806E-2 9.66678E-5 5.56329E-2 3.13464E-2 4.61354E-4 3.08266E-2 3.72602E-2 1.34604E-3 5.06859E-2 7.37091E-2 6.46358E-2 1.40704E-2 1.66991E-2 9.54955E-2 2.519E-3 9.87125E-4 7.94401E-4 2.42796E-3 8.89599E-3 2.10622E-3 4.38447E-3 2.52399E-3 1.47742E-2 8.58553E-3 7.74807E-3 1.56764E-1 4.90311E-3 2.57243E-3 2.07456E-3 8.39475E-3 -9999 -9999 -9999 -9999 -9999 -9999 -9999 -9999 -9999 -9999 -9999 -9999 -9999 -9999 -9999 -9999 -9999 -9999 -9999 -9999
4.09009E-3 8.45317E-1 4.10606E-1 3.04351E-1 1.44679E-1 6.02839E-2 1.8213E-1 1.70705E-3 3.28574E-2 9.73189E-2 4.26036E-2 1.85395E-2 7.81401E-5 1.383E-2 2.8413E-2 1.73057E-2 7.75368E-5 4.54332E-4 1.16693E-2 2.54247E-1 7.44317E-1 5.06088E-2 7.05033E-2 4.6724E-3 4.5559E-3 6.89057E-3 4.11E-2 8.85265E-2 1.61612E-2 3.52443E-3 6.65799E-4 2.48442E-3 3.50083E-2 8.59027E-3 1.2535E-2 1.10579E-1 8.81061E-2 2.49373E-2 6.55242E-3 9.26033E-4 -9999 -9999 -9999 -9999 -9999 -9999 -9999 -9999 -9999 -9999 -9999 -9999 -9999 -9999 -9999 -9999 -9999 -9999 -9999 -9999
1.16901E-1 1.40778E0 5.18806E-1 4.2797E-1 3.1854E-1 2.27583E-2 8.92322E-2 1.25304E-3 6.60454E-4 2.4893E-3 2.64304E-2 1.3829E-2 1.62123E-2 4.29169E-2 1.32474E-1 1.45627E-2 1.73575E-1 2.13025E-2 3.23035E-1 1.01553E-1 8.77258E-1 6.27886E-2 1.00173E-2 1.1457E-1 1.10722E-1 6.89895E-2 4.33175E-3 4.46634E-3 4.01162E-3 7.98243E-3 6.39446E-4 3.40641E-2 9.31135E-3 4.69716E-2 2.87702E-2 1.33383E-1 7.79157E-3 3.59705E-3 1.88977E-3 2.39807E-3 -9999 -9999 -9999 -9999 -9999 -9999 -9999 -9999 -9999 -9999 -9999 -9999 -9999 -9999 -9999 -9999 -9999 -9999 -9999 -9999
1.14341E0 4.48141E-3 5.6285E-3 8.99609E-2 2.03863E-3 1.3762E-3 9.55292E-3 4.08526E-4 5.75853E-4 3.3236E-4 3.49465E-4 1.326E-2 1.84528E-5 6.02228E-4 4.54878E-4 4.45304E-4 1.69976E-4 2.014E-3 1.1794E-2 6.56386E-2 9.29986E-1 8.98948E-2 7.28714E-2 1.56052E-1 2.16612E-2 4.25851E-2 1.35185E-2 6.44685E-3 5.6536E-3 2.77696E-3 7.574E-2 1.90241E-3 1.28834E-3 1.10543E-1 1.67605E-2 1.50482E-1 4.80321E-3 5.82096E-3 1.30366E-3 5.60844E-4 -9999 -9999 -9999 -9999 -9999 -9999 -9999 -9999 -9999 -9999 -9999 -9999 -9999 -9999 -9999 -9999 -9999 -9999 -9999 -9999
1.07043E-2 4.5149E-2 3.25253E-3 2.16154E-3 1.65442E-3 1.29141E-3 7.73442E-4 1.43911E-3 2.76533E-2 4.14579E-4 9.1914E-5 1.80179E-2 7.79932E-3 1.98637E-5 1.78622E-2 8.89871E-5 2.4507E-4 2.42063E-3 1.90993E-2 7.98457E-2 9.80697E-1 8.49431E-1 1.26513E-1 1.69549E-2 5.80283E-2 2.78154E-2 6.7166E-3 2.16341E-3 9.07513E-3 7.51187E-2 5.47451E-3 2.28963E-3 7.09377E-3 9.56173E-2 5.95648E-2 1.15722E-1 5.22498E-2 2.15656E-2 7.34533E-3 -9999 -9999 -9999 -9999 -9999 -9999 -9999 -9999 -9999 -9999 -9999 -9999 -9999 -9999 -9999 -9999 -9999 -9999 -9999 -9999 -9999
6.32851E-1 3.54561E-3 8.34204E-2 5.88527E-2 1.92619E-2 4.09131E-3 5.71673E-2 1.53722E-4 4.54227E-2 7.65342E-2 2.24788E-2 9.28015E-3 8.5382E-3 2.41607E-2 7.47643E-3 4.77038E-2 6.21468E-4 1.03642E-1 1.10838E-2 9.15347E-1 9.1628E-1 8.01483E-3 2.01839E-1 1.32597E-1 1.30168E-2 5.54545E-2 5.42301E-3 2.80723E-3 6.18494E-2 1.67986E-2 3.0183E-3 1.88307E-3 1.09139E-2 3.63268E-2 1.47008E-1 5.35438E-3 5.16787E-3 4.8567E-3 3.85473E-3 -9999 -9999 -9999 -9999 -9999 -9999 -9999 -9999 -9999 -9999 -9999 -9999 -9999 -9999 -9999 -9999 -9999 -9999 -9999 -9999 -9999
1.97533E-1 3.04093E-2 1.46275E-3 6.21707E-3 4.40777E-1 1.02887E-3 3.29705E-2 1.87168E-4 3.22259E-2 2.53476E-4 5.21995E-2 4.55609E-4 1.17301E-3 1.32058E-3 2.13917E-3 3.36548E-2 5.86696E-4 4.22091E-3 2.89482E-2 1.11964E0 5.86385E-2 5.85256E-3 7.15596E-3 7.22057E-3 1.1262E-1 4.52002E-3 3.5884E-2 3.64444E-3 2.94413E-2 1.96371E-3 3.60168E-3 7.30761E-3 1.85273E-3 8.89953E-3 1.07627E-1 1.16759E-2 4.03023E-3 6.23522E-3 7.36487E-3 -9999 -9999 -9999 -9999 -9999 -9999 -9999 -9999 -9999 -9999 -9999 -9999 -9999 -9999 -9999 -9999 -9999 -9999 -9999 -9999 -9999
6.74758E-3 3.52751E-3 6.41539E-2 3.29161E-3 1.14925E-1 6.2319E-2 1.26562E-1 6.79653E-4 2.98342E-2 7.60055E-2 7.58947E-2 9.52323E-3 3.21918E-2 5.98176E-2 1.17637E-3 6.78179E-3 3.81543E-2 9.3399E-2 1.20496E-1 2.19957E-1 9.89518E-3 2.64078E-2 3.3053E-3 4.67533E-3 8.6222E-2 2.46739E-2 6.56781E-3 6.58283E-3 5.06745E-3 3.23481E-3 1.36127E-2 2.31978E-3 3.34552E-3 5.26833E-3 4.91773E-2 1.01781E-1 4.94463E-3 4.14059E-2 7.82878E-3 1.27918E-3 -9999 -9999 -9999 -9999 -9999 -9999 -9999 -9999 -9999 -9999 -9999 -9999 -9999 -9999 -9999 -9999 -9999 -9999 -9999 -9999
7.3244E-3 2.28163E-3 2.19967E-3 5.18328E-2 1.04569E-1 1.12595E-1 1.41171E-2 1.20235E-1 1.05662E-3 8.46028E-2 5.15707E-4 2.17905E-4 2.68285E-3 2.84241E-2 1.10289E-1 1.87292E-3 1.74604E-2 1.01477E-2 1.79316E0 1.90935E-2 5.85376E-3 6.04904E-3 4.51513E-3 1.70578E-2 5.23986E-3 8.69192E-2 1.76903E-3 3.82305E-3 4.30396E-2 2.51505E-3 4.63357E-3 2.40186E-3 1.13244E-2 6.85265E-2 8.63132E-3 9.09479E-2 5.56903E-2 1.54542E-2 3.64035E-3 1.32839E-3 -9999 -9999 -9999 -9999 -9999 -9999 -9999 -9999 -9999 -9999 -9999 -9999 -9999 -9999 -9999 -9999 -9999 -9999 -9999 -9999
1.14057E-1 1.7874E-3 3.27785E-3 4.17993E-2 1.74428E-1 3.42832E-3 1.47025E-3 1.29304E-3 1.5068E-4 7.78155E-4 2.07452E-2 5.30094E-4 8.25008E-4 9.73615E-3 8.96883E-2 2.85621E-3 5.04222E-3 1.1772E-2 1.18595E0 8.51535E-3 4.3674E-3 2.93945E-3 1.04156E-2 4.89534E-3 2.80336E-3 4.97717E-2 5.36155E-3 1.45226E-3 4.03696E-3 2.02033E-2 4.34813E-3 7.3046E-3 5.89449E-3 1.46276E-2 4.31379E-3 7.94494E-2 1.58325E-2 1.17205E-2 2.71507E-2 3.3441E-3 1.20353E-3 -9999 -9999 -9999 -9999 -9999 -9999 -9999 -9999 -9999 -9999 -9999 -9999 -9999 -9999 -9999 -9999 -9999 -9999 -9999
7.11073E-3 5.95888E-2 7.29586E-3 2.0339E-2 1.17374E-3 2.65614E-3 1.15093E-2 6.76808E-2 2.30882E-2 2.77402E-2 1.71124E-2 7.62525E-4 6.32522E-3 4.10594E-2 1.06844E-1 1.18699E-1 3.44613E-2 1.329E-1 6.79972E-1 1.25825E-1 1.24405E-1 1.02038E-1 4.07173E-3 2.0873E-3 1.03451E-2 8.12147E-3 1.09945E-3 4.05316E-3 1.53099E-3 8.10638E-3 8.62971E-3 3.55797E-3 3.04133E-2 3.78654E-3 7.63759E-3 7.56881E-2 5.0818E-2 8.45689E-3 5.27248E-2 8.17967E-3 1.26547E-3 -9999 -9999 -9999 -9999 -9999 -9999 -9999 -9999 -9999 -9999 -9999 -9999 -9999 -9999 -9999 -9999 -9999 -9999 -9999
2.61006E-2 5.5763E-2 4.30628E-3 3.04589E-2 5.9249E-3 1.03994E-1 1.36789E-3 2.28836E-3 1.78098E-4 2.07737E-2 6.36634E-2 5.28234E-4 9.7225E-4 3.32779E-1 5.80738E-1 1.38188E-1 1.1447E0 2.01333E-1 1.61477E-3 2.15628E-3 8.89561E-3 8.32653E-3 6.98201E-2 7.22549E-3 2.32823E-3 3.24102E-3 2.48711E-3 1.52816E-3 1.9137E-2 1.90944E-3 3.48016E-3 3.3909E-2 6.75249E-3 7.07911E-3 1.30495E-2 1.15763E-2 2.41079E-3 1.31864E-2 7.51304E-2 3.73935E-3 6.61955E-3 -9999 -9999 -9999 -9999 -9999 -9999 -9999 -9999 -9999 -9999 -9999 -9999 -9999 -9999 -9999 -9999 -9999 -9999 -9999
1.4013E-2 3.15518E-3 7.83307E-2 2.94097E-3 2.2072E-3 5.56089E-2 5.65448E-4 1.40952E-1 2.5103E-2 2.16362E-2 3.40937E-4 4.17472E-3 5.04056E-3 4.39053E-1 1.12442E0 1.16156E0 3.34208E-1 1.60963E-1 1.95976E-3 2.64717E-2 9.49926E-3 8.19263E-3 1.15178E-2 3.31021E-2 5.15055E-3 2.2019E-3 1.86775E-3 2.41182E-3 5.33085E-3 4.37825E-2 4.05214E-3 3.87268E-3 1.84186E-2 1.85232E-3 2.47007E-3 9.60451E-3 3.47148E-3 4.70178E-3 9.12515E-2 1.18711E-2 1.31739E-2 -9999 -9999 -9999 -9999 -9999 -9999 -9999 -9999 -9999 -9999 -9999 -9999 -9999 -9999 -9999 -9999 -9999 -9999 -9999
1.25932E-2 2.00729E-2 3.26585E-3 1.68452E-1 5.48916E-2 4.2192E-2 8.08538E-2 1.23108E-2 3.88961E-2 3.15257E-2 7.56663E-2 4.2283E-3 2.47921E-1 1.07802E0 6.50113E-1 6.42167E-2 2.83514E-2 6.82978E-3 7.11144E-3 2.57286E-2 4.14395E-3 9.99792E-3 8.83863E-3 9.59544E-3 3.93003E-3 2.84112E-3 1.54708E-2 2.5939E-3 4.28753E-3 7.24764E-2 7.58649E-3 2.48499E-3 7.05379E-3 3.41168E-2 1.2721E-2 2.85848E-3 2.78574E-3 2.3757E-2 1.0306E-1 1.87891E-2 4.9767E-3 -9999 -9999 -9999 -9999 -9999 -9999 -9999 -9999 -9999 -9999 -9999 -9999 -9999 -9999 -9999 -9999 -9999 -9999 -9999
5.01553E-2 7.41454E-4 5.85334E-3 2.1794E-3 1.51952E-1 2.55588E-3 5.23768E-3 2.72933E-2 6.20567E-2 5.20249E-2 5.09886E-3 1.48935E-1 8.90187E-1 7.20427E-1 8.68208E-1 5.86372E-2 3.90209E-2 1.17168E-2 1.14992E-1 1.16894E-1 8.06564E-3 4.95715E-3 6.09862E-2 1.13039E-2 5.8514E-3 2.25604E-3 2.80845E-2 1.83146E-2 7.87775E-2 4.78784E-3 1.61691E-2 3.45036E-3 3.11593E-2 1.11473E-2 9.48831E-2 6.14384E-3 1.35587E-2 7.30189E-2 5.21546E-3 1.44026E-2 5.21625E-3 -9999 -9999 -9999 -9999 -9999 -9999 -9999 -9999 -9999 -9999 -9999 -9999 -9999 -9999 -9999 -9999 -9999 -9999 -9999
7.58504E-3 1.49729E-3 3.6077E-3 9.43983E-2 8.97805E-3 2.70675E-2 1.74362E-1 4.91165E-2 6.91068E-2 1.6966E-2 1.9551E-1 1.11574E0 8.70899E-1 8.99882E-1 1.11787E-1 8.4472E-1 8.56345E-1 1.43877E-1 1.16752E-2 1.55494E-2 1.53238E-1 1.03963E-1 1.60378E-2 4.60191E-3 9.83043E-2 8.54975E-2 2.80495E-1 8.32079E-2 4.0438E-3 1.08402E-1 1.17843E-1 4.14951E-3 1.13748E-2 8.8338E-2 1.76816E-2 1.06927E-1 3.41771E-2 1.0169E-1 3.58934E-2 1.06455E-2 9.84173E-3 -9999 -9999 -9999 -9999 -9999 -9999 -9999 -9999 -9999 -9999 -9999 -9999 -9999 -9999 -9999 -9999 -9999 -9999 -9999
1.99231E-2 1.05286E-2 1.95085E-2 3.8861E-3 2.83447E-3 1.90395E-2 5.07086E-1 7.2224E-3 9.60107E-2 2.3155E-1 1.43482E0 2.20831E-1 2.12678E-1 3.16922E-1 1.20027E-2 1.07269E-1 5.40516E-1 4.96947E-1 2.54958E-2 6.97335E-3 9.68189E-3 7.38449E-3 1.7816E-2 1.07477E-1 1.23302E-1 1.57082E-1 5.82907E-1 5.19723E-1 7.74892E-3 1.47727E-2 1.37326E-2 6.36188E-3 1.11795E-2 3.40016E-2 1.24399E-1 1.0711E-1 1.12511E-1 1.3744E-2 2.67447E-2 9.37836E-3 3.65332E-2 -9999 -9999 -9999 -9999 -9999 -9999 -9999 -9999 -9999 -9999 -9999 -9999 -9999 -9999 -9999 -9999 -9999 -9999 -9999
6.75614E-3 4.41878E-3 1.8876E-1 2.54662E-1 4.05456E-1 1.12089E-1 8.65454E-2 6.42584E-1 6.86598E-1 7.60387E-2 1.50874E0 7.70045E-2 5.73206E-2 8.72959E-2 7.32673E-2 2.18692E-2 2.18794E-2 5.36313E-2 6.75542E-3 1.47222E-2 1.16957E-2 1.58152E-2 5.17175E-3 1.44406E-1 1.78505E-1 6.81672E-1 1.48823E-1 1.77204E-1 5.98029E-2 2.50795E-2 6.13117E-2 9.44891E-3 5.61367E-3 9.28708E-3 1.09249E-1 5.56004E-2 1.10757E-1 4.43143E-2 1.01547E-2 4.93542E-2 2.17313E-2 -9999 -9999 -9999 -9999 -9999 -9999 -9999 -9999 -9999 -9999 -9999 -9999 -9999 -9999 -9999 -9999 -9999 -9999 -9999
