outputallcorrectTI_nofloodareas_nofloodcontrols_verynarrow_STATUSquo/flood.asc
ncols         319
nrows         495
xllcorner     219017.22331753
yllcorner     4610852.5305323
cellsize      500.0
NODATA_value  -9999
[rows 297 to 323 of 495, columns 240 to 299 of 319]
4.35553E-4 1.18891E-3 6.38474E-4 1.74242E-2 1.11773E-1 7.88908E-3 1.87867E-3 6.45793E-4 1.32007E-3 1.13633E0 1.02655E0 8.06471E-1 1.08011E0 5.63688E-2 1.35715E-1 3.72454E-2 1.36715E-2 1.19067E-2 2.10063E-2 1.03284E-2 1.56662E-2 4.48551E-3 2.62295E-2 1.56144E-1 1.69315E-1 2.11947E-2 6.96764E-2 1.85917E-1 2.16872E-1 1.19456E-1 3.0904E-2 6.40352E-3 2.4579E-2 5.43107E-3 2.59509E-2 1.12847E-1 1.21826E-1 9.39758E-2 7.5535E-2 3.90119E-2 -9999 -9999 -9999 -9999 -9999 -9999 -9999 -9999 -9999 -9999 -9999 -9999 -9999 -9999 -9999 -9999 -9999 -9999 -9999 -9999
1.50256E-4 8.34749E-4 2.44225E-4 1.11546E-3 4.77086E-4 6.60666E-4 1.19677E-3 2.43978E-3 2.08219E-2 1.55492E-1 1.00569E-2 1.21522E-2 1.37977E-2 2.13342E-1 8.69156E-2 5.05088E-2 1.94812E-2 9.65997E-3 1.27931E-2 1.21779E-2 7.72261E-2 1.20782E-2 1.23743E-1 1.35731E-1 1.6512E-1 1.74006E-1 1.65025E-1 2.08835E-2 1.01777E-2 3.06727E-3 9.2042E-2 1.14579E-2 2.15729E-2 5.29398E-3 1.14112E-2 8.5568E-2 9.90034E-2 1.33046E-1 8.88159E-2 5.26423E-2 -9999 -9999 -9999 -9999 -9999 -9999 -9999 -9999 -9999 -9999 -9999 -9999 -9999 -9999 -9999 -9999 -9999 -9999 -9999 -9999
6.2951E-5 3.66148E-5 1.48264E-4 1.60867E-4 6.86939E-5 1.85855E-4 3.61047E-2 3.29498E-3 2.26214E-1 2.98979E-2 7.01643E-3 5.64792E-3 2.24035E-1 6.82921E-2 1.04491E0 4.82829E-2 4.03796E-3 1.12629E-1 1.72543E-2 1.45727E-2 1.0333E-1 1.43164E-1 1.1181E-1 5.77648E-3 1.21653E-1 9.41152E-2 1.74859E-1 2.27603E-2 1.25224E-2 3.39731E-2 9.27444E-3 1.0847E-1 7.08412E-2 8.09787E-2 1.08994E-1 1.22961E-1 1.29614E-1 1.26695E-1 1.38846E-1 8.20302E-2 -9999 -9999 -9999 -9999 -9999 -9999 -9999 -9999 -9999 -9999 -9999 -9999 -9999 -9999 -9999 -9999 -9999 -9999 -9999 -9999
5.21902E-6 5.75484E-3 7.28028E-3 3.68744E-5 1.158E-2 1.8278E-3 1.59741E-2 2.59073E-2 1.42944E-1 6.73355E-2 3.19056E-3 1.45536E-2 8.53876E-2 1.7383E-1 2.06092E-2 1.42387E0 8.15295E-1 1.69368E-1 1.77786E-1 1.92384E-1 7.62949E-1 6.57487E-3 1.29232E-2 6.94457E-2 1.26563E-2 1.53589E-2 2.17476E-2 1.6087E-2 1.00669E-2 9.04104E-3 5.03734E-3 9.27772E-2 1.01703E-1 2.27297E-2 3.18331E-2 2.81745E-2 4.70219E-2 1.00138E-1 8.10074E-2 -9999 -9999 -9999 -9999 -9999 -9999 -9999 -9999 -9999 -9999 -9999 -9999 -9999 -9999 -9999 -9999 -9999 -9999 -9999 -9999 -9999
1.25793E-2 4.69762E-2 2.10005E-4 1.95205E-3 2.13963E-2 1.81748E-3 2.49633E-1 2.57826E-1 6.35968E-3 1.00596E-1 6.84047E-2 9.00497E-2 1.18728E-1 6.46926E-2 1.35551E-1 1.12492E0 6.82057E-2 1.13075E-2 7.17376E-2 1.28015E-2 4.83464E-2 6.65898E-3 1.37107E-1 3.20893E-2 9.14115E-3 1.25752E-2 1.82694E-2 4.6843E-3 2.08803E-3 4.52194E-3 1.87385E-2 3.88316E-2 6.05829E-3 8.53845E-3 8.39755E-3 1.00566E-2 3.7646E-3 3.32694E-2 2.5012E-2 -9999 -9999 -9999 -9999 -9999 -9999 -9999 -9999 -9999 -9999 -9999 -9999 -9999 -9999 -9999 -9999 -9999 -9999 -9999 -9999 -9999
2.5412E-5 1.39095E-4 7.92262E-3 2.00986E-2 1.34121E-1 1.29845E-2 4.04143E-3 1.79658E-1 1.03069E-3 9.88567E-4 6.3252E-2 1.4427E-1 5.44672E-2 8.98161E-2 1.1349E-1 1.86993E-1 6.92372E-3 1.00233E-1 2.17188E-1 9.23035E-3 1.64226E-1 9.10083E-2 2.66609E-1 1.58699E-1 3.68637E-3 3.30043E-3 1.8127E-3 3.4062E-2 9.50373E-3 3.97077E-3 9.27898E-2 4.0256E-3 7.51127E-3 1.95997E-3 4.1951E-3 4.23496E-3 3.9055E-3 1.31118E-2 -9999 -9999 -9999 -9999 -9999 -9999 -9999 -9999 -9999 -9999 -9999 -9999 -9999 -9999 -9999 -9999 -9999 -9999 -9999 -9999 -9999 -9999
1.12629E-1 1.01417E-3 1.22715E-1 1.54607E-1 1.41879E-2 1.54469E-1 1.77884E-1 1.91521E-1 8.10139E-3 3.57491E-4 2.34102E-4 8.38675E-2 6.16892E-2 2.18533E-2 3.13082E-1 1.35351E-1 7.16257E-3 3.30552E-3 1.09307E-1 1.0658E-1 1.19085E-1 1.54918E-2 1.41138E-1 6.66656E-2 9.62991E-3 2.62212E-2 3.70297E-2 4.48125E-2 5.09762E-2 2.13745E-2 8.21277E-3 2.23413E-3 1.93721E-3 1.77735E-3 1.83445E-3 1.15749E-3 4.21705E-3 -9999 -9999 -9999 -9999 -9999 -9999 -9999 -9999 -9999 -9999 -9999 -9999 -9999 -9999 -9999 -9999 -9999 -9999 -9999 -9999 -9999 -9999 -9999
8.32862E-2 6.18964E-1 5.88756E-3 1.51684E-3 5.23564E-3 4.19066E-2 2.01089E-1 2.30476E-2 1.68969E-1 3.8377E-1 1.09697E-1 7.1508E-2 1.53711E-1 1.06592E-1 5.82288E-2 1.54198E-2 9.09869E-2 3.66016E-2 9.68961E-2 1.15055E-3 4.91749E-2 7.84913E-2 2.22645E-3 2.1408E-3 2.24886E-3 3.09648E-3 4.19977E-3 2.66924E-2 9.35286E-2 1.12849E-1 1.17797E-1 6.75117E-3 1.16227E-3 1.05396E-3 8.19961E-4 1.89085E-3 2.82076E-3 -9999 -9999 -9999 -9999 -9999 -9999 -9999 -9999 -9999 -9999 -9999 -9999 -9999 -9999 -9999 -9999 -9999 -9999 -9999 -9999 -9999 -9999 -9999
2.72042E-4 8.81733E-4 5.5212E-4 4.18779E-3 4.29081E-3 3.07863E-2 2.68998E-1 1.06548E-1 9.39587E-3 8.93421E-3 4.62457E-1 2.93663E-1 1.00476E-1 9.61917E-2 2.39606E-2 1.79718E-3 2.84282E-3 4.10591E-3 3.56526E-1 2.64995E-1 4.27774E-2 3.54909E-4 3.77926E-2 8.53909E-4 1.92153E-4 4.75177E-3 2.35318E-2 3.93575E-2 1.81935E-2 7.03082E-2 1.36428E-2 1.44687E-1 1.72057E-2 2.49092E-3 3.58003E-3 -9999 -9999 -9999 -9999 -9999 -9999 -9999 -9999 -9999 -9999 -9999 -9999 -9999 -9999 -9999 -9999 -9999 -9999 -9999 -9999 -9999 -9999 -9999 -9999 -9999
1.60243E-4 2.14141E-4 4.70775E-4 4.33747E-3 2.07947E-1 7.61656E-1 4.12491E-2 1.20558E0 7.72367E-3 5.63436E-2 1.08882E-1 2.19102E-2 1.72377E-1 3.76126E-2 7.6749E-3 5.9255E-4 4.03727E-4 4.28044E-4 3.05132E-3 2.01692E-2 9.82736E-2 3.23128E-2 1.12733E-1 1.35716E-3 4.51382E-4 2.38607E-3 2.62386E-2 8.86407E-3 8.53817E-3 8.09379E-2 2.16211E-2 9.87843E-3 1.2356E-1 4.73177E-2 -9999 -9999 -9999 -9999 -9999 -9999 -9999 -9999 -9999 -9999 -9999 -9999 -9999 -9999 -9999 -9999 -9999 -9999 -9999 -9999 -9999 -9999 -9999 -9999 -9999 -9999
1.48951E-5 7.65749E-5 1.24841E-3 1.82035E-3 1.0227E-1 1.12767E-2 3.4258E-3 3.51392E-1 3.99513E-3 4.53042E-2 1.29148E-1 1.60299E-3 1.2492E-2 4.83377E-4 6.53776E-4 4.6934E-3 3.78776E-4 1.64466E-3 6.57246E-4 8.31186E-4 3.48463E-1 9.92071E-2 3.53176E-2 1.478E-4 3.66831E-3 1.10441E-3 1.76244E-3 7.35599E-3 4.89831E-2 1.96116E-2 1.96524E-2 1.06997E-2 9.01105E-3 1.57909E-1 -9999 -9999 -9999 -9999 -9999 -9999 -9999 -9999 -9999 -9999 -9999 -9999 -9999 -9999 -9999 -9999 -9999 -9999 -9999 -9999 -9999 -9999 -9999 -9999 -9999 -9999
8.31968E-3 5.2218E-2 6.10512E-3 3.31932E-2 1.09212E-1 9.31292E-3 3.08566E-3 3.39859E-1 1.10897E-1 5.38778E-2 7.15804E-4 7.41391E-2 7.77824E-3 5.59E-4 1.48108E-3 1.90582E-4 1.85808E-3 1.80816E-4 1.05818E-3 8.9605E-4 1.22206E-1 1.25845E-1 8.01342E-4 1.84937E-4 5.05953E-4 2.72993E-3 1.30759E-3 9.08284E-4 7.87229E-3 4.80647E-2 8.35055E-2 6.9352E-3 1.12111E-1 -9999 -9999 -9999 -9999 -9999 -9999 -9999 -9999 -9999 -9999 -9999 -9999 -9999 -9999 -9999 -9999 -9999 -9999 -9999 -9999 -9999 -9999 -9999 -9999 -9999 -9999 -9999
6.39248E-2 5.33145E-4 7.8555E-3 4.12035E-3 1.11143E-2 3.76688E-3 5.77025E-3 2.35884E-1 5.9652E-4 1.34961E-4 2.49635E-4 6.17869E-4 1.63398E-1 1.84557E-3 9.55431E-4 8.5052E-5 1.37292E-3 4.94677E-3 2.46058E-2 1.89107E-4 1.55705E-3 3.87157E-4 4.52073E-3 2.02905E-3 7.34416E-4 2.85833E-3 7.59078E-4 1.65647E-3 6.69685E-3 8.1502E-3 7.1064E-3 1.06831E-1 6.73494E-2 -9999 -9999 -9999 -9999 -9999 -9999 -9999 -9999 -9999 -9999 -9999 -9999 -9999 -9999 -9999 -9999 -9999 -9999 -9999 -9999 -9999 -9999 -9999 -9999 -9999 -9999 -9999
1.08239E-4 6.75325E-3 1.36598E-1 5.93517E-3 1.52656E-2 4.75124E-3 2.67907E-1 2.86468E-2 2.23598E-3 2.00767E-2 1.97735E-4 1.80991E-1 5.12285E-4 5.61577E-2 3.07424E-4 4.55687E-4 3.25477E-4 1.61876E-2 2.54044E-3 2.69631E-4 3.94245E-4 4.86601E-4 1.9739E-3 2.52863E-2 8.66511E-3 1.15876E-3 7.96794E-4 2.27208E-3 5.74406E-3 5.92375E-3 1.1963E-2 2.12797E-2 -9999 -9999 -9999 -9999 -9999 -9999 -9999 -9999 -9999 -9999 -9999 -9999 -9999 -9999 -9999 -9999 -9999 -9999 -9999 -9999 -9999 -9999 -9999 -9999 -9999 -9999 -9999 -9999
9.81059E-4 1.90189E-1 1.15702E-1 4.11512E-3 1.06625E-3 1.32041E-2 4.29584E-1 3.34984E-2 5.68443E-3 2.38941E-3 4.41232E-4 5.83194E-2 1.62224E-3 3.44896E-4 1.33327E-4 1.16378E-3 6.3776E-4 7.18765E-4 5.1479E-2 2.0946E-3 4.97302E-4 8.50855E-4 3.94754E-3 3.08509E-3 3.86746E-2 1.13717E-3 2.64023E-3 6.73287E-4 8.92606E-4 3.4815E-2 9.15061E-3 1.87226E-2 -9999 -9999 -9999 -9999 -9999 -9999 -9999 -9999 -9999 -9999 -9999 -9999 -9999 -9999 -9999 -9999 -9999 -9999 -9999 -9999 -9999 -9999 -9999 -9999 -9999 -9999 -9999 -9999
9.04407E-4 4.05242E-3 7.73824E-2 5.98139E-2 5.43348E-3 2.95097E-2 2.51965E-1 2.39767E-2 1.77159E-3 1.33119E-4 1.29785E-4 3.78548E-4 6.86843E-5 6.97272E-4 5.65598E-4 2.52107E-4 4.59806E-3 6.38228E-3 1.31063E-3 6.8911E-2 6.90511E-2 4.38325E-3 8.06069E-4 1.51823E-3 3.02249E-2 1.84236E-3 2.12071E-3 6.67954E-4 6.93397E-3 5.40987E-2 2.32912E-2 1.34211E-1 -9999 -9999 -9999 -9999 -9999 -9999 -9999 -9999 -9999 -9999 -9999 -9999 -9999 -9999 -9999 -9999 -9999 -9999 -9999 -9999 -9999 -9999 -9999 -9999 -9999 -9999 -9999 -9999
2.53527E-3 8.26071E-3 1.15353E-1 2.41359E-2 5.8864E-3 3.97756E-1 3.65005E-3 7.87563E-4 3.21589E-3 5.06697E-5 2.91036E-4 3.24474E-4 6.26442E-4 1.41497E-3 4.31859E-3 1.13938E-2 4.93472E-3 1.38226E-2 7.96643E-2 1.22367E-2 7.65846E-3 6.92989E-2 5.47696E-2 3.20064E-2 2.2003E-3 1.74721E-3 8.50981E-4 3.11634E-3 9.90986E-3 4.05274E-2 1.42169E-1 -9999 -9999 -9999 -9999 -9999 -9999 -9999 -9999 -9999 -9999 -9999 -9999 -9999 -9999 -9999 -9999 -9999 -9999 -9999 -9999 -9999 -9999 -9999 -9999 -9999 -9999 -9999 -9999 -9999
1.28103E-1 2.79259E-3 2.41271E-2 1.5911E-1 1.14445E-2 3.88338E-1 3.28563E-3 1.63393E-3 9.24293E-5 4.73987E-4 3.7462E-4 1.97874E-3 8.0645E-4 4.19332E-4 1.01257E-3 7.02417E-4 4.42638E-4 4.1826E-3 1.4597E-2 2.1923E-2 5.93421E-2 8.43022E-3 1.76496E-2 6.31527E-2 2.68123E-3 4.19168E-3 1.01695E-3 1.23277E-2 9.34668E-2 1.16345E-1 -9999 -9999 -9999 -9999 -9999 -9999 -9999 -9999 -9999 -9999 -9999 -9999 -9999 -9999 -9999 -9999 -9999 -9999 -9999 -9999 -9999 -9999 -9999 -9999 -9999 -9999 -9999 -9999 -9999 -9999
8.64315E-2 2.54029E-2 4.42589E-2 4.48757E-2 1.62825E-1 3.12194E-1 4.32688E-2 2.36588E-3 2.83665E-4 2.20946E-5 1.24819E-4 2.00136E-4 1.54921E-3 1.0075E-3 7.69366E-5 6.66971E-4 1.75554E-3 4.02154E-3 3.41115E-2 4.36305E-2 9.00142E-2 8.05718E-2 7.51121E-2 6.11403E-2 6.66432E-2 2.82511E-3 2.0978E-2 7.13733E-3 8.88708E-2 -9999 -9999 -9999 -9999 -9999 -9999 -9999 -9999 -9999 -9999 -9999 -9999 -9999 -9999 -9999 -9999 -9999 -9999 -9999 -9999 -9999 -9999 -9999 -9999 -9999 -9999 -9999 -9999 -9999 -9999 -9999
1.52449E-2 1.07121E-2 8.63537E-3 1.02381E-1 1.3372E-2 4.2363E-1 1.81565E-2 2.32648E-3 2.25324E-4 8.87697E-3 2.02947E-2 4.17887E-2 1.92277E-3 1.57926E-4 6.19833E-4 1.17481E-4 8.64822E-4 4.46276E-3 1.74223E-2 2.43127E-2 1.62013E-2 4.34733E-2 8.41672E-2 4.3488E-2 4.56133E-2 7.23488E-2 5.15143E-2 6.59338E-2 3.94113E-3 -9999 -9999 -9999 -9999 -9999 -9999 -9999 -9999 -9999 -9999 -9999 -9999 -9999 -9999 -9999 -9999 -9999 -9999 -9999 -9999 -9999 -9999 -9999 -9999 -9999 -9999 -9999 -9999 -9999 -9999 -9999
2.25747E-1 1.86753E-1 2.14626E-1 2.66595E-1 2.68664E-1 2.65878E-1 8.30763E-3 4.70738E-4 3.78349E-2 7.52668E-5 2.27687E-2 7.81015E-5 4.05697E-5 2.7879E-3 2.78574E-4 8.27326E-4 7.96319E-4 2.81561E-4 8.00111E-3 5.93622E-3 3.4476E-2 5.29426E-2 5.71029E-2 1.63703E-2 4.21789E-3 3.20142E-3 7.27525E-3 9.87021E-4 2.54338E-3 1.40141E-3 -9999 -9999 -9999 -9999 -9999 -9999 -9999 -9999 -9999 -9999 -9999 -9999 -9999 -9999 -9999 -9999 -9999 -9999 -9999 -9999 -9999 -9999 -9999 -9999 -9999 -9999 -9999 -9999 -9999 -9999
9.21348E-3 1.51179E-2 1.82522E-2 1.72221E-2 3.09507E-2 2.97501E-1 7.76763E-3 1.05652E-2 1.98529E-4 2.43263E-5 8.69473E-3 8.97256E-3 2.11713E-5 2.9538E-3 9.31382E-2 5.9307E-4 6.16828E-4 2.00977E-3 2.74406E-3 6.95916E-3 5.14664E-3 2.62034E-2 2.42167E-2 3.92351E-2 1.58698E-2 2.53874E-3 1.48737E-3 2.84538E-3 7.36111E-4 1.92475E-3 9.86874E-3 -9999 -9999 -9999 -9999 -9999 -9999 -9999 -9999 -9999 -9999 -9999 -9999 -9999 -9999 -9999 -9999 -9999 -9999 -9999 -9999 -9999 -9999 -9999 -9999 -9999 -9999 -9999 -9999 -9999
8.1631E-3 1.50376E-2 1.99482E-2 3.59489E-2 1.5454E-2 2.80473E-1 3.20915E-1 4.02224E-3 7.34481E-2 4.10932E-4 6.52997E-5 2.1704E-2 1.45147E-2 2.43788E-2 9.3907E-3 4.11616E-2 1.08324E-1 9.56158E-4 3.78125E-3 2.46395E-4 2.41941E-3 9.70631E-3 7.93537E-3 3.70705E-3 1.2651E-2 7.31164E-3 1.57116E-3 1.52761E-3 1.89533E-3 3.54982E-4 7.85251E-3 4.36214E-2 -9999 -9999 -9999 -9999 -9999 -9999 -9999 -9999 -9999 -9999 -9999 -9999 -9999 -9999 -9999 -9999 -9999 -9999 -9999 -9999 -9999 -9999 -9999 -9999 -9999 -9999 -9999 -9999
4.5957E-2 2.62034E-2 1.46762E-2 6.75284E-2 1.90007E-2 3.23119E-2 2.0359E0 4.99343E-2 1.29443E-3 2.17463E-2 7.658E-4 6.02819E-2 3.98042E-2 2.98592E-4 2.47761E-1 5.25298E-2 3.40659E-2 7.23642E-4 9.8871E-4 4.03287E-4 2.74949E-3 4.06185E-3 6.95454E-3 1.63649E-3 4.59115E-3 1.69645E-2 3.62317E-3 4.22182E-3 1.30357E-2 3.35914E-3 7.57236E-4 8.96024E-3 7.02663E-2 -9999 -9999 -9999 -9999 -9999 -9999 -9999 -9999 -9999 -9999 -9999 -9999 -9999 -9999 -9999 -9999 -9999 -9999 -9999 -9999 -9999 -9999 -9999 -9999 -9999 -9999 -9999
1.04338E-2 7.70409E-2 1.30564E-1 3.13177E-2 2.25017E-2 3.52928E-1 2.05692E0 4.60457E-2 8.28241E-3 1.64748E-3 4.87065E-3 1.13426E-1 9.78185E-2 2.20938E-2 5.50398E-2 1.52358E-1 6.44356E-2 5.2606E-2 2.19643E-4 2.47921E-4 9.89215E-5 7.31873E-4 1.58076E-3 7.28695E-4 2.03003E-3 8.74436E-3 3.73959E-3 1.49351E-3 1.12649E-3 1.2131E-2 3.34839E-3 3.23924E-3 4.95509E-3 1.62785E-2 -9999 -9999 -9999 -9999 -9999 -9999 -9999 -9999 -9999 -9999 -9999 -9999 -9999 -9999 -9999 -9999 -9999 -9999 -9999 -9999 -9999 -9999 -9999 -9999 -9999 -9999
5.93848E-2 4.12654E-2 5.85166E0 6.18833E0 3.49005E-1 6.34558E-2 2.4496E-2 1.87204E0 3.34643E-2 9.87176E-3 9.43759E-1 1.12952E0 8.6422E-1 9.76809E-2 3.16959E-2 9.59249E-4 2.31487E-2 1.91825E-2 6.59278E-5 1.20234E-4 1.08159E-4 4.00349E-5 2.33418E-4 7.17919E-4 2.6051E-4 2.56776E-3 2.32839E-2 2.91056E-2 1.51448E-3 1.93147E-3 1.6473E-2 1.30569E-3 1.61874E-2 1.23094E-2 -9999 -9999 -9999 -9999 -9999 -9999 -9999 -9999 -9999 -9999 -9999 -9999 -9999 -9999 -9999 -9999 -9999 -9999 -9999 -9999 -9999 -9999 -9999 -9999 -9999 -9999
5.10484E-2 4.0029E0 1.78011E-1 6.76127E-1 3.47755E-2 1.98358E-2 2.83186E-2 1.02006E-1 1.44309E0 1.09461E0 6.84706E-3 6.62086E-3 2.88229E-3 1.23193E-1 1.02524E-2 6.59946E-4 4.2141E-2 1.29139E-2 1.87231E-2 1.54979E-2 1.15051E-5 2.18432E-4 1.58538E-4 9.02332E-5 3.73436E-4 1.0624E-3 2.09368E-3 1.8185E-2 3.9475E-2 7.76526E-2 7.20225E-2 1.09362E-2 5.8823E-3 3.93457E-3 4.40765E-3 -9999 -9999 -9999 -9999 -9999 -9999 -9999 -9999 -9999 -9999 -9999 -9999 -9999 -9999 -9999 -9999 -9999 -9999 -9999 -9999 -9999 -9999 -9999 -9999 -9999
