outputallcorrectTI_nofloodareas_nofloodcontrols_verynarrow_STATUSquo/flood.asc
ncols         319
nrows         495
xllcorner     219017.22331753
yllcorner     4610852.5305323
cellsize      500.0
NODATA_value  -9999
[rows 243 to 269 of 495, columns 120 to 179 of 319]
2.83455E1 1.19695E1 8.08506E0 9.3831E-1 6.99234E0 4.30524E1 1.62135E0 3.74157E0 9.11022E-1 1.93908E0 7.03553E-1 3.19874E0 6.1013E0 9.10515E0 1.66771E0 1.06665E1 3.66348E0 2.60974E1 6.62911E0 4.86544E0 9.26625E0 6.85896E1 1.75913E1 4.50007E0 1.21112E0 2.43745E0 4.6566E0 1.08355E1 8.35007E0 9.46398E0 3.37357E0 1.01535E0 2.19398E0 7.71624E-1 8.36421E0 5.02636E1 3.26046E1 3.13804E1 2.51447E1 3.2635E0 3.07644E0 7.61194E-1 4.06476E-2 7.81137E-3 1.20385E-1 6.37719E-2 1.61065E-1 3.50507E-1 7.96024E-2 1.25452E-2 3.34687E-2 1.44206E-1 1.18715E-1 1.81425E0 6.31202E0 2.85028E1 9.97921E-1 1.41798E1 6.62605E0 8.40945E-1
5.57716E-1 3.14894E1 1.30964E1 1.27559E1 4.52966E1 1.18492E1 4.1637E0 3.51182E0 4.2916E0 3.27546E0 7.46135E-1 2.37714E0 5.5299E0 8.31662E0 5.74796E0 5.43302E0 3.02355E0 5.78911E0 4.56218E1 5.58124E0 3.89374E0 8.57914E0 7.37064E1 1.03335E1 7.79849E0 1.15704E0 1.88903E0 2.82117E0 6.08138E0 7.74281E0 1.87848E0 1.63397E0 8.28067E-1 1.60274E0 2.18041E1 4.57792E1 8.87166E0 8.32653E0 3.3399E1 2.6991E1 1.01828E0 3.97699E0 7.10112E-2 2.0735E-2 1.09817E-1 3.13707E-1 1.27575E-1 2.97105E-2 1.33981E-1 3.24813E-2 7.48325E-3 2.96295E-2 8.23465E-2 1.34907E-1 5.44726E0 2.01698E0 6.90654E0 8.2469E0 1.41395E1 8.46351E0
2.52347E0 6.41726E-1 1.41952E1 7.73224E1 7.94525E-1 8.83061E-1 1.27093E1 3.51187E0 6.51753E-1 6.52361E-1 4.41396E-1 3.38735E0 3.85922E0 2.94489E0 7.09116E0 1.2215E1 2.18594E1 1.11209E1 2.05908E0 4.42154E0 2.3735E0 6.05393E0 1.36777E1 6.51011E1 1.34236E1 1.97188E0 1.32461E0 1.62274E0 9.53934E0 5.32128E0 2.41429E0 5.14487E0 1.13011E1 7.30716E0 1.17544E1 4.30762E1 4.26734E0 9.78975E0 1.50184E1 1.15941E1 2.68335E1 3.35448E0 4.58187E-1 3.40313E-2 1.35284E-2 6.94968E-2 1.31297E-1 1.03384E-1 1.40695E-1 1.15636E-2 4.20979E-3 2.27535E-2 9.01973E-2 1.30506E0 2.93516E0 2.67198E0 1.29759E0 2.99327E1 3.178E1 3.43892E1
9.52854E-1 8.20718E-1 8.26669E1 3.53472E0 6.79481E-1 5.2307E-1 5.99518E-1 3.86242E1 3.30383E0 1.67355E0 1.04583E0 5.98097E-1 2.37698E0 1.50212E0 3.96192E-1 2.75629E0 1.10527E1 1.20818E1 3.26375E0 1.48698E0 2.16666E0 1.89712E0 3.68995E0 5.68253E1 7.73883E0 1.75818E0 9.78589E-1 1.06156E0 1.1094E1 1.24336E1 5.43284E0 4.51822E0 2.15598E1 2.75899E1 4.78937E1 1.42563E0 4.38411E0 1.02662E1 1.21332E1 3.88808E0 7.48154E0 1.99405E0 6.80314E-1 5.08837E-2 2.05292E-2 1.65477E-1 1.63708E-2 1.84631E-1 1.44258E-1 1.50714E-1 4.2083E-3 2.66672E-2 8.73188E-2 1.00178E0 4.77346E-1 9.66662E-1 1.08246E0 9.96208E0 8.23672E0 9.91981E0
7.39952E1 5.1113E1 1.0287E0 7.04241E0 1.87266E0 7.42683E-1 9.70831E-1 1.53799E0 8.17005E0 2.6086E0 1.7216E0 5.6091E-1 1.00236E-1 3.49395E-1 8.29725E-1 6.25044E0 1.12756E1 1.20122E1 5.98113E0 3.86157E0 4.58086E0 2.9278E0 4.08255E0 2.82484E1 6.21072E1 1.06725E0 7.96076E-1 4.23739E0 1.99722E1 2.48742E1 6.49178E0 6.23812E0 9.89079E0 5.09821E1 8.00703E0 9.73368E0 5.51472E0 6.14761E0 7.0293E0 3.94382E1 3.08713E1 5.91262E0 4.56148E0 2.49664E0 2.10687E-1 2.11023E-2 1.73679E-1 1.01571E-1 1.96489E-2 1.16223E-1 5.84566E-3 6.21253E-3 3.7346E-2 5.79636E-1 3.08239E0 2.58218E0 2.38275E1 2.47749E1 2.74188E1 3.30272E1
3.96194E-1 2.56864E1 4.83834E-1 2.71942E0 1.4551E0 5.79602E-1 1.44255E0 4.0039E-1 6.2699E0 9.95256E-1 4.68198E-1 5.66541E-1 8.87658E-2 5.89248E-2 2.79698E-1 8.47808E-1 4.2336E0 3.50692E0 3.73093E1 7.69003E-1 1.0431E0 1.04261E1 1.17449E1 4.87564E0 2.58993E1 6.15709E1 3.30258E0 5.28218E0 3.00168E1 1.1814E0 1.00842E1 5.85885E0 8.48744E0 5.38366E1 2.68266E1 6.77199E0 5.00499E0 7.66621E0 3.47433E1 1.77585E0 1.30305E0 1.00216E0 1.09032E0 3.1523E-1 3.31631E-2 3.48469E-2 7.96866E-2 3.9975E-2 1.26468E-2 4.99154E-3 4.10638E-3 8.89253E-3 4.46649E-2 7.37048E-1 8.2199E-1 7.95109E0 8.03895E0 1.67015E0 9.2386E0 9.36081E0
7.91711E-1 8.4992E0 3.593E-1 4.59948E-1 2.4085E0 7.09638E-1 3.75573E-1 3.12261E-1 8.66878E-1 5.87926E0 9.66843E-1 6.58966E-1 8.12896E-2 9.82795E-2 3.08562E0 4.69904E-1 5.46065E-1 3.00235E0 5.37739E1 4.65269E0 4.60221E0 5.91773E-1 5.64778E-1 3.94731E0 3.50139E0 2.86522E0 6.45983E1 6.31561E1 5.8576E1 5.73519E1 3.52627E0 2.3354E0 4.96466E1 1.17123E1 1.14364E1 7.52265E0 1.13544E1 4.89551E1 1.35408E1 2.861E0 1.23336E0 6.70468E0 8.84309E0 1.97286E0 8.36245E-1 1.72586E-2 7.10409E-2 1.71243E-1 1.05835E-1 2.91027E-2 1.08251E-1 3.1966E-2 3.23808E-2 1.56846E0 6.39411E-1 8.46033E0 2.06144E1 2.417E1 2.63746E1 3.34825E1
5.54263E-1 8.87456E0 3.33617E-1 1.66419E0 6.14988E-1 3.83323E0 7.34866E-2 3.11324E-1 4.26427E-1 2.53037E1 1.11113E1 2.04571E0 8.03475E-2 1.00743E-1 5.92014E-2 6.14948E-2 3.34304E-1 3.95224E0 1.26936E1 1.36638E1 8.99607E-1 8.74172E-1 8.14551E-1 1.11002E0 9.23705E-1 3.6252E0 2.55485E1 3.34095E1 2.04812E1 1.49972E1 6.18085E1 6.00717E1 5.88914E1 5.93301E1 5.83557E1 5.61268E1 5.02677E1 1.89709E1 1.15455E1 1.33223E1 1.37455E1 4.27137E0 1.16262E0 2.82751E-1 3.7398E-2 6.48229E-2 1.96006E-1 6.35519E-2 1.56706E-2 5.6018E-1 2.8335E-2 5.77772E-2 5.71718E-1 2.4565E0 2.18686E1 1.42989E0 7.55067E0 4.10098E1 3.11263E1 1.73238E1
2.96915E-1 8.22923E0 5.8883E-1 1.11652E-1 2.8481E-1 2.46901E-1 7.90496E-2 6.44204E-2 8.28902E0 1.73794E1 9.06946E-2 2.70254E-1 9.19896E-2 2.20868E-1 2.65162E-1 2.61359E-1 6.14094E-2 7.00755E-1 3.40283E0 3.79931E1 7.26323E0 8.87526E-1 7.8685E-1 5.9163E-1 4.28889E0 1.56891E1 8.71903E0 2.93671E1 7.9595E0 9.43392E0 3.86839E1 1.77083E0 6.85969E0 3.99095E1 8.61882E0 5.05768E0 3.58434E0 5.5984E0 3.73581E0 3.37186E0 1.26592E0 1.52027E1 2.98582E0 8.48763E-1 1.01237E-1 4.65133E-2 1.68418E-1 7.26704E-2 1.01427E-1 1.08084E-1 1.7232E-1 1.81742E0 1.84134E1 1.92795E1 2.4296E1 2.62003E1 3.01782E1 4.61017E0 5.20145E0 6.5147E0
4.09444E-2 4.2148E-2 2.08048E0 1.59489E0 1.71642E-1 4.29445E-1 3.39074E-1 2.41375E-1 1.75827E-1 2.09652E0 1.05391E0 8.99555E-2 1.54135E-1 2.32468E-1 9.70879E-2 5.12925E-1 1.55791E0 1.38747E0 9.64461E-1 9.81773E0 5.26226E0 7.78207E0 8.17836E-1 1.09987E0 4.61808E0 4.86243E0 1.67714E1 2.10403E0 1.20828E1 2.73071E1 1.30521E0 4.15847E0 7.81005E0 8.87863E0 4.29291E1 8.29616E0 8.84645E-1 5.21117E0 4.07589E0 6.91448E0 1.07068E1 2.34419E1 2.65152E0 1.02859E0 5.3812E-2 4.39292E-2 3.04576E-2 4.42922E-2 3.04679E-2 2.1194E-2 1.48854E-1 3.99918E-1 1.2593E-1 2.95364E0 1.34427E1 2.78319E1 5.44545E0 6.04663E-1 5.71075E-1 1.14824E0
2.88351E-2 2.17974E-2 2.69241E-2 3.57675E-1 1.19224E-1 4.59205E-1 1.62309E-1 7.07707E-1 1.16525E-1 1.33197E0 1.12598E-1 1.12881E-1 8.27072E-2 6.07465E-1 1.13155E0 6.08468E0 7.12628E-1 2.49239E0 4.05369E0 8.648E0 4.34233E0 1.10622E1 1.62696E1 9.11582E-1 5.95999E-1 2.63171E0 1.16161E0 4.9429E0 2.54186E1 5.34838E0 3.95506E0 4.17119E0 4.50873E0 1.29975E1 4.10122E1 1.20658E1 5.43085E0 7.5511E0 4.63499E0 1.55693E1 9.62326E0 7.80738E0 5.66472E0 2.79383E0 1.26834E0 1.59351E-2 1.82081E-1 1.92324E-1 6.36312E-2 1.22934E-1 1.34085E-1 3.33261E0 6.43737E-1 4.45669E0 1.48829E0 3.61414E1 6.89946E0 1.01716E0 1.9165E0 6.55655E-1
3.55094E-2 2.28887E-2 1.12797E-1 1.00547E-1 4.73146E-2 2.06906E-1 6.48004E-1 4.22337E-1 4.22418E-1 1.07482E0 3.67556E-1 1.46087E-1 3.87838E-1 3.76215E-1 1.92945E1 5.39512E0 7.52159E0 7.73782E0 6.42606E0 1.32193E0 4.61786E0 6.43601E0 9.17823E0 9.56178E-1 6.22189E-1 2.78902E0 4.82472E0 2.55023E0 8.82897E0 1.01763E1 1.02853E0 1.8874E0 5.16187E0 9.7188E0 3.5039E1 3.39119E1 1.3732E0 1.09858E0 4.11304E0 8.39052E0 2.94344E1 1.04631E0 7.82019E-1 2.62305E-1 1.93283E-1 7.74724E-1 1.77241E-2 6.85752E-2 1.31962E-1 4.55058E-2 4.75672E-2 8.139E-1 4.68156E0 5.23839E0 3.99001E0 1.91636E1 1.78332E0 7.63434E0 6.04011E-1 4.24493E-1
3.95274E-2 2.42201E-2 7.78838E-2 4.26691E-2 3.50909E-2 6.26833E-2 3.93719E-1 1.92336E1 6.05094E0 3.13583E-1 2.88813E-1 3.84832E-1 2.63612E-1 5.72883E0 2.44028E0 3.32013E0 2.41319E1 1.06936E0 8.27793E0 3.25939E0 8.34599E-1 9.0026E-1 1.36478E0 1.65256E1 5.2808E0 9.08104E-1 3.60683E0 7.99714E0 2.62947E1 6.86452E0 3.16467E0 1.03157E1 1.16512E0 2.08093E1 1.34798E1 3.02325E1 1.48022E0 4.24968E0 5.7031E0 1.00825E0 9.61309E0 3.57447E0 7.80025E-1 3.33047E-2 5.34952E-2 1.78849E-1 4.72106E-2 6.30716E-2 3.27754E-2 1.68422E-1 6.56672E-2 2.6678E0 3.08758E-1 1.00147E0 4.81829E-1 2.15146E0 5.96342E-1 1.07262E1 3.42654E0 9.14779E-2
1.51946E-2 2.20677E-2 2.82816E-2 7.58272E-2 2.8318E-2 3.18489E-2 8.46716E-1 3.22552E-1 3.37097E0 1.65706E0 6.55093E0 9.37852E-2 2.62217E-1 8.63129E-2 7.76848E0 8.92481E0 4.07311E0 6.93624E-1 7.24977E0 3.57038E0 2.93163E0 3.06554E0 5.12189E0 8.25651E0 6.888E0 8.36509E0 5.91735E-1 3.15266E0 7.68723E0 3.22438E1 1.38358E0 5.86434E0 1.8822E1 6.71836E0 1.65911E1 4.49102E0 2.3942E0 5.50897E0 7.06411E0 1.04142E0 9.5606E0 1.21937E1 2.17432E0 8.35538E-2 8.16823E-2 7.70595E-2 7.71705E-2 5.18846E-2 2.79839E-2 8.91131E-2 2.60253E0 3.06194E0 4.28749E-2 1.24505E-1 6.70163E-2 2.02201E0 5.46424E-1 9.54976E0 1.88308E0 2.54139E0
9.95544E-3 2.74331E-2 2.06978E-2 3.43852E-2 5.52883E-1 2.12481E-1 1.98284E-1 3.94652E-1 6.67006E0 2.58443E1 7.08804E-1 6.41402E-1 5.44503E-1 2.78313E0 5.99428E-1 1.10048E1 2.12578E0 3.81899E-1 2.02847E0 6.26331E0 1.03148E1 2.78439E1 5.23486E0 1.27228E1 1.61718E1 1.81642E1 5.12204E0 8.42684E-1 3.98073E0 6.96591E0 5.25334E0 6.27015E0 2.34102E1 3.9297E0 9.52808E0 2.08929E0 7.53219E-1 1.30536E1 1.11926E1 9.8523E0 4.475E1 4.11335E0 3.12939E-2 1.61182E-2 6.40046E-2 8.90436E-2 4.53576E-2 2.33817E-1 9.87846E-2 1.724E-1 3.49924E0 8.21985E-1 2.63964E-2 1.03461E-1 2.66378E-2 2.6336E0 1.24154E-1 1.75851E1 5.0734E-2 8.13002E-2
5.69205E-2 3.70996E-2 1.36675E-1 1.04804E-1 1.50614E-1 6.52253E-2 1.61562E-1 2.14125E-1 7.73156E-2 3.7769E0 8.53207E-1 7.2811E-1 1.49535E0 1.08345E0 5.5376E-1 7.57594E-1 3.85007E-1 4.75153E-2 5.93309E-1 3.15983E-1 8.62075E-1 8.00718E-1 2.04619E0 1.11934E0 4.62871E0 1.33595E1 4.22128E0 6.30789E0 2.28901E1 1.23811E1 3.08724E0 2.06812E0 8.96543E0 3.34187E0 7.64303E-1 8.6776E0 1.20825E0 9.79919E-1 9.19194E0 1.81189E1 4.58501E1 4.62049E0 2.75343E-1 4.20183E-2 1.85253E-2 1.34488E-1 4.06173E-2 2.39577E-2 2.1662E-1 9.00856E-1 1.05279E-1 4.20587E0 2.82792E-2 1.10689E-1 9.2416E-2 2.65038E-1 2.52271E-1 8.01464E0 2.31548E-1 2.50029E-2
3.64597E-2 4.87578E-2 2.34919E-2 9.78023E-2 1.05217E-1 8.17614E-2 1.50784E-1 1.51545E-1 2.91633E0 2.55813E1 9.45081E-1 9.67211E-1 3.7378E0 1.32818E0 4.54677E-1 1.32537E-1 1.1605E-1 1.54409E-1 1.06677E-1 1.12812E-1 1.12309E-1 9.69422E-2 8.56808E-1 6.58924E0 5.48851E0 1.62581E1 7.5033E-1 2.92778E1 1.10287E1 1.05797E1 1.06322E1 5.84832E0 1.228E0 1.31529E0 1.04125E0 9.26548E-1 9.91959E-1 1.07112E0 1.59494E0 2.4132E0 4.66154E1 1.58484E1 2.33959E0 4.5605E-2 1.44462E-1 3.10222E-1 4.06079E-1 3.06481E-1 3.47444E-1 2.55628E-1 5.87519E-2 2.74079E-1 1.00445E-1 4.17993E-2 4.3361E-2 1.09687E-1 4.63572E-1 1.47654E-1 1.21951E-1 2.18695E-1
1.27085E-2 3.32106E-2 2.26563E-2 1.5897E-2 5.69719E-2 3.2913E-2 9.6237E-2 7.93689E-1 1.83904E0 3.29127E1 7.06696E0 1.52241E0 2.54583E1 1.53695E0 4.28948E-1 9.54025E-2 6.79703E0 7.71254E-2 8.47599E-2 2.6879E0 3.6031E0 7.96228E-1 5.16692E-1 9.21531E0 1.27037E1 6.58893E0 1.29221E1 9.70639E0 3.54494E1 1.16142E1 7.85249E0 2.08647E1 2.22995E1 2.30424E1 2.11359E0 2.37193E1 9.08351E-1 9.09096E-1 5.23478E0 1.67185E0 4.31197E1 2.35576E1 3.65899E0 3.80262E-2 1.40203E-1 4.25047E-1 2.04066E-1 3.06113E-2 1.62139E-1 1.64401E-1 5.96196E-2 1.84762E-1 5.11949E-2 1.0882E-1 4.29426E-2 1.07588E-1 2.05015E-1 2.29607E-1 1.32566E-2 2.23234E-1
3.29485E-2 9.07883E-3 1.54015E-2 1.1406E-2 1.35774E-2 5.06278E-2 1.32533E-1 2.18372E0 2.47181E0 9.60962E-1 1.80918E1 9.23069E0 1.44503E0 1.2878E0 6.63819E-1 4.70713E-1 1.09308E1 2.66053E0 5.09584E0 6.8284E-1 2.26693E0 6.31875E0 3.75069E0 4.012E0 3.79733E0 4.29938E0 1.49434E1 7.09994E0 1.86201E0 2.77879E1 3.09732E1 2.42391E1 1.79375E1 9.13399E0 4.10533E0 2.57609E0 1.31002E1 1.28724E1 1.38441E0 3.98208E0 4.24681E1 9.01183E0 9.0034E-1 1.05858E-1 5.67442E-2 6.98191E-2 4.77747E-2 1.32071E-1 4.40224E-2 3.72232E-1 3.66156E-2 6.92919E-2 7.89656E-2 5.46604E-2 5.89672E-2 5.57088E-1 8.21114E-2 1.67665E-2 2.08063E-1 1.86805E-1
1.05825E-1 5.54551E-2 6.5752E-3 7.28958E-3 2.27358E-2 2.6326E-1 2.07036E-1 7.01973E-2 7.49531E-2 4.97039E0 1.51687E0 8.57778E0 7.50528E0 5.47418E0 2.18834E1 4.65901E0 4.83433E0 1.3343E1 4.72577E0 1.91984E1 6.82973E-1 4.36531E0 6.4276E-1 1.76342E1 1.08605E1 4.10232E0 5.67602E0 6.09073E0 7.48542E0 1.25637E1 9.37656E0 1.39799E1 7.21991E0 1.56739E0 1.59918E1 7.9017E0 4.75657E0 7.7228E0 5.99528E0 2.43514E1 3.71706E1 3.57963E0 2.49578E-2 2.12984E-2 1.96348E-2 4.59152E-1 6.35003E-2 2.11814E-2 2.44196E-2 8.55189E-2 6.70307E-2 4.98145E-2 5.14418E-2 4.41614E-2 1.13615E-1 4.13507E0 8.05107E-2 1.20174E-1 6.76779E-2 9.73289E-2
2.20727E-1 6.96349E-2 7.09573E-3 1.19637E-1 1.46552E-1 8.61561E-2 2.23518E-1 9.44697E-2 6.47269E-2 5.58962E0 1.67134E0 6.67818E0 1.99169E0 8.52698E0 1.59972E1 1.67041E0 1.97934E0 9.21438E0 7.19072E0 5.58953E0 2.06612E1 1.26294E1 6.01553E-1 1.5557E1 6.78596E0 1.98165E0 8.2502E0 9.76482E0 7.15223E0 7.00041E0 1.18894E1 1.2856E1 9.03464E0 1.1267E1 1.17055E1 5.13595E0 2.71803E0 1.89532E1 9.7589E0 2.99993E1 2.18116E1 2.68528E1 6.99088E-1 6.92564E-2 4.68072E-2 1.79689E-1 2.70844E-2 2.49525E-2 5.59036E-2 1.26631E-1 1.18705E-1 1.45845E-2 9.70448E-2 6.43728E-2 4.92968E0 4.7429E0 1.32264E-1 3.74041E-2 5.45488E-3 3.99412E-2
1.05388E-1 2.21853E-2 2.4874E-2 1.29513E-2 1.23641E-1 2.34138E-2 1.03444E-1 4.97039E-2 6.23422E-1 1.91452E0 2.38337E1 2.47692E1 4.64603E1 9.75384E0 8.4576E0 1.04459E1 1.69082E0 1.53094E0 2.78932E1 4.91729E0 1.01113E0 1.69526E0 6.71106E0 2.18987E1 7.43426E0 5.14257E0 5.36123E0 8.59852E0 5.62916E0 1.46043E1 1.93959E1 1.2738E1 1.09753E1 9.1254E0 6.13586E0 1.80378E1 1.49452E1 8.3238E0 3.2574E0 7.30929E0 1.3056E1 2.69066E1 1.51785E0 1.15498E-1 9.30884E-2 3.85998E-2 2.06155E-1 2.12008E-1 3.80299E-2 3.54469E-2 1.61274E-1 1.32074E-2 6.13519E-2 4.15573E0 1.20726E1 5.88955E-1 3.95966E-2 3.28584E-2 6.8543E-3 1.33788E-2
5.93647E-1 2.76993E-2 1.67238E-2 1.2522E-2 5.61007E-2 1.79901E-2 1.86012E-2 3.17384E-2 1.4265E0 2.70604E0 8.06815E-1 9.36213E-1 1.00312E1 1.08073E0 2.1029E0 6.83245E0 5.10351E0 4.76271E0 6.21882E-1 1.37854E0 7.56094E-1 7.41983E0 7.39634E0 1.21276E0 2.19953E1 6.36365E0 2.42502E1 5.13265E0 4.93848E0 2.32807E1 6.08209E0 1.19709E1 1.14786E1 1.13833E1 1.05348E1 5.28098E0 7.71667E-1 1.04277E1 2.68804E1 5.64217E0 9.7411E0 2.51637E1 1.55659E0 2.29365E-1 1.05855E-1 1.72192E-2 1.76314E-1 5.37703E-2 5.32548E-2 5.99425E-2 2.47094E-2 1.11298E-1 1.8746E0 1.02201E-1 1.18695E1 7.15098E-1 6.66162E-2 1.10206E-2 1.21232E-2 4.45039E-3
1.01377E0 9.30052E-2 1.3359E-1 7.96931E-2 1.37592E-1 1.03612E-2 3.70407E-2 1.2651E-1 5.22607E-2 6.18473E0 1.34339E1 3.31052E0 2.07281E1 8.32249E0 5.76523E0 5.64876E0 6.93921E0 5.72582E-1 6.33946E-1 7.47957E0 4.15575E0 1.8025E1 1.00233E0 8.0432E0 6.89108E0 2.84236E1 8.43103E0 1.07408E1 6.19379E0 2.62492E1 6.68947E0 6.15789E0 2.31148E1 7.24656E0 6.62458E0 9.22332E-1 6.04751E0 8.5411E-1 2.57662E1 7.45315E-1 6.15097E0 2.26477E1 3.69566E0 1.41211E-1 2.47322E-2 6.00459E-2 1.37813E-1 1.63661E-2 2.86362E-2 1.49781E-1 4.07186E-2 1.29517E-2 5.20152E-2 5.67689E0 5.70342E0 1.06438E0 1.59705E0 1.47457E-1 1.27678E-1 2.40454E-2
2.95399E1 3.18177E0 3.84079E-2 2.83377E-2 2.08707E-2 1.13034E-2 5.75641E-2 2.57268E-2 6.95262E-2 1.10731E0 2.35642E0 3.75737E0 1.02899E0 4.2369E1 5.31837E0 4.52424E0 2.84982E1 4.57513E0 7.6868E0 6.72401E0 2.73559E1 1.15468E1 1.02044E1 1.56005E1 8.31314E0 2.87031E1 1.94852E1 9.46442E0 2.11132E1 3.13784E1 1.12816E1 4.54175E0 3.16022E0 3.25823E0 7.03656E0 3.17009E0 5.02401E0 1.14637E1 2.6116E1 4.59392E0 8.13093E-1 3.62224E0 3.74704E-1 9.89059E-2 1.98592E-1 1.55596E-2 1.1854E-2 1.36698E-2 3.18031E-1 1.6849E-1 9.49576E-3 2.63398E-2 2.55042E-2 1.09352E-1 5.24447E0 2.60144E0 3.06012E-1 2.46768E-2 1.75153E-2 4.18858E-2
1.53809E1 1.17674E0 4.8375E-2 4.47069E-2 2.01568E-2 3.31029E-2 1.67389E-2 2.1305E-2 1.05618E-1 4.30969E-2 9.10804E-1 2.71795E0 5.41995E0 4.48293E1 1.60899E0 5.43018E0 3.52198E1 3.04035E1 3.83058E1 2.73134E1 1.41832E1 9.26418E-1 2.50267E1 1.13936E1 8.13697E0 3.07992E1 2.51329E1 2.2347E1 2.69045E1 1.8252E0 1.52331E0 2.30767E0 2.821E1 6.9575E0 8.30827E-1 4.72707E0 1.23319E0 1.3278E1 2.97314E1 9.87238E0 3.65593E0 3.83252E0 2.17463E0 1.81568E-1 1.53859E-1 1.66794E-1 6.97802E-1 1.19288E-1 2.68792E-2 1.43464E-1 1.94477E-1 9.80749E-2 2.97228E-1 2.14646E-1 2.91837E0 4.73717E0 5.77762E-1 3.931E-2 1.71019E-2 6.80055E-3
1.45371E0 5.48196E0 1.08545E-1 2.06711E-2 2.70932E-2 1.92836E-2 1.54728E-2 4.37E-2 5.6356E-2 1.15834E-1 5.52572E-2 5.82388E-1 7.87294E-1 4.77368E0 8.49182E0 4.01957E1 2.31357E0 1.76296E0 1.04502E0 1.34336E1 8.04153E0 9.85538E0 2.60689E1 4.1268E0 7.13615E0 2.55887E1 3.24909E1 2.92421E1 2.18345E1 2.03642E1 1.99035E0 7.45846E-1 7.39234E-1 8.0114E0 1.06677E1 1.23785E0 1.14374E0 3.66317E0 1.0927E1 1.60767E1 1.01852E0 1.04566E0 3.14163E-1 1.8184E-2 8.92796E-3 1.00409E-2 2.28967E-2 1.92839E-2 3.37491E-2 1.14278E-1 2.48401E-1 1.52262E-2 1.72943E-2 3.94223E-2 7.01085E-1 3.56155E0 3.6479E0 5.73005E-1 4.44403E-2 2.04971E-2
