outputallcorrectTI_nofloodareas_nofloodcontrols_BK90/flood.asc
ncols         319
nrows         495
xllcorner     219017.22331753
yllcorner     4610852.5305323
cellsize      500.0
NODATA_value  -9999
[rows 312 to 337 of 495, columns 180 to 239 of 319]
3.84883E-2 7.95349E-3 5.90179E-2 6.86383E-2 1.05745E0 3.94959E-2 6.2834E-2 1.04847E-2 1.20683E-1 4.68975E-3 4.54036E-2 6.65903E-2 1.60836E-1 6.30279E-1 7.96179E0 2.51533E1 2.2524E1 2.42773E1 2.58669E1 6.62537E1 9.64212E1 5.61868E1 2.58202E1 4.46803E1 6.44915E1 5.59922E1 4.10469E1 5.31145E1 5.96005E1 3.52745E1 1.89471E1 2.85074E-1 3.59038E-2 1.28419E-2 8.50547E-2 1.06222E-1 1.15086E-1 2.26582E-1 3.36749E-2 4.13193E-1 8.24685E-3 6.07472E-2 1.62112E-2 2.52706E-1 2.24762E-1 5.57772E-1 1.49791E-1 5.18649E-2 1.07102E-2 1.87686E-1 1.43645E-1 1.61266E-1 3.51835E-2 8.13947E-2 6.75684E-1 2.47901E-1 9.72496E-2 1.88331E-3 4.87644E-2 1.87432E-2
5.9421E-2 4.42549E-2 5.23663E-2 2.61532E-2 7.14471E-1 3.46398E-2 4.99106E-1 4.91463E-2 5.17205E-2 3.47812E-3 1.00185E-3 7.41711E-2 5.02499E-2 1.46089E-1 2.58536E0 1.71403E1 2.22074E1 3.05135E1 1.90866E1 4.69217E1 9.58906E1 4.41834E1 4.93402E1 3.50227E1 4.26413E1 4.69839E1 1.80356E1 2.75539E1 5.25233E1 4.95659E1 3.08843E-1 7.59922E-3 7.9002E-2 9.65607E-2 9.35722E-2 1.08105E-1 5.39082E-1 2.53712E-1 1.08251E-1 9.58469E-1 4.13177E-1 2.78884E-2 2.22088E-1 5.84055E-3 7.92073E-3 1.03352E-2 6.24063E-1 2.3343E-1 2.27621E-1 7.43985E-2 1.48806E-2 3.11824E-2 8.90893E-1 9.40004E-2 1.018E-1 6.1482E-2 3.35407E-1 3.23555E-1 2.82809E-1 3.02865E-1
3.53741E-2 1.02915E-2 1.22554E-2 3.48596E-2 8.28098E-1 2.61673E-1 6.16444E-1 5.56921E-2 1.11468E-1 1.2887E-2 1.38855E-2 1.2562E-2 1.13473E-1 1.42501E-1 6.0178E0 3.0093E1 5.68781E1 6.79197E1 5.95999E1 6.04068E1 2.4533E1 9.78794E1 2.33916E1 2.5856E1 5.06376E1 3.37387E1 5.19324E1 3.03706E1 4.57049E1 5.29819E1 6.83001E-1 6.30029E-3 2.01783E-2 5.92995E-1 4.04235E-1 4.05315E-2 5.42238E-2 8.48108E-1 1.05638E-1 3.74055E-1 6.36179E-3 1.82255E-2 3.87802E-1 2.35582E-1 6.49663E-1 6.49332E-1 9.66859E-2 8.95029E-3 1.12788E-2 8.1415E-2 6.66878E-2 1.18722E-1 2.55198E-2 6.2542E-2 1.13674E-1 8.79137E-2 6.53015E-2 7.86072E-2 6.42069E-3 3.3864E-1
5.52E-2 3.2755E-2 1.04236E-1 3.08E-2 5.04558E-1 6.00272E-2 3.81642E-2 2.94171E-1 3.5264E-2 3.61994E-2 1.8085E-1 1.37317E-2 4.73832E-2 1.42887E-1 6.12085E0 1.7619E1 2.27264E1 2.74183E1 6.03992E1 4.04066E1 6.69999E1 1.87697E1 9.65345E1 5.06578E1 5.11032E1 4.72195E1 3.56024E1 4.41189E1 1.75854E1 3.55977E1 3.98513E1 2.44654E0 2.47045E-1 4.16854E-1 8.79738E-2 3.8952E-1 9.20755E-2 2.73328E-2 1.44436E0 9.7365E-3 1.06365E-1 7.53216E-2 2.9915E-1 4.72577E-3 1.94201E-2 3.23521E-2 9.88279E-1 5.34708E-1 9.88156E-2 1.99053E-1 2.18545E-2 1.1712E-1 6.28813E-2 1.98853E-2 4.97992E-2 6.57122E-2 5.37001E-2 6.70762E-2 6.44305E-3 2.64461E-2
4.06686E-1 1.90159E-1 2.08409E-2 4.86671E-1 8.23565E-3 3.69463E-2 6.56261E-2 2.77351E-1 2.80264E-2 1.1313E-2 1.15889E-2 1.15883E-1 4.54037E-2 9.43907E-2 8.45011E-1 1.09651E1 6.31043E1 2.54415E1 6.25947E1 1.87656E1 3.13976E1 3.16064E1 4.17236E1 9.74225E1 9.96859E1 5.00899E1 2.34863E1 3.92505E1 1.43899E1 1.59731E1 1.80972E0 6.02652E-3 1.67295E-2 4.03561E-2 1.43936E-1 1.02792E-1 1.58312E-1 1.51515E0 1.14143E-1 4.89484E-1 3.63443E-1 3.1537E-1 2.62014E-2 5.35499E-3 1.22749E-2 3.7484E-2 3.5794E-1 6.35915E-2 2.80022E-1 7.28446E-2 1.01011E-1 2.20231E-2 1.91191E-1 5.8009E-3 1.88794E-2 8.94632E-2 1.81178E-2 2.50075E-1 2.16131E-1 2.67829E-1
7.73016E-3 9.16877E-3 3.06942E-2 4.78726E-1 5.5928E-3 8.43397E-3 2.87653E-2 4.78918E-2 2.54777E-2 5.77713E-2 2.62096E-3 2.51186E-2 7.97008E-2 1.06504E1 1.9167E1 1.06075E1 3.37135E1 6.52006E1 6.77889E1 1.50267E1 1.19563E1 1.98353E1 5.47029E1 4.18832E1 4.14747E1 1E2 4.74713E1 2.01445E1 9.87013E0 7.6444E0 2.1517E0 8.09559E-3 9.78541E-3 1.35173E-1 1.32816E-1 1.23933E-1 1.25479E-1 1.59555E0 6.84159E-1 2.17257E0 1.23657E-1 5.93535E-3 2.51538E-2 3.76147E-3 5.32358E-2 9.75385E-2 2.13187E-2 3.00175E-1 6.30345E-2 3.02007E-2 6.03282E-2 2.99435E-2 2.06591E-1 5.22913E-2 1.58619E-2 1.06772E-1 4.41764E-1 2.07503E-2 5.18691E-2 6.76211E-2
1.62148E-1 5.2197E-2 3.41679E-2 6.3729E-1 6.37701E-2 4.41136E-2 1.3356E-2 5.37327E-2 5.32211E-2 2.94511E-2 3.46454E-1 2.99716E-1 3.35916E-1 1.94208E1 6.7965E0 3.69936E0 1.91782E1 4.64353E1 5.94891E1 1.48876E1 2.57327E0 7.4817E0 5.7818E1 3.98337E1 2.43649E1 9.79771E1 5.04911E1 4.10929E1 3.33684E1 8.13764E0 3.37821E0 1.54032E0 5.05863E-2 1.27558E-1 1.56772E-1 5.64911E-1 4.07513E-1 1.72728E0 4.21893E-1 2.18842E0 5.69164E-1 2.02014E-1 1.77416E-1 5.98879E-2 5.60098E-3 1.16428E-1 2.80232E-1 4.9395E-2 2.3339E-2 5.57956E-2 1.01338E-2 6.27758E-2 2.50814E-1 5.33392E-2 3.83897E-2 5.2984E-2 7.5015E-2 5.06972E-2 1.0145E-2 8.40136E-4
4.11293E-3 8.39831E-3 5.66688E-1 2.33196E-2 1.99861E-1 1.82151E-1 1.32267E-2 6.52875E-2 5.9868E-2 6.54037E-2 4.70766E-2 1.81855E-2 1.12738E-1 1.02374E-2 1.30472E-1 4.79349E0 1.02388E1 3.09361E1 6.0039E1 2.07828E0 9.08888E0 8.86507E0 5.28173E1 1.06143E1 5.53862E1 2.63711E1 8.81036E1 1.82624E1 4.82795E1 1.00488E1 2.33177E0 1.82836E0 8.06412E0 1.32061E-2 2.19791E-2 8.19889E0 6.15403E-1 2.76425E0 7.60213E-1 2.11493E0 1.15777E-1 1.15229E-2 4.07308E-1 5.44926E-2 5.08834E-2 6.26273E-3 2.24745E-1 1.03964E-2 7.89766E-2 6.23331E-2 3.67303E-2 4.09565E-2 2.48394E-1 5.08788E-2 6.01094E-2 1.3076E-2 3.71671E-3 2.34275E-3 6.02464E-2 1.97818E-2
4.24467E-2 6.82975E-2 4.1932E-1 1.9611E-1 9.27084E-3 3.15944E-2 5.65351E-2 2.34824E-2 2.90291E-2 7.28321E-2 4.92582E-2 3.76988E-2 1.04148E-2 1.45329E-2 3.24406E-2 8.93607E0 1.7784E1 3.63381E1 6.30667E1 5.99032E1 4.61237E1 5.16196E1 4.11767E1 1.54737E1 5.1603E1 9.60394E0 2.81743E1 9.5996E1 6.58976E0 9.56849E0 1.00264E1 1.11464E1 1.07563E1 1.31947E0 4.22978E0 1.75689E1 2.82562E1 4.45764E1 3.78378E0 1.70538E0 5.03862E-1 4.73761E-1 1.14087E-1 6.95383E-3 5.01458E-3 2.26626E-1 3.18136E-2 8.98653E-3 5.90735E-2 2.393E-2 1.88244E-1 2.28338E-1 7.5748E-3 6.29942E-2 6.95282E-2 5.30611E-2 2.86938E-2 1.98809E-3 1.80645E-1 3.61701E-2
6.81092E-1 8.15849E-1 2.01084E-1 5.57522E-2 3.40995E-2 2.25428E-2 5.75576E-2 3.8431E-1 3.52844E-1 2.49947E-1 8.36712E-2 5.62738E-2 2.62592E-1 7.6959E-1 1.6988E1 3.19713E1 3.96139E1 5.90873E1 6.26388E1 2.06925E1 6.58686E1 4.18807E1 4.87227E1 2.03694E1 5.61457E1 5.60105E1 5.69328E1 5.08099E1 2.29009E1 1.50272E1 4.82845E1 4.68803E1 3.95158E1 3.03294E1 2.43502E1 2.40451E1 3.45441E-1 5.66631E-1 2.61821E0 1.7056E0 5.042E-1 3.80858E-1 3.66629E-1 1.14577E-1 2.66216E-1 5.97669E-2 6.31126E-3 4.27904E-3 2.43846E-3 5.79672E-2 2.45692E-1 4.04681E-3 4.42782E-2 7.39449E-2 5.16836E-2 7.94174E-2 2.12719E-2 1.94962E-1 8.12454E-3 9.89049E-3
1.24842E1 8.53072E-2 5.39249E-1 5.19306E-2 3.75845E-3 6.76576E-3 9.70598E-2 5.47904E-2 9.51716E-4 2.9905E-2 2.38853E-1 2.44914E-1 6.77313E-1 1.94453E-2 2.23846E-1 6.32126E0 1.53827E1 1.97392E1 3.91167E1 3.98256E1 3.35206E1 6.86102E1 5.39588E1 2.60817E1 4.2319E1 4.67282E1 9.80809E1 3.04341E1 7.11253E0 8.78357E0 1.68909E1 2.02461E0 1.17176E0 1.24865E1 1.28429E1 1.11324E1 2.39847E0 4.27348E-1 1.61952E-1 8.19566E-1 4.30111E-1 9.42361E-1 8.18384E-1 1.15208E0 2.07784E-1 7.07982E-3 5.5446E-3 3.54395E-2 3.49332E-1 4.47882E-1 3.47872E-2 8.22841E-3 1.69023E-2 3.68937E-3 2.30119E-2 2.37819E-2 3.86429E-2 5.69643E-1 6.69808E-3 3.19382E-3
6.5572E-3 7.94849E-2 1.20455E-1 2.08284E-1 4.66219E-2 5.32389E-3 4.02643E-2 3.19941E-2 4.49066E-2 1.94472E-2 8.15133E-4 2.54094E-1 1.19228E0 3.60677E-4 2.23015E-2 2.16997E0 1.42351E1 1.71161E1 2.52432E1 5.45517E1 3.62789E1 4.69314E1 6.85467E1 5.41074E1 5.67897E1 5.38624E1 6.13304E1 9.81283E1 1.34385E1 2.22085E1 9.19673E1 7.17408E1 1.09722E-1 3.70696E-1 1.8042E0 7.25455E-2 2.45841E-1 8.04143E-1 1.52781E-1 1.57049E-1 2.09859E0 1.10076E-1 7.61345E-2 1.49906E-1 1.40026E0 4.98478E-2 6.65708E-3 4.1292E-1 1.80442E-2 3.70957E-2 2.51014E-2 7.33768E-3 5.137E-2 1.62357E-2 5.64012E-2 7.68043E-2 2.13573E-1 2.49066E-1 4.63134E-2 3.67361E-2
2.49387E0 1.66475E-1 5.6683E-3 6.47371E-2 1.77794E-1 5.74001E-2 4.63087E-2 1.15152E-1 2.85154E-1 3.60152E-1 7.2831E-2 5.21804E-4 5.25918E-2 2.1484E-1 1.15044E-4 1.25349E-1 2.14146E0 5.05171E1 2.84095E1 5.48102E1 2.65626E1 2.41711E1 4.10887E1 6.77523E1 4.09594E1 2.44239E1 6.19023E1 5.27714E1 7.16596E1 8.19705E1 2.31336E0 6.47072E-1 5.42478E1 3.84388E-1 1.06223E1 1.74288E-2 1.98187E-2 5.01039E-1 7.76713E0 1.02853E0 5.1766E-2 7.0523E-3 3.06557E-2 2.09606E-2 3.06738E-2 6.04145E-1 3.6138E-1 8.95245E-3 2.08507E-1 2.39101E-1 2.06795E-1 6.95149E-2 1.09707E-1 6.12894E-2 9.1235E-3 2.96741E-2 2.36888E-2 1.04453E0 1.10261E-1 6.28636E-1
1.75773E-2 4.00255E-1 2.74656E-3 2.34933E-3 6.32883E-2 1.7351E-2 3.07826E-2 1.08711E-3 1.72754E-3 4.00086E-2 5.1731E-2 1.6647E-3 5.36211E-2 1.71179E-2 3.27219E-2 9.32877E-2 9.37875E-1 1.94609E0 2.49826E0 2.61009E0 1.35244E1 1.47102E1 1.71108E1 3.25343E1 1.74176E1 2.10212E1 3.30944E1 2.84092E1 2.53225E1 5.76366E1 1.54583E0 6.16614E-2 1.44163E-1 5.27595E1 6.07693E1 6.01443E1 1.02987E1 7.24365E0 3.57799E1 6.78264E0 6.74765E0 4.0955E0 7.61766E-1 2.71679E-3 5.08309E-3 9.61041E-1 5.17456E-2 3.40873E-2 1.32305E-2 4.46567E-2 2.66711E-2 5.30218E-2 5.77069E-2 1.6597E-2 6.00378E-2 1.45334E-1 6.20979E-1 1.54783E1 2.99115E-1 2.29401E1
9.42882E-2 3.05309E-1 4.52249E-2 2.4775E-2 1.03519E-2 4.29967E-2 2.54696E-2 4.77486E-2 9.81335E-2 1.04964E-2 7.57612E-3 4.86304E-3 5.54106E-2 1.14212E-2 1.19971E-1 5.77376E-1 3.92851E1 2.52318E-1 1.96765E-2 7.32831E-3 8.77291E-1 1.70618E-1 3.19207E0 1.07604E1 1.26163E1 2.55967E1 8.88291E-1 2.11367E0 5.48763E-2 6.71812E1 2.4673E-3 7.18004E-3 1.94053E-4 8.7425E-3 2.32571E-1 1.77608E0 2.16193E1 1.66606E1 2.11008E-1 5.06553E1 5.24636E1 3.9737E1 5.16289E1 9.61398E0 8.21643E-1 4.68606E-1 1.07582E-1 4.63402E-3 2.90899E-3 3.36125E-3 5.35275E-2 4.74276E-3 1.44678E-2 2.9676E-3 6.00809E-2 6.33706E-2 7.55664E-2 3.76567E1 1.7588E0 2.27922E-3
7.50576E-2 2.78249E-1 1.64482E-1 5.1727E-2 1.11342E-1 1.01179E-1 4.25256E-2 5.96111E-2 4.03636E-3 2.37675E-2 4.16469E-2 4.59092E-2 9.15255E-2 1.54252E-2 5.66544E-2 3.70187E0 2.38543E1 8.32968E-2 6.12652E-1 1.85668E-4 1.48824E-2 9.58248E-5 1.59173E-1 9.43187E-2 2.71531E-1 3.43416E-1 3.32775E-2 9.06262E-3 1.80115E-2 4.6653E1 7.11529E-1 2.71106E-2 1.79021E-2 4.18019E-4 1.64861E-2 3.65134E-2 1.80531E-1 4.57772E1 3.35069E1 3.44963E-1 1.15262E1 3.43226E-3 4.92174E-3 2.43586E1 1.11535E-1 9.028E-2 7.62887E-2 4.07821E-3 2.54812E-2 2.27682E-2 4.97824E-2 1.84898E-3 4.99267E-2 2.0856E-2 1.93224E-2 1.13584E-1 3.07077E0 7.01649E-1 5.27168E-2 4.83588E-2
1.92686E-1 2.00344E-2 3.42191E-2 9.1266E-3 5.68154E-2 1.68675E-2 1.00129E-1 5.18855E-2 2.63798E-1 3.66669E-1 7.36832E-1 5.07652E-1 1.33303E-1 7.22082E-2 1.32921E-1 6.87732E0 3.61862E-2 1.73821E-2 3.20842E-2 2.31525E-1 1.80961E-2 6.98725E-2 5.75972E-2 1.8443E-2 1.64194E-1 2.05653E-1 1.0901E-2 2.23812E-2 1.66552E-2 9.12042E0 3.88157E-1 2.25398E-3 5.96192E-3 2.34051E-2 6.819E-4 1.88636E-2 6.26938E-2 1.2197E1 6.07568E1 1.32551E0 2.27121E-2 3.34694E-3 1.60477E-2 2.45842E-1 3.09416E1 2.95847E1 1.98228E1 3.76387E-2 6.33628E-2 1.97221E-1 2.63086E-3 1.91392E-2 1.67219E-2 1.88546E-3 5.86052E-1 2.89003E0 2.53803E1 3.22295E-2 3.47952E-2 4.93751E-3
3.45119E-2 2.48425E-2 4.14672E-3 1.86277E-2 7.89746E-3 1.08384E-2 1.13175E-1 3.34729E-3 1.68267E-3 6.04191E-2 1.37228E-2 5.06473E-2 1.66676E0 2.6055E1 6.7389E0 2.0345E1 5.98586E-3 7.39827E-2 3.22224E-2 2.23789E-2 2.07608E-2 1.00056E-1 2.87001E-2 6.77231E-2 2.77463E-2 3.30687E-1 2.10647E-2 3.73432E-1 7.05135E-2 5.06746E-1 4.7893E1 2.2427E-3 3.17949E-2 8.99476E-2 1.7006E-1 3.6127E-4 2.52335E-4 4.78201E-2 2.67786E-1 5.40162E1 2.28101E-3 1.04594E-2 4.28595E-4 3.35418E-4 1.70844E-1 7.61034E0 1.83231E-1 4.42269E1 6.49952E0 3.69488E0 7.25335E-1 1.07217E1 9.4711E0 9.99257E0 3.88291E1 3.11971E1 6.62545E-1 4.42241E-2 3.24486E-2 5.10099E-2
4.27522E-1 2.36346E-3 2.40097E-3 2.86392E-2 4.18413E-2 1.45731E-2 7.90124E-2 3.93508E-3 1.96146E-3 2.56533E-2 5.81128E-2 6.62464E-2 4.48001E-1 3.5848E-1 1.09502E1 2.93413E0 3.53051E-2 8.05956E-2 3.05574E-2 1.89687E-1 1.22155E-1 8.03574E-2 7.40473E-4 7.63317E-4 5.6726E-2 6.12408E-2 1.89062E-1 3.35724E-1 8.55359E-2 6.10168E-1 3.38088E1 1.95779E1 5.87936E-2 2.03827E-3 7.77328E-2 3.80871E-2 4.99102E-2 2.32564E-2 5.2704E-2 5.50503E0 3.32133E-3 5.9516E-2 1.69798E-3 5.52887E-2 2.77534E-4 4.03675E-2 8.87142E-3 2.70382E0 4.561E1 5.48133E1 5.28863E1 3.33878E1 3.30698E1 3.19929E1 1.00977E1 1.74189E0 1.22113E-2 2.67996E-2 7.08088E-2 1.19378E-1
2.03773E0 1.61843E-1 4.49454E-2 5.3064E-2 3.64447E-3 9.54554E-3 2.58797E-1 4.96439E-1 4.14278E-2 1.39644E-3 1.12905E-2 3.78265E-2 7.47681E-3 2.45441E-1 1.86949E-1 3.12108E-1 9.91034E-2 2.18365E-2 4.50146E-4 3.31475E-2 4.84503E-2 2.47069E-2 2.67573E-2 4.22895E-2 2.04685E-1 3.52987E-2 4.53154E-2 3.25519E-2 1.79598E-1 1.78972E0 2.74948E1 1.74568E-2 2.11906E1 1.60199E-2 5.87929E-2 9.90224E-2 4.26823E-2 5.95677E-2 4.9034E-4 6.08131E-3 1.86538E1 2.19872E-3 8.85084E-2 1.16167E-1 7.64777E-4 3.78644E-2 3.95219E-4 7.20567E-3 2.32729E-1 2.35102E1 3.1483E1 4.85338E1 1.27826E1 8.31099E0 1.77438E0 1.47333E-2 2.54889E-2 1.19834E-2 3.74211E-2 2.55005E-1
9.11892E-1 9.8415E-1 2.18034E-1 8.64438E-1 1.93912E-1 2.07702E-1 3.02547E-2 6.59913E-2 5.85431E-2 1.12261E-1 7.68481E-2 2.94099E-2 4.90433E-4 1.52375E-2 1.37817E-1 2.53201E1 2.80951E-2 3.59144E-2 1.58192E-1 2.2635E-1 2.39714E-1 5.36791E-2 1.26182E-1 8.43898E-2 1.1994E-1 3.7518E-1 4.36318E-1 5.82858E-2 6.4204E-2 8.39333E0 2.54277E-1 3.44954E-2 2.36851E0 8.85487E0 2.03336E-3 7.92596E-2 8.79733E-4 5.54016E-2 3.82338E-2 4.63573E-2 5.53063E1 1.90059E-2 5.60826E-2 6.06032E-2 6.07212E-2 6.40523E-2 8.88525E-2 4.06791E-4 8.65681E-3 2.2269E-1 2.50084E1 3.17549E1 1.03599E1 1.45487E-1 3.71693E-2 4.75011E-3 1.41652E-2 2.77518E-2 1.5117E-2 2.44975E-2
1.7793E-1 4.31502E-2 2.55592E-2 3.57886E-2 3.81137E-2 5.79131E-2 1.03164E-1 6.89636E-2 1.16897E-1 5.84847E-3 2.76071E-1 3.67747E-2 5.4406E-2 6.31422E-2 6.14279E-1 7.68908E-1 1.01354E-1 2.01132E-2 1.01738E0 1.56082E-2 2.83611E-2 2.14983E-1 4.57904E-1 7.73845E-4 1.49976E-3 5.12739E-2 2.83039E-2 8.59417E-2 5.831E-2 3.6533E1 1.38693E-1 9.30921E-3 9.64516E-3 4.86134E1 3.77827E-2 1.01806E-1 5.25699E-2 3.79122E-1 4.02373E-2 7.59861E-2 1.63204E-1 2.13543E1 1.2437E0 2.0051E-2 8.26698E-2 1.97096E-3 2.44179E-2 7.24024E-2 9.44411E-4 1.36696E-2 2.61281E-1 1.04937E1 1.29272E1 3.40639E-3 9.65953E-3 1.27917E-2 1.91691E-1 2.20236E-1 6.64141E-2 2.94176E-2
3.04527E-3 3.914E-2 2.87375E-3 1.67855E-2 4.28917E-2 2.99058E-2 1.46869E-2 2.52392E-2 5.11273E-2 1.24639E-2 2.89162E-1 6.52331E-2 1.21079E-2 5.23589E-4 4.61506E-4 2.22161E-1 3.44019E-1 5.03147E-1 4.49989E-2 1.07526E-2 3.726E-2 1.79721E-1 3.61255E-1 1.96613E-1 1.61173E-1 1.15106E-2 6.01519E-2 2.58059E-2 4.01901E-1 2.07734E0 2.35747E-2 6.68952E-3 1.3703E-2 2.55348E-1 8.58192E-1 2.42958E-3 2.80173E-2 4.39309E-1 6.78029E-2 4.60931E-4 6.51076E-2 3.793E-2 9.55163E-1 3.63144E1 3.81971E1 4.40588E1 1.78181E0 3.36785E-2 9.2293E-2 2.96845E-4 1.5135E-2 5.71717E-2 4.48068E-2 2.09552E-1 4.56192E-1 1.80984E-1 6.50561E-3 1.88639E-2 1.12615E-2 1.56622E-2
2.41261E-3 3.41463E-3 1.34636E-2 7.67743E-2 9.08752E-3 5.45024E-2 5.48299E-2 9.01273E-2 6.10908E-2 1.22388E-1 1.43512E-2 1.12509E-2 6.08994E-2 1.56883E-1 6.07424E-1 8.00596E-1 8.10141E-1 5.44692E-1 1.72005E-1 3.709E-1 6.47006E-2 1.91289E-1 1.06946E-1 2.44464E-1 4.22669E-2 2.8523E-2 6.52195E-2 2.39332E-1 2.30143E1 1.63221E-1 2.5667E-2 5.36612E-3 5.65463E-4 9.71989E-3 7.62526E0 2.15322E-2 8.50012E-3 1.63357E-1 1.25151E-1 6.74742E-2 4.86008E-4 7.72465E-4 1.96134E-1 4.52818E-2 3.48131E-2 5.7693E-3 4.54872E1 2.39591E-2 7.85878E-3 1.20406E-1 7.37668E-2 1.01496E-1 9.92689E-2 1.66974E-1 9.18631E-2 1.02734E-1 2.99726E-2 3.43695E-2 3.86473E-2 6.58409E-1
3.55401E-2 5.42196E-3 3.42097E-2 6.30374E-3 2.73178E-1 2.16977E-1 5.38295E-2 1.17171E-2 1.51529E-1 9.68688E-2 2.59506E-2 5.54227E-2 1.41788E-1 5.43719E-1 6.20772E-2 2.1995E0 2.04019E-2 5.68607E-1 7.66012E-3 6.37239E-3 3.58949E-2 1.52096E-1 2.34186E-1 4.2771E-2 2.27416E-1 2.08224E-2 1.67276E-2 5.96375E-2 1.78793E1 6.77783E0 9.33576E-2 6.61646E-2 8.35336E-2 1.00826E-2 9.26604E0 5.22591E-2 5.31971E-2 1.08879E-1 8.43307E-2 6.31312E-2 5.13013E-2 1.58369E-1 6.17282E-4 4.21468E-2 4.03015E-2 1.38889E-2 2.45789E-1 1.36957E1 3.25711E-3 1.85782E-1 1.19304E-1 8.2658E-1 9.48336E-2 9.10983E-2 9.70158E-1 5.61642E-1 2.03734E-1 5.12532E-2 2.17178E-1 4.44461E-2
2.23574E-3 7.02203E-3 2.42511E-1 2.15187E-1 8.00986E-3 6.42932E-3 1.73319E-2 5.34352E-2 1.08542E-1 1.64933E-1 7.58665E-2 2.07904E-2 1.20449E-1 1.80335E-1 1.08785E-1 1.50624E-2 2.61133E-2 5.26729E-2 3.89967E-1 5.50362E-2 1.03133E-2 2.01591E-1 2.20669E-2 3.80966E-2 2.84145E-1 3.58155E-2 6.47184E-2 1.09768E-2 3.83733E-1 4.62939E0 2.59628E-2 4.23666E-3 1.06202E-1 1.00161E-1 8.88304E-1 4.53147E-3 4.88825E-3 2.51683E-2 5.0853E-2 1.41033E-1 8.80054E-2 5.92045E-1 1.12159E-1 1.68237E-1 4.50374E-2 4.608E-4 2.32527E-1 5.12363E1 2.87436E-2 6.72221E-2 8.67298E-2 2.0868E-2 1.7806E-1 2.6452E-1 9.78182E-3 3.67637E-2 1.68513E-1 7.49087E-1 1.99418E-1 4.33104E-2
