outputallcorrectTI_nofloodareas_nofloodcontrols_BK90/flood.asc
ncols         319
nrows         495
xllcorner     219017.22331753
yllcorner     4610852.5305323
cellsize      500.0
NODATA_value  -9999
[rows 182 to 207 of 495, columns 120 to 179 of 319]
1.80109E1 2.93711E0 1.09435E1 4.54769E0 1.79928E0 1.59784E0 5.39671E0 2.99837E1 1.08569E1 5.57797E0 9.57701E0 5.36805E0 1.55176E0 2.48168E0 1.10317E1 3.09675E1 3.66472E1 1.97228E1 3.77241E1 1.25355E1 1.79494E1 9.16708E1 1.69456E1 2.09491E0 2.06093E0 7.25878E0 7.65134E1 8.57554E1 1.27503E1 7.14006E1 7.39326E1 7.70499E1 8.50284E1 1.43811E1 7.43121E1 4.40596E1 2.8511E1 7.36235E1 1.35347E1 6.56421E0 2.45477E1 8.65645E0 2.2427E1 8.32135E0 3.28778E1 8.77309E0 8.9002E0 2.85514E1 5.73683E0 3.19187E1 9.90365E0 3.45858E1 8.98317E0 1.91052E1 3.42181E1 9.80947E0 1.29191E0 5.3056E0 6.19944E-1 2.52802E0
6.21228E0 6.33986E0 2.52327E1 9.95749E0 7.80326E0 5.76285E0 3.0982E1 2.02907E1 1.60914E1 1.593E1 6.13413E0 1.15471E1 7.09367E0 9.93265E0 3.1701E1 5.55384E1 1.83771E1 4.33691E1 7.47181E0 3.18589E1 3.67619E0 2.78597E1 8.2025E1 1.08317E1 4.65975E1 5.84871E1 8.92546E0 1.92162E1 9.33733E0 1.07157E1 5.4352E0 3.30715E1 1.90944E1 3.30506E1 1.28285E1 3.13295E1 1.66322E1 1.78532E1 6.77622E1 7.81877E1 7.54258E1 4.01729E1 1.38724E1 3.17129E1 1.69706E1 1.72802E1 3.10889E1 6.05414E0 3.33256E1 9.48381E0 3.56672E1 9.67192E0 2.37341E1 1.51642E1 3.93169E1 1.83587E1 8.54586E0 4.98609E0 2.32129E0 2.53606E0
7.0313E0 1.2503E1 3.50771E1 4.92185E0 7.91032E0 7.5567E0 3.55932E1 5.16161E0 8.04785E0 6.22702E0 8.99239E0 7.60389E0 2.06968E0 8.60821E0 1.86158E1 5.0276E1 5.11087E1 2.98389E1 2.3524E1 3.14915E1 7.21328E0 1.98156E1 8.28864E1 7.15322E1 8.35849E0 4.1741E-1 4.25352E-1 6.52451E-1 1.3576E0 1.16756E0 2.00488E-2 1.66504E1 1.96126E0 7.87664E0 1.07642E1 1.45533E1 4.18414E0 4.05955E0 6.13179E0 3.32406E1 2.98299E1 7.20648E1 7.77983E1 6.7877E0 2.20196E1 8.17544E0 3.02975E1 3.18128E1 1.36809E1 2.42072E1 3.55828E1 1.01917E1 2.66399E1 1.52523E1 2.61624E1 3.57306E1 2.7002E1 5.54037E0 3.46647E-1 4.62234E0
6.83796E0 5.95554E-1 6.19021E0 4.00053E1 4.89163E0 1.7086E1 2.71665E1 2.23889E1 2.15947E1 5.49539E0 7.90554E0 1.35913E0 1.31995E0 1.85079E1 5.01031E1 4.45749E1 2.03779E1 5.44554E1 5.68439E1 4.77425E1 1.56849E1 1.37288E1 7.5114E1 1.81005E1 4.75105E-1 2.05621E0 4.76085E-1 2.65044E-1 3.17721E-1 6.2027E-1 5.11206E-1 5.74307E-1 4.13499E-1 2.01419E-1 1.12553E0 1.27425E0 7.45081E0 1.33984E-1 2.69845E-1 6.20176E0 1.01393E1 2.25696E1 7.34073E0 7.80261E1 1.36522E1 3.07651E1 3.18928E1 1.82582E1 9.81381E0 3.87874E1 3.99775E1 3.86785E1 3.6306E1 3.74274E1 5.06187E1 1.85197E1 1.04108E1 1.9092E1 1.50502E1 1.75214E0
2.59653E0 8.21295E0 1.82834E0 5.78114E0 2.897E1 3.08021E1 4.57961E0 6.79072E0 9.74947E0 1.69841E1 6.28871E0 1.0844E0 2.69806E0 2.14887E1 3.1363E1 5.29659E1 5.38037E1 5.2136E1 6.07266E1 2.45602E1 2.9882E1 9.57002E1 2.70582E1 6.99042E-1 1.52928E0 4.65437E-1 2.08454E0 2.04296E0 2.95422E-1 2.8982E-1 7.46357E-1 7.40787E0 9.2131E-1 1.61105E-1 2.24165E-1 3.23458E-1 2.34624E0 1.3205E-1 2.85048E0 1.34224E-1 4.13001E0 1.6933E1 1.67772E0 2.21299E1 7.19421E1 5.02983E1 2.17082E1 8.75177E0 1.74421E1 3.64677E1 3.93043E1 4.92534E1 2.36228E1 3.20718E1 2.12551E1 1.90429E1 3.93596E1 2.7911E1 2.2029E1 1.9693E0
4.93827E0 4.79472E0 2.61645E0 6.48083E0 4.16094E1 5.04641E0 3.54496E0 1.39493E0 7.23459E0 1.6871E0 4.84883E0 4.94347E-1 8.66205E0 3.795E1 5.51007E1 5.18223E1 5.61883E1 5.46099E1 5.02195E1 4.94565E1 9.52361E1 1.45809E1 1.86801E1 2.55779E0 4.00816E-1 4.64123E-1 8.4033E-1 2.58995E0 4.27305E-1 1.02626E-1 5.7246E-1 2.78617E0 5.39631E-1 8.97922E-1 1.04269E-1 1.18008E-1 2.07295E0 4.71141E-1 1.54844E0 2.545E0 1.17441E0 1.09926E1 4.53069E0 7.10623E0 7.66787E0 7.44734E1 3.6427E1 1.30693E1 2.04028E0 3.22069E0 1.77523E1 2.66217E1 2.99801E1 1.76815E1 3.9394E1 3.55588E1 3.91536E1 3.74876E1 3.47892E1 1.13913E1
6.84037E0 1.154E1 6.11897E0 1.01426E1 3.23227E1 1.2789E0 6.73708E0 1.13031E1 1.17788E0 3.80568E0 1.36226E0 7.22359E0 2.50625E0 8.7952E0 1.66741E1 1.81349E1 6.10746E1 4.64641E1 5.07428E1 4.89435E1 9.54651E1 3.53929E1 1.19669E1 9.69656E-1 5.22352E-1 5.13772E-1 3.09461E-1 1.92073E0 5.56009E-1 1.48783E0 4.95609E-1 4.08545E-1 3.52894E0 2.98844E0 5.06477E-1 7.72201E-1 5.71817E-1 4.77708E-1 5.50681E-2 5.48449E-1 2.0813E0 1.8042E-1 5.75767E0 7.59435E0 4.97797E0 8.12889E0 7.28193E1 3.49941E1 8.34547E0 2.43664E1 2.2131E1 4.32732E1 4.70441E1 4.57794E1 1.89453E1 1.43984E1 3.36284E1 2.26907E1 2.88161E0 5.09588E0
1.80368E1 8.94849E0 2.48616E1 5.00004E1 4.62941E0 1.70736E1 2.63486E0 6.83698E0 5.57096E0 2.67831E0 2.94956E0 7.17095E-1 1.03793E1 4.84528E1 5.2559E1 4.52729E1 2.55683E1 1.51874E1 1.30426E1 5.40223E1 9.27298E1 3.29388E1 1.3153E1 1.39982E0 3.35514E-1 3.82851E-1 1.95449E-2 2.33994E0 4.32947E-2 1.22452E-1 4.45148E0 5.03904E-1 2.97587E-1 6.86233E0 7.48788E-1 4.03469E0 1.18511E0 7.70329E-2 2.77922E-1 6.29053E-1 1.74647E-1 2.47819E-1 3.95765E0 3.84479E0 1.59988E0 5.17325E0 2.13292E1 5.59004E1 2.88546E1 2.07907E0 1.2405E1 1.4094E1 1.90303E1 2.203E1 9.92086E0 2.75236E1 1.41494E1 3.66038E1 1.49246E1 9.86117E0
2.05529E1 9.9554E0 9.35258E0 3.05091E1 1.31088E0 5.9992E0 5.96235E0 1.61911E0 3.69629E0 1.16187E0 1.2137E0 5.39657E0 2.11876E1 4.46514E1 3.95435E0 1.84692E1 4.83932E1 2.5962E1 3.92118E1 5.67319E1 8.91837E1 3.28488E1 5.91386E0 1.75517E0 1.86395E0 1.17825E0 3.87953E-2 1.86489E0 2.58177E-2 9.1193E-3 3.50649E0 1.14333E-2 4.40526E-5 2.71567E-2 5.04842E-5 2.65578E0 4.85132E0 4.8838E-1 1.01299E0 1.31092E-1 4.84405E-1 1.87533E-1 5.52667E-1 1.58983E-1 3.60236E-1 2.65646E0 8.68789E0 2.1444E1 6.24456E1 3.25087E1 2.1476E1 2.07667E1 2.52033E1 1.87897E1 1.78626E1 2.97797E1 4.77882E0 3.505E0 3.56318E1 2.08102E1
8.32166E0 2.13631E1 3.4767E1 5.06736E0 4.1917E-1 1.40075E0 7.21732E0 5.91635E0 2.5534E0 1.21625E1 2.12467E1 9.75966E0 2.79652E1 5.33539E1 5.26731E1 1.5484E1 1.92602E1 4.46802E0 4.70689E1 5.05963E1 8.15272E1 1.95117E1 1.66992E0 1.00421E0 3.13418E-1 2.64924E-1 1.4103E-2 5.1633E-2 2.73136E-2 1.42528E-2 1.72689E-1 2.11838E-1 5.02992E-2 4.29087E0 1.13356E0 6.71727E-1 4.75136E0 2.86774E-1 9.21985E-4 5.82244E-1 1.97004E-1 2.57832E-1 5.19475E-1 2.93374E-1 1.38092E-1 1.54733E1 5.22013E0 3.80016E0 4.95434E0 7.24909E1 7.05055E0 2.18604E1 8.58954E0 1.40164E1 3.25302E1 2.93173E1 2.74428E1 6.68468E0 2.25298E1 3.42164E1
4.85245E0 4.93823E1 1.99488E1 2.44454E1 2.52928E1 1.74416E1 2.57221E0 1.32033E0 2.301E0 1.51536E0 1.67465E0 1.53883E0 1.55899E1 1.87994E1 2.9956E1 5.48402E1 4.85214E1 3.50638E1 5.61653E1 9.40873E1 2.59144E1 6.70045E0 1.77122E0 1.55683E0 6.36671E-1 6.48324E-1 6.02165E-3 2.32018E-2 1.42265E-4 5.07767E-2 1.59913E-1 1.91358E-1 1.68736E-2 9.09984E-3 9.00708E-3 5.47632E-1 4.47451E0 5.76139E-1 3.1251E-1 2.52451E-1 1.1388E0 7.64446E-1 2.59125E-1 5.54259E-1 1.64542E-1 3.38229E-1 7.90879E0 8.49681E0 5.065E0 1.18135E1 7.87025E1 2.60515E1 2.51882E1 2.98884E1 1.37037E1 1.53971E1 2.5407E1 2.18141E1 1.4081E1 1.33751E1
1.21963E1 9.61465E0 1.18834E0 1.06153E1 6.32442E0 1.97137E1 1.30557E0 1.90435E0 2.34724E0 1.15068E0 4.28173E-1 1.62217E0 1.0324E1 3.89534E1 7.23074E0 3.65075E1 2.20914E1 4.74347E1 4.48798E1 7.92285E1 1.96051E1 9.46365E-1 1.00825E1 2.58525E0 2.53461E0 7.33144E-1 3.37854E-2 2.0162E-2 1.77952E-1 1.5455E-1 3.56218E-2 1.36644E-4 3.88338E-2 3.8331E-2 4.8349E-2 7.11351E-1 3.88554E0 4.44144E-1 1.75412E-1 4.12608E-2 1.36394E0 6.27101E-2 2.41816E0 5.22647E-1 1.80544E-1 2.1148E0 4.42514E0 4.01455E-1 2.01892E0 1.97337E0 7.8023E0 7.01468E1 6.49488E0 3.30764E1 3.30536E1 1.13981E1 1.16888E1 3.51457E0 9.65912E0 6.37603E0
3.91989E1 7.22002E0 1.3007E0 9.36481E-1 2.54711E0 6.19093E0 1.65172E1 8.00501E0 1.61338E0 4.90364E0 1.96256E1 2.20048E1 2.6129E1 4.81779E1 2.98683E1 5.00153E1 5.45859E1 4.48645E1 7.5498E1 1.26576E1 6.24164E-1 2.02154E1 8.40252E-1 3.04171E-1 1.6159E0 6.75677E-1 5.26122E-3 8.10213E-3 5.15739E-2 1.98829E-2 1.63613E-1 5.7605E-2 1.93667E-1 3.16042E-2 7.6426E-3 2.91651E-2 2.01125E0 1.29421E1 2.86574E-2 7.68897E-1 1.67035E0 9.31951E-1 6.61603E-1 1.67454E-1 1.53847E0 1.34894E1 4.49245E0 1.15997E1 3.34686E1 3.95768E1 6.91745E0 9.56614E0 4.50984E1 1.68754E1 1.75408E1 2.02762E0 1.40244E1 3.71937E1 2.5291E1 2.03843E1
3.21068E1 1.55671E1 1.70536E1 2.01601E0 1.0203E0 1.82241E0 1.2132E1 1.04587E1 3.88676E-2 5.91315E0 1.68212E0 2.95722E0 1.4578E1 3.09577E1 1.70004E1 5.19996E1 5.4752E1 8.37402E1 9.15727E0 3.32805E-1 2.01369E0 1.29487E0 3.39443E0 2.16603E0 7.12255E-1 4.42166E-1 5.57292E-1 9.59054E-3 1.66088E-1 1.88789E-1 2.51896E-2 1.25219E-2 2.21624E-1 2.10418E-2 1.55204E-1 7.71544E-5 1.07198E-2 1.88307E-2 1.66425E1 2.07902E-1 7.8902E-1 1.68325E0 1.68234E-1 4.77087E-1 1.729E-1 5.74225E-1 1.32133E1 4.6822E0 1.03076E1 2.30701E1 4.84746E1 1.03125E1 6.38439E1 1.84226E1 2.41432E1 2.07484E1 9.4164E0 2.70315E1 1.74765E1 1.99497E0
2.67041E1 1.15428E0 6.68607E0 1.97624E1 7.05957E0 3.25443E0 1.26293E0 6.31351E0 5.57782E0 2.65428E0 1.04059E1 3.8503E0 1.82307E1 1.58549E1 4.62667E1 5.36903E1 4.78667E1 7.67468E1 3.13924E-1 1.30839E0 2.76282E-1 6.63001E0 1.84379E0 1.95408E0 7.3432E-1 1.17216E0 6.56371E0 6.13576E0 3.42223E-1 1.86106E-1 1.75279E-2 7.25537E-2 4.41336E0 1.82702E-2 2.0846E-1 2.08187E-1 5.03752E-2 4.69741E-1 2.5587E-2 7.92033E0 4.60903E-2 1.65932E0 2.52096E0 1.31916E-1 4.40805E-1 1.67834E0 5.36312E0 2.19957E0 1.55363E1 2.80459E1 4.80132E1 1.06434E1 3.61707E1 8.53927E0 7.90121E0 1.20453E1 8.4785E0 1.3772E1 5.50629E0 8.85654E0
1.26213E0 3.03837E-1 1.69878E-1 1.74924E0 6.26817E0 4.46927E0 1.33628E0 4.11096E0 4.49273E-1 5.32205E-1 2.77276E0 3.90016E0 1.29989E1 3.97055E1 1.4675E1 5.46859E1 4.68179E1 7.24907E1 4.65535E-1 5.0693E-1 1.13577E1 8.38996E0 2.05936E0 2.69521E0 5.27585E-1 5.61701E-1 3.0616E0 9.22865E-1 2.72569E0 3.05805E-1 5.92034E-1 3.56595E-1 3.91389E-1 5.72413E0 1.05741E-2 1.88449E-1 1.21715E-2 2.24772E-2 5.09823E-2 3.44323E0 9.26923E-1 2.94241E0 8.36599E-1 2.30912E0 9.52378E0 8.10003E0 6.03471E0 3.65009E0 7.43042E0 3.69663E0 4.69802E1 1.49886E1 9.89432E0 4.94015E1 4.8761E1 7.13231E0 1.67115E1 2.20617E1 2.39942E0 2.95696E1
4.37146E0 3.38996E-1 4.8488E0 5.87682E0 2.61577E0 6.01361E0 9.16408E0 1.36706E0 6.29767E0 9.75479E0 1.37557E1 5.52904E0 2.17333E0 7.43846E0 4.87381E1 5.32813E1 5.22758E1 7.3729E1 1.14853E0 5.52892E-1 1.36347E0 1.35377E0 2.12239E0 2.16923E1 5.38598E0 3.98782E0 5.81363E-1 7.63938E-1 5.34723E0 1.77402E0 9.70984E-1 2.6465E0 3.66012E-1 1.36624E1 5.71502E-3 2.74835E-2 3.49726E-2 5.48567E-2 3.27784E-1 1.46786E0 7.70964E-4 1.16749E0 7.1769E-1 9.1912E0 4.49884E0 5.3271E0 8.70791E0 1.28241E1 3.59752E0 8.46049E0 4.50238E1 9.74979E0 2.21123E0 1.72519E1 4.09034E1 2.98451E1 6.29843E0 1.70515E1 2.87062E1 8.4938E0
1.02625E1 6.57779E0 1.22408E0 6.16647E0 2.52861E0 8.24808E0 2.12405E1 1.23369E0 2.31415E0 1.35627E0 1.01035E1 1.44321E1 4.38699E1 4.67731E1 5.52012E1 4.85124E1 9.80073E1 8.68865E0 8.20092E-1 6.7583E0 2.922E0 1.14857E0 2.50825E1 1.16892E0 2.44783E0 5.40397E-1 3.56561E-1 9.10278E-1 7.34877E0 5.34586E-1 5.36925E-1 6.93538E0 1.20566E1 1.34666E0 6.20056E-1 7.34313E-3 2.46555E-1 2.02534E-2 1.72981E-2 2.08068E-2 5.19596E-2 1.2741E0 6.16545E-1 6.33829E-1 8.7745E0 3.00421E1 1.52626E1 3.34339E0 6.45174E0 1.18401E1 4.6504E1 2.13211E1 9.1154E0 9.55437E0 2.15419E1 4.88266E1 1.68047E0 2.53596E1 1.67208E1 1.8937E0
2.05113E1 4.37914E0 7.73203E0 1.10604E0 1.22232E0 2.07009E0 1.24325E0 2.11313E1 1.62108E0 1.41891E0 2.89953E0 4.009E0 9.08744E0 4.19137E1 4.42221E1 4.57797E1 9.29266E1 1.4051E1 1.51804E0 6.28884E0 5.01682E0 1.37582E0 1.92156E1 1.76053E0 4.56541E-1 8.97212E-1 1.18584E0 1.43771E0 8.71837E0 1.73974E0 7.89158E0 1.05068E0 1.00422E0 5.10703E-1 5.05135E0 3.95236E-3 1.74954E-2 3.13544E-2 3.87537E-2 7.46899E-2 8.56987E-2 2.62738E-4 1.34979E0 6.60527E-1 1.31816E0 2.58063E0 3.89492E0 6.66405E0 5.67251E0 5.78138E0 1.58175E1 8.00692E0 1.40379E1 4.99384E0 2.09598E0 1.56373E0 3.10266E1 6.22859E0 1.67585E0 1.73164E1
4.76364E1 4.75752E0 1.74924E1 6.96511E0 1.18859E0 9.24415E0 9.92471E0 3.55207E1 5.20722E0 1.23423E0 4.83409E0 7.80049E0 1.75129E1 1.26374E1 4.6892E1 4.40317E1 9.1477E1 3.06696E0 9.34567E-1 4.56072E0 5.28618E0 2.20089E1 3.37792E-1 3.13789E-1 4.87129E-1 1.03017E0 7.8942E-1 6.38914E-1 1.10859E1 7.14933E-1 5.70464E0 3.75954E-1 1.03006E0 3.04795E0 2.54564E0 6.43384E-1 3.15226E-2 1.95051E-2 3.67728E-2 9.77722E-2 6.74379E0 6.23754E0 1.07306E0 6.27603E-1 1.0701E0 1.90572E1 1.89712E1 4.68299E0 1.42979E0 1.06958E1 4.76203E1 6.88984E0 2.20837E1 1.52067E1 3.34118E0 2.06977E0 7.50813E0 6.912E1 2.77524E0 6.48453E0
2.40274E1 4.74557E1 1.51982E0 4.14827E-1 1.50267E0 9.00938E0 5.67739E0 6.98799E0 2.69001E1 3.00398E1 3.56841E1 1.02687E1 1.4E1 3.08523E1 5.11745E1 4.59684E1 6.64882E1 2.16743E0 4.41237E0 6.9673E0 3.68385E1 4.07546E-1 3.27955E-1 4.62739E-1 4.34216E-1 5.39367E-1 3.99253E0 3.83448E-1 4.92405E0 1.51549E1 1.49438E1 4.85837E-1 8.32367E0 2.9273E0 3.84221E-1 6.97884E0 2.06375E-2 3.8218E-3 5.32248E-2 9.50795E-5 3.30488E-2 1.21742E-1 6.12208E-1 1.44757E0 2.01799E-1 1.56863E0 1.82235E1 1.9076E0 1.26466E0 3.78315E0 4.48155E1 1.19189E1 9.44192E0 1.3042E1 1.84628E1 9.60857E0 3.44425E0 7.37602E0 5.96245E1 8.2272E0
3.84606E0 2.42803E1 4.83008E1 9.85918E0 1.11557E0 4.53273E0 4.40137E0 5.71172E0 6.14182E-1 8.78097E0 7.34387E0 5.55749E0 4.68397E1 4.65251E1 6.00423E1 4.67987E1 8.4863E1 2.55001E0 2.37611E1 2.18119E1 2.06051E1 5.43408E1 3.09626E1 2.79865E-1 1.60293E0 3.99155E-1 3.11022E0 1.11031E0 5.39591E-1 3.10994E-1 1.36146E1 3.64128E0 5.44946E-1 3.89678E-1 3.35543E0 5.36881E-1 9.2574E-1 2.49662E-3 7.03842E-3 4.06572E-4 3.97453E-4 2.52814E-2 1.12542E1 7.65827E-1 9.79838E-1 3.33154E0 1.84664E1 2.95507E0 7.17685E0 1.12335E1 3.71851E1 6.87387E0 4.28562E0 9.33043E0 5.46037E1 6.5839E1 1.96377E0 2.91286E-1 1.14503E0 4.41123E1
8.29107E0 6.04886E0 5.05802E1 1.09609E1 7.21342E0 1.29837E0 6.37402E0 3.30199E0 9.98826E0 1.05031E1 1.079E1 2.58543E1 3.04455E1 5.01935E1 6.56568E1 4.63281E1 8.50671E1 4.22948E1 2.62808E1 3.302E-1 2.15587E-1 7.55355E0 1.17592E0 3.4911E1 2.13721E0 5.62889E0 1.12129E0 3.10022E1 1.07107E1 1.07343E1 1.72872E0 6.96294E0 2.29425E0 3.05751E0 4.52428E-1 3.22315E0 1.05673E0 6.91399E-1 2.50458E-3 1.69699E-2 3.87902E-2 2.57812E-4 4.92283E-3 6.8111E-2 3.69013E-1 3.53862E0 2.41373E1 7.06901E-1 4.88055E-1 6.99664E0 1.48485E0 4.64667E1 4.05122E1 4.70002E1 5.38578E0 6.58193E0 5.10563E1 6.55686E0 8.13079E0 3.81126E0
1.94049E0 4.65977E0 7.88358E0 4.59361E1 4.49155E0 6.44409E-1 7.24635E0 6.2699E0 1.25683E0 4.45218E0 7.46638E0 1.34317E1 3.73339E1 5.45529E1 6.25815E1 4.85181E1 7.51196E1 8.02841E0 2.31168E-1 3.61548E0 3.56156E-1 1.44324E0 2.24159E0 2.10097E0 2.63381E1 9.49344E0 2.5351E1 5.67677E-1 1.36686E0 1.51507E1 1.62777E0 1.8222E0 2.1498E1 3.28199E1 2.8394E0 4.47414E-1 2.44678E0 5.81591E-1 4.10158E-1 2.59244E-3 2.41816E-2 7.62595E-2 2.79992E-2 9.48845E-2 3.919E-1 5.97873E-1 7.21452E0 3.65875E-1 1.61307E-1 4.7727E-1 1.1664E0 1.1714E1 1.67186E1 2.33574E1 5.10539E0 9.89261E0 1.11823E1 6.88384E1 1.71746E1 1.98769E0
4.26029E1 2.37569E1 4.93623E1 8.58805E0 3.08549E0 5.43639E1 6.26995E1 5.44283E1 1.51238E1 1.4638E1 2.00385E1 1.07325E1 4.27209E1 5.16284E1 4.49897E1 8.67221E1 2.93977E0 9.33895E-1 1.58509E0 3.66634E-1 1.47408E0 9.81966E-2 1.0006E1 2.24101E-1 2.41503E-1 1.37837E1 3.46639E-1 6.68122E-1 1.81481E-1 4.48039E0 2.57459E-1 7.29264E-1 3.43212E-1 7.23108E0 2.30842E1 3.24106E1 3.14997E-1 2.34832E0 1.43728E0 3.99416E-1 3.04307E-3 1.86141E-2 1.14851E-1 2.34179E-4 3.96539E-1 1.56794E-1 1.98422E1 2.68048E0 6.26834E-1 1.6486E0 7.63659E-1 7.11391E0 1.69303E1 5.55759E0 2.15619E1 1.6708E0 1.39631E0 1.13224E1 4.69879E1 4.98828E1
1.77418E0 1.78802E0 1.3242E0 5.05537E1 7.51433E0 8.4708E0 1.92937E1 1.48989E1 7.41923E1 7.52314E1 6.95961E1 2.83675E1 4.32731E1 4.70019E1 4.81898E1 8.37844E1 8.19023E0 3.17588E-1 3.65668E-1 3.21647E-1 4.65379E-1 6.2222E0 1.01318E1 3.42357E-1 6.29994E-1 2.10478E0 4.28261E-1 6.99598E-1 5.31638E-2 3.201E0 1.85602E0 4.77091E-1 7.61012E-2 1.01487E0 7.1142E-1 1.88631E0 5.67507E0 4.14535E-1 2.60716E0 5.0259E-1 3.20588E-2 4.32256E-3 1.40437E-2 4.2903E-2 6.64281E-2 6.81662E-1 3.52812E0 1.16627E0 6.23897E-1 3.65408E0 1.26674E-1 2.23324E0 8.02036E0 5.0832E0 2.31256E1 1.15382E0 5.03697E-1 1.15969E0 1.05664E1 1.68686E1
