outputallcorrectTI_nofloodareas_nofloodcontrols_BK90/flood.asc
ncols         319
nrows         495
xllcorner     219017.22331753
yllcorner     4610852.5305323
cellsize      500.0
NODATA_value  -9999
[rows 78 to 103 of 495, columns 120 to 179 of 319]
4.06147E-1 7.09501E0 2.40422E-2 1.61479E-1 2.4786E-2 9.88758E0 2.26464E-2 2.7635E-1 2.26144E-1 1.97202E-2 5.647E-1 3.50507E-1 2.36575E-2 2.24969E-2 1.11868E-2 9.34815E-3 2.47254E-1 3.15983E-2 2.73136E-2 4.62038E-1 8.66879E-2 2.63954E-1 1.18943E0 3.07536E-2 2.20171E-1 1.92737E-2 3.11583E-1 3.86895E-2 5.88701E-2 4.71147E-2 3.25754E-2 2.64919E-1 3.94394E-2 1.74099E-1 1.36741E-2 1.92031E-2 3.58644E-2 9.19314E-1 8.39816E-1 9.84108E-1 1.0382E0 -9999 -9999 -9999 -9999 -9999 -9999 -9999 -9999 -9999 -9999 -9999 -9999 -9999 -9999 -9999 -9999 -9999 -9999 -9999
6.78771E0 7.60416E-1 1.55279E-1 3.455E0 1.93646E1 7.903E-2 2.08735E-2 1.86892E-1 1.98457E-1 2.8101E-1 8.33046E0 3.83061E-2 1.06721E-1 2.24371E-2 1.78043E-1 3.22468E-1 4.53364E-1 4.21519E-2 9.05807E-1 2.08482E-1 1.34233E-1 1.48582E-1 8.71885E-2 2.56913E-1 2.56011E-1 2.46684E-2 1.52858E-1 2.93857E-1 1.92704E-1 3.01078E-2 5.09707E-2 3.71056E-1 3.61297E-1 8.21591E-1 9.04137E-1 7.56712E-1 6.34046E-2 2.07715E-2 1.29049E-2 2.43935E-1 3.3742E-2 -9999 -9999 -9999 -9999 -9999 -9999 -9999 -9999 -9999 -9999 -9999 -9999 -9999 -9999 -9999 -9999 -9999 -9999 -9999
4.90902E0 2.56431E-2 5.22249E-2 1.94142E1 7.03243E-2 2.48917E-2 1.66505E-1 2.87719E-2 3.17931E-2 5.62429E0 2.90409E-2 3.90658E-2 5.1512E-1 5.73304E-1 8.46962E-1 5.46994E-1 1.39874E0 8.92945E-1 1.4204E-2 6.05427E-2 2.664E-2 3.46431E-2 9.01728E-2 4.98371E-1 4.48432E-1 9.60794E-2 6.3328E-2 6.11373E-1 1.36041E-2 1.46934E-2 2.07406E-2 5.91168E-2 4.93748E-2 7.63303E-2 3.69035E-2 3.12799E-5 4.13687E-1 2.78616E-2 3.47003E-2 6.84069E-1 1.16961E-1 5.42909E-2 -9999 -9999 -9999 -9999 -9999 -9999 -9999 -9999 -9999 -9999 -9999 -9999 -9999 -9999 -9999 -9999 -9999 -9999
5.10385E-1 4.05476E-1 1.9705E0 1.23927E1 1.10958E-2 2.42614E-1 1.97864E-1 2.80206E-2 3.54992E0 5.12197E0 7.54777E-2 5.05565E-1 1.74324E-1 1.2497E-1 8.30578E-2 9.57536E-1 2.34134E-1 5.6305E-2 1.7726E-2 4.2817E-2 1.0659E0 3.9268E-2 1.78922E-1 1.57031E0 4.45832E-2 2.69344E-2 3.25662E-2 8.37351E-1 2.05614E-1 1.85853E-1 3.27043E-2 6.0983E-2 8.17602E-2 8.01988E-2 4.33156E-2 2.15408E-1 3.5341E-1 2.36301E-2 2.04245E-4 1.03942E-1 8.35612E-1 1.32193E-2 2.72061E-3 8.33959E-3 -9999 -9999 -9999 -9999 -9999 -9999 -9999 -9999 -9999 -9999 -9999 -9999 -9999 -9999 -9999 -9999
1.11012E0 8.27762E0 5.41712E0 7.16656E-3 1.4524E-1 2.07626E-2 2.17274E-2 4.93465E0 1.80523E-1 9.93593E0 5.95277E0 5.3834E0 6.28787E-3 1.76721E-2 1.79662E-4 5.61684E-2 2.50803E-2 2.11015E-1 7.91006E-2 8.88424E-1 1.29198E-1 1.31908E-1 1.02292E-1 1.28517E0 3.63369E-2 4.23761E-2 2.10064E0 1.36296E-1 2.32721E-2 2.61809E-2 3.1927E-1 9.59281E-2 6.27091E-2 3.75863E-2 9.78802E-4 3.33496E-2 5.36676E-1 1.82544E-2 3.7769E-4 3.45765E-2 4.22893E-1 6.08688E-2 4.79438E-2 6.82364E-3 1.80197E-2 -9999 -9999 -9999 -9999 -9999 -9999 -9999 -9999 -9999 -9999 -9999 -9999 -9999 -9999 -9999
1.89224E0 6.27622E0 4.84062E-1 8.66178E-2 5.74721E-2 4.33922E0 2.8932E0 2.92392E0 1.81556E1 1.45215E-1 9.67099E0 4.42229E-2 5.86803E-3 2.5676E-2 1.49583E-1 3.16159E-2 2.37164E-2 5.6565E-2 2.70528E-2 5.74545E-2 3.17752E-1 5.43048E-1 9.46449E-2 9.97554E-2 1.70502E0 9.6626E-1 1.37864E-2 1.76961E-1 2.18475E-2 3.28608E-2 6.05551E-2 1.17515E-1 3.64615E-1 4.67267E-2 2.67043E-1 1.76156E-2 1.97759E-1 1.49165E-1 6.33156E-2 1.32086E-3 2.08081E-2 4.55577E-1 6.16387E-3 2.85007E-2 5.22243E-3 1.74883E-2 -9999 -9999 -9999 -9999 -9999 -9999 -9999 -9999 -9999 -9999 -9999 -9999 -9999 -9999
5.17545E0 7.51593E-1 1.77834E-2 3.3899E-2 9.78502E-2 3.90333E-1 2.59593E0 1.53661E0 1.22692E1 2.77593E1 1.89072E1 1.7223E1 7.85007E-3 5.01003E-2 1.76706E-1 1.13305E-2 2.01388E-2 3.42985E-2 6.47259E-2 5.12873E-2 4.75173E-2 1.95941E-1 3.20672E-1 7.57429E-2 1.36832E0 7.85237E-3 3.55645E-2 8.18439E-1 3.15763E-2 1.97456E-1 2.22662E-1 1.1962E-1 1.64625E-1 5.5301E-4 6.14106E-2 3.84932E-2 1.97059E-1 1.44927E-2 6.01179E-4 2.02134E-2 4.75897E-2 8.59294E-1 5.1304E-1 1.66364E-1 4.96143E-2 1.25812E-2 3.40975E-2 -9999 -9999 -9999 -9999 -9999 -9999 -9999 -9999 -9999 -9999 6.19431E-1 9.31577E0 2.29304E0
3.18315E-1 3.51501E-1 3.87935E-1 5.25809E-1 2.3754E0 5.25779E-1 3.90409E0 1.52349E1 3.78481E0 1.21469E-1 9.29891E-3 1.01761E1 4.90036E0 3.82276E-1 1.92999E-1 5.6945E-2 1.75144E-2 4.19693E-2 5.90459E-4 4.63594E-2 5.06717E-2 6.2619E-1 3.20094E-1 1.73344E0 1.54645E0 1.27306E-1 4.53163E-2 2.35105E-2 2.76357E-2 2.06019E0 5.51831E-2 2.34257E-2 5.14712E-2 2.04011E-1 7.01583E-2 2.02479E-2 2.32666E-1 5.79323E-2 4.80386E-2 7.59866E-2 1.22827E-1 3.28071E-2 1.28365E0 4.78476E-2 6.88246E-2 3.78458E-2 1.66206E-2 3.76328E-2 -9999 -9999 -9999 -9999 -9999 -9999 -9999 5.81974E-2 3.42077E0 2.99587E-2 1.41651E0 1.42781E1
1.17458E0 3.18062E-2 4.48653E-1 4.04774E-1 2.75476E0 3.42909E0 2.62556E1 7.27957E-3 1.41602E-2 3.65736E-2 5.42377E-3 1.8147E-2 1.75258E-1 1.12633E-2 1.52745E-2 3.44824E-2 2.23947E-2 5.91678E-2 2.63938E-2 1.45465E-1 7.23921E-2 3.34025E-2 1.05469E-1 5.90274E-2 4.84784E-1 1.39057E-1 3.05681E-2 6.81064E-1 5.39417E-1 1.33593E-2 2.67739E-2 5.58249E-2 1.94383E-1 2.07625E-2 2.79388E-1 2.92633E-2 3.95104E-2 5.24387E-2 2.16907E-1 1.01262E-1 2.46609E-2 4.11719E-2 3.48767E-1 5.46428E-1 4.2265E-1 1.12354E-1 8.76779E-3 2.73046E-2 1.8834E-1 -9999 -9999 -9999 -9999 -9999 1.46393E-1 4.23181E-2 4.60196E0 5.63997E0 1.09959E0 1.08012E-2
9.56901E-1 3.73793E-1 4.70635E-1 5.09586E0 1.10581E0 3.70109E1 2.74527E1 1.01744E-2 3.0808E-2 2.85587E-1 1.40594E-1 3.07629E-4 2.05097E-2 1.63086E-1 4.57904E-2 4.71261E-2 2.2364E-1 3.07744E-2 2.12122E-1 4.24325E-2 1.70294E-1 5.87139E-2 6.54954E-2 2.16857E-1 1.02072E0 1.50504E-1 6.69388E-1 1.81343E-1 1.40727E-1 3.39473E-2 5.03382E-2 6.14769E-2 2.09804E-1 6.37773E-2 3.32121E-2 2.57671E-1 1.98832E-1 5.61171E-2 6.09458E-2 2.32289E-2 5.57611E-2 2.45391E-2 2.91965E-2 1.99738E-1 5.61564E-2 1.11673E-1 6.34407E-2 6.29498E-2 3.44066E-2 -9999 -9999 -9999 -9999 1.42937E-4 2.40032E-2 4.1999E-5 5.21292E-2 8.89446E0 1.03275E1 8.15916E-3
4.15982E0 3.46945E0 1.07797E1 2.79432E1 2.48202E1 1.15487E0 2.46823E0 4.06915E0 4.05392E0 2.03609E-2 1.77006E-1 2.20232E-2 3.88547E-2 3.98076E-2 1.83505E-1 2.926E-1 2.89405E-2 2.35283E-1 3.21683E-2 3.36924E-2 1.31529E-1 1.02492E-1 2.4647E-4 1.4165E-1 1.14688E0 1.01077E-1 2.25746E0 8.56349E-2 8.60118E-2 2.23692E-2 5.63685E-2 7.02017E-1 4.77185E-1 5.38206E-2 4.09313E-2 3.4644E-2 2.809E-2 5.18561E-2 2.86649E-1 1.9994E-2 5.20395E-2 1.95764E-1 5.83213E-4 6.92573E-2 3.58591E-2 2.90239E-2 1.84779E-1 1.61991E-1 6.7976E-3 2.31391E-2 -9999 -9999 6.5066E-4 5.73186E-2 6.41645E-2 3.22729E-1 4.4295E-2 4.73163E-1 1.21727E1 3.72663E-1
1.49433E0 2.53108E1 4.18134E0 1.54331E0 2.58898E-2 3.40281E-2 1.01799E-2 3.51608E-1 1.59082E-2 1.01682E-2 3.16729E-2 2.07701E-1 2.05488E-1 1.7415E-1 6.40201E-2 6.68161E-1 3.0752E-1 4.21182E-2 1.99491E-1 1.76216E-2 2.01299E-1 2.38474E-2 1.58466E-1 2.1193E-2 1.76126E0 6.40056E-1 2.5009E0 1.24968E-1 1.79785E-2 5.89382E-2 6.47721E-1 2.75877E-2 3.27017E-2 1.59718E-1 2.72095E-2 2.06318E-2 2.73159E-1 3.98722E-2 1.77487E-1 2.27933E-2 9.45815E-4 1.65242E-2 2.3156E-2 1.4195E-1 6.8924E-2 7.5173E-2 4.00775E-1 4.59714E-2 5.05069E-2 9.64847E-3 4.71968E-2 3.061E-2 6.62332E-4 1.974E-2 3.80105E-4 1.66043E-1 4.47704E-2 2.16517E-1 2.89733E-1 1.50004E1
2.68841E1 1.26616E0 7.01782E-3 9.54714E-3 1.80293E-2 1.99121E-2 3.95253E-2 1.63428E-1 2.06723E-1 1.05937E-2 2.23588E-1 2.63082E-1 3.04044E-2 6.34968E-1 7.67934E-2 5.70019E-2 7.41646E-1 2.47205E-2 4.39293E-2 2.68802E-1 4.52071E-2 1.23262E-1 5.53469E-2 7.64695E-1 1.66921E-1 1.0623E-1 2.04986E0 1.47811E0 6.61281E-1 5.98928E-1 4.64068E-1 1.76985E-1 1.5979E-1 1.73017E-2 5.259E-2 2.61294E-1 1.25974E-1 9.66157E-2 9.88116E-2 4.55143E-2 1.7116E-1 1.65832E-1 1.55822E-1 1.50509E-1 2.32957E-2 8.3417E-2 2.60311E-2 6.18145E-1 4.78324E-3 3.57523E-2 5.55297E-3 4.45369E-2 3.01762E-2 6.24656E-2 3.83771E-2 2.47758E-2 3.21711E-4 2.13521E-2 6.08403E-2 1.06891E1
1.9845E0 7.91949E-3 1.18168E0 8.16752E-2 2.94527E-2 4.25008E-2 2.47029E-4 1.73268E-2 1.78459E-1 3.42476E-2 2.56045E-2 2.95981E-1 3.42514E-2 1.81414E-1 1.01318E-1 1.37084E-1 2.3292E-1 1.04654E0 7.12077E-1 2.78677E-1 1.92378E-2 8.80137E-3 3.0296E1 4.10933E-2 1.76513E-2 1.49617E-1 1.92709E0 5.96699E-1 7.60928E-2 3.04495E-2 1.77696E-1 1.6689E-1 2.17062E-2 1.54985E-2 6.66246E-1 6.488E-2 1.96392E-1 2.46423E-2 1.57317E-1 2.69315E-2 1.00048E-1 2.49475E-2 1.65998E-1 1.0688E-2 7.3127E-2 2.33017E-1 7.73569E-1 1.66898E-1 1.68758E-1 2.7259E-2 3.20539E-2 7.3383E-3 5.28571E-2 7.90674E-4 2.99867E-2 7.96005E-3 9.12132E-3 4.49582E-2 5.74187E-1 7.07673E-2
3.14787E-1 8.98051E-1 3.68056E-2 2.25801E-1 5.24515E-2 1.98239E-2 2.26223E-1 3.76624E-2 1.52532E-1 1.26953E-1 1.01437E0 1.4254E-1 3.54637E-2 2.11368E-1 1.98995E-1 1.94382E-1 2.76442E-4 1.99167E-2 3.48741E-2 8.91944E-1 8.229E-2 8.31153E0 7.17187E-2 4.09208E-2 9.00094E-2 1.00676E-1 1.32259E0 1.41649E-1 2.41274E-1 8.39111E-1 1.36712E-1 1.24307E-1 3.24293E-2 6.70303E-1 5.52232E-2 1.56335E-2 2.7768E-2 1.84538E-1 4.77502E-2 5.64069E-1 2.24688E-2 6.0167E-2 3.48652E-1 9.78101E-1 5.92717E-1 6.30308E-2 1.26273E-2 6.01889E-1 7.14221E-1 1.66652E-1 1.06422E-1 6.52203E-2 1.36896E-2 2.86107E-2 4.14266E-2 1.81988E-2 7.53975E0 3.95217E-1 3.50208E0 2.94583E-2
4.80909E0 1.48062E0 3.12229E0 1.67093E-2 1.62655E-1 1.86336E-2 4.06338E-2 4.36856E-2 5.66113E-2 5.90683E-2 5.68767E-1 3.58426E-2 1.95677E-1 3.00062E-1 1.44204E-1 1.49027E-1 1.41691E-1 3.77797E-2 4.16883E-2 5.5588E-2 6.45682E-1 5.73228E-1 7.34693E-2 2.10566E-2 1.76815E-1 9.71151E-2 5.23072E-1 1.85099E-1 1.62929E-1 1.33883E-1 5.34034E-2 1.70589E-1 3.42904E-2 2.65312E0 1.84443E-2 1.38483E-2 1.29616E-1 2.33568E-2 1.97088E-2 1.0655E0 2.29501E-2 9.19882E-2 4.03994E-2 4.68568E-2 4.35848E-4 1.78481E-1 4.09162E-2 6.03574E-2 4.85717E-1 1.72069E-1 1.14247E-1 6.56008E-2 3.22693E-2 3.54887E-3 2.7086E-2 2.50108E-2 9.13667E-5 2.76796E-2 4.24125E-2 4.4264E-1
5.01125E-1 4.33787E-1 5.93801E0 3.89905E-2 3.19961E-2 3.13961E-2 6.4722E-2 3.94028E-2 2.34207E-1 2.18257E-1 2.79566E-2 4.23402E-1 2.73168E-1 2.2142E-2 6.03301E-1 1.30998E-1 1.90841E-1 1.11579E-2 5.84541E-2 6.83133E-2 7.11313E-1 2.8249E-2 6.66526E-1 4.86697E-2 4.78551E-2 2.43033E-2 5.50852E-1 9.77157E-3 1.12188E0 8.61065E-1 9.92816E-1 1.91765E0 1.72313E0 1.51488E-1 2.809E-1 1.42733E-1 5.85441E-2 1.55995E-2 4.19334E-1 2.21279E-2 2.79957E-2 9.2826E-2 2.66359E-2 4.46256E-2 6.2587E-2 3.10589E-2 2.78202E-2 1.78553E-2 4.84356E-2 6.72236E-1 1.52678E0 1.12993E-1 1.19558E-1 4.36682E-2 5.13316E-2 1.22466E-2 3.57294E-2 3.15278E-3 6.33769E-3 6.74576E-3
2.28789E1 1.66754E1 5.85547E-1 1.29271E-2 3.33984E-2 6.15443E-2 2.29796E-1 3.6341E-2 5.08325E-2 7.04971E-2 6.81901E0 4.07427E0 1.63315E-1 1.698E-1 1.15432E-1 1.80472E-1 2.52457E-1 1.235E-1 3.43734E-2 3.00816E-2 7.87281E0 2.38726E-1 1.2483E-1 9.13508E-3 3.15984E-2 7.9142E-3 2.02352E0 1.26263E-1 1.46703E-1 1.38826E-1 3.15496E0 1.3124E-1 2.69339E-2 5.13075E-2 2.37863E-2 1.69937E-2 1.73958E-2 2.043E0 2.43124E-2 2.54595E-1 1.87134E-1 2.55553E-2 2.20326E-2 2.2435E-4 5.49831E-2 2.58562E-1 3.93986E-4 2.15024E-1 3.16622E-2 3.27591E-4 8.34459E-3 1.54991E0 3.15722E0 8.88016E-2 2.65788E-2 4.42107E-3 2.87151E-2 1.03861E-2 6.42052E-2 8.26976E-3
2.38764E0 1.33629E0 4.60177E0 1.6442E-2 2.05187E-2 5.80208E0 2.44468E-2 1.44883E-1 4.19577E-2 7.50909E-1 1.07282E1 9.11301E-3 1.95121E-2 1.44204E-1 3.7818E-2 7.94591E-2 6.55501E0 1.25603E-1 1.2936E-1 2.34668E-4 1.97038E-2 8.24992E0 1.64132E-1 1.53585E-2 4.20657E-2 4.64765E-1 1.26029E-1 1.69126E-1 1.58515E-1 1.63265E-1 3.68981E0 1.3357E-1 2.84789E-2 1.06654E-2 5.41407E-1 6.31584E-1 1.92473E0 2.03351E-1 1.56723E-1 6.31722E-1 1.52452E-1 1.96665E-1 7.72536E-2 3.1596E-2 3.23757E-1 5.06299E-2 9.10292E-4 3.64281E-4 5.96637E-5 2.22499E-2 4.09482E-2 6.43667E-2 8.69051E-3 7.45983E-1 4.22332E-2 3.35372E-2 3.71955E-2 3.66842E-4 4.35772E-4 2.01807E-2
3.66461E0 1.20407E1 1.02415E1 4.25729E-1 4.05766E0 1.87237E-2 3.06637E-2 1.45059E-2 6.60165E-2 3.25049E-2 6.17499E0 8.19042E-3 3.26973E-2 4.03939E-2 5.42128E-2 2.90481E-1 3.50766E0 4.20361E0 1.39356E-2 2.01959E-2 3.38636E-2 6.01253E0 5.9212E-3 4.7286E-2 3.22051E-2 1.17604E0 3.79725E-2 1.64065E-2 1.59063E-1 6.46648E-2 8.56533E-1 1.43084E-1 1.20385E-1 6.33886E-1 1.91689E-1 1.20935E-2 2.14457E-2 2.11448E-1 1.35509E-1 1.63633E-1 1.92776E-1 2.53139E-2 2.72976E-1 1.736E-1 1.06115E-1 4.73101E-2 3.1755E-1 4.99491E-2 4.43637E-2 6.54432E-2 6.60613E-2 1.66685E-2 1.79704E-4 9.70874E-1 3.69825E-2 2.41765E-2 1.14899E-2 9.4651E-4 3.79867E-4 4.73488E-2
1.26547E1 4.59854E-1 1.02345E0 5.42038E0 6.1104E-1 2.12271E-2 5.55584E-1 3.18291E-1 2.67458E1 8.7044E0 6.1052E0 3.86143E-1 3.60837E-2 8.63794E-2 5.15446E-1 4.03854E-2 1.90287E-2 7.77168E0 7.5369E-1 1.75613E0 1.19882E1 6.85561E-3 1.66295E-2 3.12317E-2 1.12561E-1 7.24901E-1 1.18722E-1 1.10717E-2 1.80059E-1 1.75812E-1 7.91176E-1 1.75505E-1 5.64647E-1 1.62884E-2 2.03112E-1 1.63139E-1 1.38735E0 1.47798E-1 1.8313E-1 1.90001E-1 4.29104E-1 2.68769E-1 8.84114E-2 5.49314E-1 3.50464E-2 1.25619E-1 8.48347E-1 8.18765E-1 3.13357E-1 3.73344E-1 2.84858E-1 7.84362E-2 1.03752E-1 4.15195E-1 1.565E-1 3.89799E-2 7.58322E-3 2.95166E-2 7.79948E-4 1.15099E-2
2.55237E1 2.62814E1 2.43341E1 1.1023E1 2.32492E-2 4.44304E-1 3.58655E-1 7.07393E0 3.22024E-1 1.38523E-2 1.21091E-2 8.53592E-2 1.5477E-1 1.78987E-1 1.44047E-1 1.87733E-2 5.49828E-1 2.27156E1 3.21706E1 2.3943E1 8.13424E-2 1.98161E-2 9.73475E-2 1.43119E-2 5.69919E-2 1.88064E1 7.1684E-2 2.48891E-2 2.81878E-2 2.52923E-2 5.67084E-1 1.37627E-1 7.52418E0 1.65489E-1 1.2475E-1 9.25485E-2 7.04483E-1 2.25771E-1 2.74333E-1 1.77239E0 4.09786E-1 1.28564E-1 1.62522E-2 6.42374E-2 3.83197E-2 1.18597E-3 4.37042E-2 6.95855E-2 4.87473E-2 3.37062E-4 2.01107E-1 4.63642E-2 6.25751E-4 2.28462E-1 5.86408E-2 1.47524E-2 8.03469E-3 3.19431E-2 2.29855E-2 6.16359E-4
5.81026E0 7.04739E0 1.63022E0 2.5312E1 4.95853E0 1.35257E0 1.39497E1 1.15284E0 2.06207E0 5.01448E-2 1.48018E-1 3.91311E-2 1.87115E-2 3.03692E0 3.14979E-2 4.43193E-1 1.07099E1 1.46938E0 8.13126E-3 2.47334E-2 4.20722E-2 9.09415E-2 5.33627E-2 1.68536E-2 2.47857E1 6.71123E-2 1.36658E-2 1.52271E-1 6.12252E-2 4.64409E-2 2.64753E-1 2.10913E1 6.29793E0 1.72187E-1 1.0028E-2 1.17405E-1 4.1629E-2 3.38206E-2 4.70898E-1 3.85822E-3 5.59396E-2 5.14572E-1 1.12334E-1 8.81333E-2 1.83361E-1 5.44848E-2 7.95227E-4 6.57037E-4 3.37842E-2 5.72165E-2 1.75839E-1 1.897E-1 4.84513E-2 3.07371E-2 2.30477E-1 1.00736E-1 2.42535E-1 9.71854E-3 3.87798E-2 1.43258E-2
6.06967E0 1.54807E1 9.0956E0 2.13017E0 1.44337E0 1.58019E0 7.13673E0 4.9265E0 5.40124E-1 1.97679E-2 2.66017E-2 3.38415E-2 2.18689E0 1.13847E-1 2.25024E0 5.381E0 2.58938E1 6.96402E-2 3.32154E-1 2.22348E-2 9.21553E0 2.37641E1 7.05034E0 8.25614E0 1.21797E-1 5.1176E-2 4.2517E-2 1.46731E-1 2.27687E-1 6.54886E-5 4.69348E-2 3.62957E0 6.5168E-1 1.43077E-1 1.1885E-1 5.08162E-2 4.84526E-3 1.40251E-2 3.75126E-1 9.26005E-3 5.56648E-2 5.69409E-2 1.15012E0 1.70005E-1 8.88053E-2 4.35767E-2 4.618E-2 3.53568E-2 5.71664E-4 5.42165E-2 1.57653E-1 5.80294E-4 6.11759E-2 4.26749E-4 1.87798E-1 1.35647E-1 1.7673E-1 2.76887E-1 1.77862E-1 1.06808E-2
1.7715E0 2.42629E1 4.9291E0 1.9468E0 2.05009E1 2.06296E0 2.77224E1 2.98283E-1 2.24488E-2 1.63511E-1 2.20614E-2 5.536E-1 8.18156E0 3.44262E-1 2.60534E1 2.86829E1 1.69041E-2 2.55864E-2 5.44407E-1 1.35989E0 3.15088E1 1.33526E-1 1.96238E-1 1.07185E0 5.39031E-2 1.57718E-2 1.63472E-1 1.45304E-1 1.75229E-1 9.16582E-1 2.81212E-2 2.36396E-1 6.79939E-1 2.19124E0 6.56348E-1 1.80939E-1 5.07393E-2 3.71996E-1 2.44382E-2 1.24768E-2 5.6515E-2 1.70449E-1 5.12478E-2 1.17865E0 1.2085E0 1.98566E-1 2.43117E-2 1.92391E-1 5.15145E-2 2.15142E-1 3.38281E-2 2.56019E-2 5.76325E-2 7.05646E-4 3.68619E-2 5.02691E-2 6.2332E-1 8.95028E-1 1.01259E0 1.27299E-1
2.21771E1 2.309E0 1.19973E1 1.71077E0 7.01643E-1 2.33045E0 1.34292E1 1.22242E1 3.73388E-1 4.54031E-1 2.57936E0 5.84547E0 1.0088E0 1.05537E1 3.45841E1 1.72789E1 5.24154E-1 1.77672E1 5.62512E1 2.84921E1 1.71519E0 2.16732E-1 1.47352E-4 9.29013E-3 1.61376E-2 3.18777E-2 5.72215E-2 6.13584E-2 4.67935E-2 4.82271E0 1.44711E-1 1.81407E-1 1.52262E-1 2.4025E1 7.48044E0 4.41216E0 2.00356E0 4.14817E0 3.51454E-2 2.13921E-3 6.50438E-3 8.44559E-2 3.96027E-1 1.76404E-1 5.26314E-2 7.87199E-2 2.14074E-1 2.79968E-2 5.3651E-1 3.11884E-2 5.24238E-2 6.49873E-1 3.01922E-2 6.22185E-1 5.5111E-2 2.89843E-2 2.08214E-2 5.61073E-2 2.20588E-2 1.50131E-1
