outputallcorrectTI_nofloodareas_nofloodcontrols_BK90/flood.asc
ncols         319
nrows         495
xllcorner     219017.22331753
yllcorner     4610852.5305323
cellsize      500.0
NODATA_value  -9999
[rows 208 to 233 of 495, columns 0 to 59 of 319]
5.38029E-1 2.29221E-2 2.79165E-1 2.31022E-1 2.0989E-1 2.2264E-1 2.39682E-1 4.82619E-2 8.6173E-2 2.67891E-2 2.63482E-1 3.11441E-2 4.15828E-2 6.65766E-3 6.06104E-3 8.19855E-3 8.71219E-2 1.31824E-1 9.45516E-2 2.52206E-1 9.45736E-1 6.82241E-1 9.98384E-1 1.00282E-1 6.09659E-2 7.34788E-2 4.95648E0 1.20443E1 1.10302E-1 9.8691E-2 7.8387E-2 1.04026E-1 1.12815E-1 7.79289E-2 1.20807E-1 1.0968E-2 1.05117E-1 2.74283E-2 1.75852E-2 6.12382E-2 6.47574E-1 1.44018E-1 1.67035E1 1.66403E-1 1.81591E-1 3.54669E-2 5.68998E-2 1.71056E-2 8.2612E-1 8.75175E-2 4.48039E-3 2.5981E-2 6.01137E-2 7.61103E-2 5.61461E-2 7.3138E-2 4.58388E-3 1.08295E-2 4.77276E-3 6.0719E-2
3.15448E-1 2.5029E-1 7.01464E-2 9.4502E-3 7.77568E-2 5.42273E-2 5.56413E-2 3.11084E-1 7.0327E-2 3.62613E-2 5.28143E-2 6.33214E-2 6.48055E-2 8.14178E-2 2.5329E-1 2.87077E-1 2.89408E-1 1.24296E-1 6.44144E-1 6.03054E-1 1.05918E-1 8.25835E-4 8.96208E-2 1.89624E0 1.02771E0 9.0252E-2 1.3997E1 2.10284E1 9.39288E-3 1.50459E-1 8.62545E-1 2.02214E-1 1.00978E-2 1.32467E-2 1.83614E-1 1.67796E-1 1.07695E-1 1.76097E-1 1.06317E-2 7.60346E-2 7.55652E-1 1.39732E-1 1.77069E1 2.27996E-2 2.76615E-2 3.08815E-2 1.58601E1 6.09517E0 1.03147E1 3.46236E-1 4.88738E-2 3.1109E-2 2.38605E-2 3.88378E-1 1.57579E-1 1.21049E-1 1.8456E-2 4.23327E-2 2.36105E-1 2.94391E-1
2.86751E-1 1.84497E-1 7.19542E-2 6.20092E-2 1.22851E-2 4.88768E-2 2.47773E-1 5.80958E-2 2.88317E-2 1.65976E-2 1.46051E-2 9.34751E-3 1.5998E-2 5.69493E-2 8.71238E-2 1.26966E-1 7.64506E-2 1.2756E0 1.73517E-1 1.336E-3 9.63196E-2 2.9372E-1 2.48508E-1 1.25013E-1 8.49096E-2 2.31599E-1 8.52663E-2 1.45298E1 5.24925E-2 3.57087E-2 5.23393E-1 1.11933E-2 7.40553E-3 1.17564E-1 4.1526E-1 3.69576E-1 1.27002E-1 1.89852E-2 2.10996E-1 2.42931E-2 1.12315E0 1.5443E-1 5.15235E-1 4.00118E1 1.02156E1 1.33934E1 1.38907E-1 1.99109E-1 2.18952E-1 4.53357E-1 1.05656E-1 4.31141E-2 3.37791E-2 3.69278E-1 6.72435E-2 2.88952E-2 4.72102E-2 5.79288E-2 1.64701E-4 3.10282E-2
5.75635E-2 9.54203E-3 7.74963E-2 7.10142E-2 1.85497E-2 1.0987E-2 2.03336E-2 6.58929E-2 1.52789E-2 5.69375E-2 1.69478E-2 6.49539E-2 7.79412E-2 8.7613E-2 1.26788E-1 2.75275E-3 7.495E-2 6.73287E-1 8.47683E-1 8.87764E-1 4.59071E-1 7.20667E-4 1.29279E-1 1.77775E-4 7.1066E-2 1.26265E-1 7.61282E-2 3.13357E0 9.08106E0 1.32671E-2 2.72455E0 1.87448E0 1.47709E-2 6.70263E-2 5.75319E-1 1.31085E-1 1.88016E-1 6.95551E-2 3.03927E0 1.89317E0 1.51843E-1 1.12331E1 2.54886E0 4.62706E1 1.47563E-1 1.56175E-1 1.6057E-1 1.43191E-1 1.38671E-1 1.34386E-1 1.46704E-2 8.75513E-2 6.72305E-2 8.719E-1 4.31877E-2 1.52125E-1 3.49925E-4 4.50611E-1 5.17402E-1 2.61171E-1
1.89746E-1 4.47726E-2 4.27193E-2 8.97001E-2 2.7622E-2 5.99866E-2 1.37624E-2 1.36585E-2 2.03825E-1 1.14245E-2 2.54899E-2 8.71204E-2 8.02752E-2 8.99057E-2 2.35178E-1 7.29627E-3 2.52207E-3 1.53492E-3 4.61042E-2 1.68516E-1 9.70811E-2 4.8244E-1 1.92211E-1 2.08792E-2 2.06359E-2 5.65976E-2 1.29011E-4 4.60714E-1 2.41545E1 2.72065E0 1.68236E1 7.50087E0 8.07873E0 5.60996E0 2.20278E-1 7.24983E-1 6.99912E-1 7.68081E-2 4.76217E0 3.01034E1 1.32951E-1 4.39551E0 5.60515E1 4.64745E1 1.46867E0 7.61891E0 1.44125E-1 1.88213E1 7.01338E0 1.06876E0 1.78172E-1 3.12265E-2 1.56431E-2 3.05437E-2 5.31818E-2 1.69858E-1 5.15658E-2 5.26742E-4 1.97917E-4 2.8003E-2
9.03688E-2 5.09962E-2 2.3157E-2 1.10035E-2 1.13881E-2 1.95284E-1 8.91067E-3 9.2702E-3 2.46975E-1 5.67198E-2 2.37115E-2 2.01913E-2 1.6676E-2 5.45328E-2 1.01924E-1 2.94959E-1 5.25981E-2 8.69195E-2 3.64215E-1 6.9204E-2 6.84061E-2 1.9269E-2 4.01075E-2 2.92406E-1 4.96952E-1 1.83774E-2 3.77129E-2 7.21557E-1 1.44112E1 2.75655E1 1.98404E0 3.68323E0 7.92438E0 7.28208E-2 1.49595E-1 9.9319E-1 1.35862E-1 1.0654E-1 8.13359E0 1.65529E1 4.88412E1 2.80768E1 3.57453E-1 2.81146E0 4.21768E0 9.09723E0 1.82005E1 3.49818E-2 3.78674E-2 2.18563E-1 1.74446E-1 2.81353E-2 4.34935E-1 1.95385E-1 1.74215E-1 1.57983E-1 1.7553E-1 5.27461E-2 6.08956E-2 3.10961E-2
-9999 7.17465E-3 3.85326E-2 3.95699E-2 4.7108E-2 1.89488E-1 5.22042E-2 7.57304E-2 6.01642E-1 7.49543E-2 3.30581E-2 4.73408E-2 2.11969E-1 4.01558E-2 6.53711E-2 6.26513E-2 2.64313E-1 3.30546E-2 4.91443E-2 2.58062E-1 3.01581E-1 3.17449E-1 6.33137E-1 6.71755E-1 7.92617E-1 6.83187E-2 1.34472E-1 1.4905E-1 3.02946E0 4.86188E1 8.12054E0 6.25685E-1 4.16045E-1 9.50188E-1 7.72207E-2 1.2811E-1 1.20328E-1 1.78983E0 1.05924E0 4.25941E1 1.78249E0 1.79296E-1 1.36361E-1 2.10671E-1 1.98813E-1 2.29913E-1 1.53476E-1 6.1134E-1 1.39815E-1 5.58919E-1 7.5361E-1 9.4491E-1 8.84859E-2 5.80044E-2 8.01611E-2 1.3154E-1 1.10893E-1 2.32228E-1 3.02727E-1 2.87901E-1
-9999 5.6073E-2 1.96009E-1 1.81599E-2 2.31017E-1 1.84553E-1 2.77493E-2 2.80516E-2 3.53479E-1 2.85762E-2 8.13817E-2 5.89025E-2 7.40896E-2 2.97233E-1 5.12599E-2 4.05587E-2 2.32028E-1 4.70056E-1 9.60504E-4 4.04528E-2 7.40423E-1 7.13204E-1 5.84892E-1 7.82317E-2 9.13846E-2 1.18416E1 1.7537E0 1.49398E-1 1.37453E0 7.26627E0 1.21361E1 8.73932E0 6.73162E0 1.15614E0 1.28294E-1 1.03949E-1 7.42127E-2 5.22485E-1 1.33806E0 1.85978E1 3.26702E1 1.18722E-1 3.70496E-2 1.47452E-1 1.24717E-1 1.2949E0 7.73066E-2 1.27912E1 4.71725E-1 1.59634E-1 1.87466E0 1.78153E-1 8.07662E-2 5.78742E-2 8.7765E-2 2.99497E-1 5.5411E-2 3.67715E-1 4.07388E-2 2.36302E-2
-9999 4.87626E-1 4.1942E-2 2.91654E-1 2.2227E-1 1.64537E-2 1.49788E-2 4.08917E-2 2.44456E-1 6.9307E-2 4.78215E-2 4.3809E-2 4.2823E-2 3.021E-1 4.28348E-2 4.6403E-2 6.96727E-2 2.58834E-1 8.52017E-1 1.32424E-1 1.01702E-1 8.23124E-2 5.59521E-4 1.57468E-1 1.17898E-1 4.31489E0 1.80282E1 4.33034E0 1.6921E-1 6.13414E0 2.79617E1 7.7802E0 7.85087E0 5.09733E0 1.47378E-1 7.82868E0 5.35038E0 1.48763E-1 4.69228E-1 4.52106E0 1.60199E1 6.24251E-1 1.96495E-2 1.17566E-2 5.59212E-2 4.87232E1 1.79356E1 6.99756E-1 5.36602E-1 4.97431E-1 2.42248E1 9.72919E-1 1.01479E0 9.1457E-2 3.59011E-1 1.00832E-1 3.39031E-1 4.61646E-2 5.18462E-2 4.20037E-4
-9999 -9999 4.23593E-1 2.39695E-1 2.0403E-1 3.08422E-2 2.06068E-2 1.83471E-1 2.56451E-1 5.04017E-2 1.43004E-2 1.80242E-2 5.84047E-2 5.28311E-1 2.54935E-1 2.19884E-2 9.28825E-3 1.48068E-2 2.39466E-2 2.93598E-2 1.20583E-1 6.65721E-4 8.31227E-2 7.0214E-2 6.54914E-2 1.52156E-4 7.6854E-1 2.7884E1 1.41115E0 4.06248E0 3.5538E1 1.31943E1 3.82368E0 5.82303E0 1.37539E1 5.05891E0 6.77767E0 1.22514E-1 1.3833E0 3.83939E1 5.01243E-1 4.15096E-1 1.29347E-1 7.15643E-1 2.1191E1 1.50299E-1 4.92379E0 1.85325E-1 9.22764E0 2.28762E1 6.44424E-1 7.25895E-2 1.02932E-1 7.65559E-1 9.33358E-2 1.18698E-1 4.04866E-1 5.897E-2 4.37665E-4 3.32439E-2
-9999 -9999 4.47772E-1 1.89862E-1 1.35961E-2 2.42555E-2 1.79883E-2 4.38269E-1 1.12813E-2 9.09274E-3 5.24167E-2 5.07102E-2 2.95024E-1 1.81502E-1 5.47769E-2 5.7102E-2 4.01527E-2 6.64362E-2 1.14292E-1 4.85152E-2 4.96237E-2 8.95508E-2 8.77674E-2 5.07885E-2 6.41019E-2 6.66081E-2 8.28276E-2 2.49414E1 1.55363E1 1.79632E1 3.18527E0 3.15889E1 9.9399E-1 1.28821E0 6.97971E0 4.51347E0 1.34655E1 1.73441E1 9.42279E0 2.58424E0 6.91745E-1 3.69031E-1 1.79983E1 1.97798E1 2.41393E1 2.29699E1 6.64902E0 6.0347E0 3.67724E1 1.47031E1 1.9102E-1 7.22971E-2 1.31816E-2 8.85325E-2 5.92813E-1 9.92579E-2 1.0465E-1 1.82233E-1 5.17123E-2 6.36745E-4
-9999 -9999 5.01329E-1 2.00274E-1 1.10219E-2 4.88025E-2 8.56227E-3 3.94364E-1 3.19286E-2 3.43825E-3 5.24374E-2 3.8692E-1 1.89684E-1 4.78712E-2 4.12046E-2 7.11179E-2 2.20173E-1 6.97618E-2 4.92733E-1 1.30403E-1 1.28572E-1 1.19096E-1 8.22974E-2 7.91094E-2 4.3347E-1 8.94006E0 4.92316E-1 7.42853E-1 2.64319E1 1.69342E1 2.54318E0 3.45977E1 8.54404E0 1.68335E1 1.95116E1 5.8738E0 3.26404E0 3.11668E1 1.50211E0 9.56942E-1 3.20938E-1 3.6648E-1 3.38696E0 3.73912E1 2.11442E1 1.3025E0 7.15911E-1 3.53189E1 6.02404E0 5.64462E0 1.28896E-1 7.80946E-1 2.48281E-1 2.65927E-1 2.30517E-2 3.48646E-1 9.06863E-2 5.32234E-2 3.29878E-2 7.40707E-2
-9999 -9999 4.46407E-1 1.34714E-2 4.03875E-2 4.32726E-2 3.01396E-2 3.42475E-1 3.78908E-2 3.60945E-1 4.1045E-1 5.86348E-2 3.56658E-2 3.66524E-2 6.57878E-2 4.10711E-2 7.53316E-2 2.60148E-1 9.32065E-1 4.34505E-1 3.20357E-1 7.69494E-2 3.20335E-1 9.15716E-3 9.56724E-2 1.23423E0 1.42044E1 1.48149E0 3.53814E1 3.34517E1 1.85882E0 3.59476E1 1.42382E0 2.71393E1 3.98312E0 4.31023E0 2.49687E1 1.04149E1 1.40222E0 1.56934E0 1.31388E0 1.24655E0 3.0375E1 3.52257E0 1.81696E0 7.87671E-1 1.65415E0 4.03104E1 2.80112E0 3.01278E1 9.24052E0 7.1057E-2 9.11763E-2 4.99274E-1 1.04221E0 2.19272E-1 5.09131E-2 5.30129E-2 6.01055E-2 1.78348E-2
-9999 -9999 7.44303E-1 4.41861E-2 7.83987E-2 1.96366E-1 4.17994E-1 3.87641E-1 3.4692E-1 4.44376E-2 2.14278E-2 4.45731E-2 2.36372E-1 7.98025E-1 5.94607E-1 7.20595E-2 3.88314E-2 5.51721E-2 3.91941E-1 7.74315E-1 1.03561E0 1.0298E-1 7.8252E-2 2.10547E0 3.48459E-1 1.14212E0 8.95681E0 1.63647E1 1.18412E1 5.65744E0 2.57511E1 3.7509E1 1.53939E0 9.12046E0 2.20602E1 5.75226E0 2.79412E1 3.49847E0 4.04654E-1 6.05769E-1 2.67432E0 1.90044E0 3.53373E1 4.81678E0 1.46031E-1 1.14488E0 3.72303E1 6.35692E0 3.41313E1 1.154E0 7.59398E-2 1.11921E-1 8.00059E-2 1.67973E-1 2.66163E-1 3.22521E-2 5.99494E-2 4.75E-2 6.76355E-2 3.62543E-1
-9999 3.45371E-2 4.82898E-2 1.20067E0 6.04828E-2 5.28475E-1 2.20281E-2 2.14064E-2 7.41815E-3 4.88051E-2 5.68172E-2 3.72667E-2 9.37814E-2 3.00205E-2 4.13745E-2 2.25655E-1 2.48482E-1 6.25459E-1 8.81059E-2 5.40244E-2 8.23732E-2 2.54607E1 3.03718E1 1.41376E1 1.85797E1 5.93581E-1 4.89267E0 1.54387E1 2.5796E1 5.64695E0 1.13012E1 3.4245E1 1.01547E1 6.00601E0 8.3705E0 3.30366E1 3.67021E0 3.33967E0 3.7986E0 1.56907E1 4.03518E0 2.43792E1 1.6281E0 3.08533E0 2.92335E0 1.37282E0 1.73298E1 1.31051E0 9.8077E0 3.48648E0 8.07088E-2 6.85792E-1 7.71549E-2 7.74567E-2 3.82669E-2 3.05132E-2 1.96722E-1 1.43994E-2 2.05774E-2 4.93349E-2
-9999 1.83973E-1 2.34739E-1 2.14098E-1 1.02453E0 6.31342E-1 3.49097E-2 2.46178E-1 1.73728E-1 4.68852E-2 8.32746E-3 1.48356E-2 4.32675E-2 1.63511E-2 6.39049E-2 8.70735E-2 1.11906E-1 1.13932E-3 1.51675E-2 3.62382E-2 8.52904E-1 4.32413E0 1.89757E-1 1.47771E0 1.43647E1 4.48471E1 1.73336E1 9.62175E0 2.25259E1 6.01652E1 9.03539E0 2.07637E0 3.98404E1 9.7478E0 5.02849E0 2.87057E1 1.21732E0 1.04532E0 1.10249E1 9.38208E0 1.42122E0 2.49396E1 2.64199E1 2.71532E1 2.7781E1 1.55143E1 2.63016E1 1.26577E0 3.08273E-2 4.59305E-1 2.58369E-1 2.75454E-2 1.75147E0 2.46516E-1 5.67839E-2 2.17013E-2 5.49185E-2 6.78857E-2 7.1871E-2 4.17929E-1
-9999 -9999 2.67744E-2 2.0804E-2 8.74299E-1 1.53673E-2 4.49333E-1 1.93133E-1 7.60303E-2 3.61019E-3 4.48217E-2 1.94505E-2 5.8641E-2 4.15704E-2 2.29876E-1 5.87427E-2 2.64434E-1 5.40826E-2 3.10629E-2 6.42029E-2 5.96339E-5 2.05577E-2 1.01786E-1 1.24934E0 2.39025E0 2.49612E1 3.3079E1 6.17271E0 6.7377E0 1.11209E1 1.95057E1 7.36799E0 6.12464E0 5.44623E1 4.63095E1 3.56185E1 8.28705E0 1.04306E1 1.33735E0 1.50423E0 1.65315E0 4.13772E1 1.04712E0 6.52976E0 2.19436E0 2.33875E0 1.90931E0 1.23222E1 7.00308E-1 1.90706E-2 8.96306E-2 3.16402E-2 3.19445E-2 3.3303E-2 2.5759E-1 2.2672E-2 6.96034E-2 9.04946E-2 3.11537E-1 3.74108E-1
-9999 -9999 5.01869E-2 8.17369E-1 1.54265E-1 5.41074E-3 7.82212E-3 3.82146E-1 1.12552E0 1.86791E-1 5.06277E-2 1.49565E-2 1.95058E-1 1.59524E-1 8.9413E-3 1.24985E-3 2.38E-1 4.09234E-2 4.52426E-2 1.78288E-1 3.9085E-2 1.99189E-1 1.34865E1 3.59417E1 8.72629E0 1.10867E0 2.8312E1 3.2286E1 1.45108E1 8.90851E0 1.43576E1 3.41839E1 2.77342E0 1.66201E0 5.6384E0 4.83042E1 5.09774E1 2.41609E1 9.14479E0 6.32972E0 5.5995E0 8.31625E0 3.70098E0 2.85296E0 2.37004E1 1.93946E0 2.24222E-2 1.51789E-1 1.51739E-1 7.69136E-1 1.05823E-1 1.23183E-1 1.38137E-2 4.53459E-2 1.58966E-1 3.27412E-2 5.66272E-2 2.86969E-4 3.68123E-2 2.35488E-1
-9999 -9999 1.40008E-1 6.78392E-1 3.37146E-3 6.31057E-3 8.43429E-4 7.04258E-2 1.95055E-1 5.85931E-1 2.36588E-1 2.62689E-1 1.89456E-1 2.22501E-2 8.42999E-2 1.63256E-3 6.23732E-2 8.71135E-4 7.90855E-4 3.49824E-2 1.34879E-1 2.15285E-1 2.21439E-4 2.60243E-1 1.94642E-1 8.99267E-1 2.40076E0 9.96255E0 3.98539E1 4.33789E1 5.2725E0 1.64323E0 1.22351E1 9.9895E0 6.29978E0 1.69893E0 5.64158E0 4.65457E1 7.76792E0 6.7538E0 2.90753E1 3.26775E0 8.51916E0 4.57141E-1 1.78603E0 1.54112E-1 2.75186E-2 2.32693E-1 2.15826E-1 1.23014E-1 1.73845E-1 2.6466E-1 1.74807E-1 1.14533E-2 2.02904E-2 1.46073E-2 2.56637E-2 2.17592E-2 2.19907E-4 3.81177E-4
-9999 -9999 8.68754E-1 1.81912E-1 4.92244E-2 4.24075E-2 2.372E-2 1.08872E-3 7.53254E-2 6.19399E-1 1.75287E-1 3.88646E-2 3.65093E-2 1.17674E-2 1.31117E-2 2.07134E-1 4.49558E-3 6.10832E-4 3.20364E-2 3.65557E-4 2.51946E-4 2.09093E-4 2.41429E-2 1.41954E-1 1.3925E-1 2.21526E1 1.11632E1 2.01366E1 6.16566E0 2.10188E0 8.66306E0 9.3501E0 1.13295E0 8.77928E0 1.35865E0 7.88566E0 4.69368E0 3.23784E1 1.13246E1 1.35771E0 3.16244E1 5.89107E0 8.42298E0 7.08225E-1 1.49482E-2 1.82189E-1 3.22742E-2 4.42833E-2 3.70172E-2 7.69698E0 1.13613E1 7.74219E-2 3.65135E-1 2.8193E-1 2.23436E-1 3.07859E-2 6.16956E-2 2.26964E-1 3.02352E-2 5.14345E-2
-9999 -9999 -9999 1.77913E-1 5.04212E-2 1.54158E-2 6.09752E-2 2.35123E-3 2.79989E-2 6.09972E-1 1.94512E-1 4.98037E-2 6.56972E-1 2.01513E-1 5.32654E-2 1.98678E-2 2.44314E-2 2.56274E-2 7.3059E-2 9.44625E-3 9.49223E-3 6.54016E-2 1.34826E-1 1.33851E-1 1.0932E-1 1.35507E0 2.20043E1 4.30025E0 6.0785E0 1.23517E1 8.37252E0 1.02084E1 5.69831E0 3.05824E1 9.27962E0 6.4129E0 4.75212E0 1.44016E1 5.02871E1 3.14232E1 2.21176E0 9.43451E-1 1.96727E0 1.54664E0 6.63428E0 7.38189E-3 1.59664E-1 3.30955E-2 6.05587E0 4.05082E1 2.19019E-2 1.91476E-2 3.90542E-2 4.13369E-2 1.88862E-1 4.57112E-2 4.03452E-2 2.54111E-1 3.49349E-2 2.71221E-2
-9999 -9999 -9999 2.00196E-1 5.18258E-2 1.34061E-2 2.10187E-2 9.90981E-2 3.22646E-2 4.8978E-1 4.88215E-1 4.47359E-1 2.56393E-2 1.91536E-1 4.911E-2 2.3471E-2 5.29688E-2 9.28597E-3 4.42956E-2 1.15699E-1 6.22232E-1 8.5579E-1 8.09679E-1 1.13843E0 2.60796E1 1.13453E-1 6.54193E-1 2.07001E1 2.05987E0 2.37408E0 1.19263E1 4.34493E0 2.49089E1 1.03136E1 1.16797E1 8.90762E0 2.23557E0 8.65802E0 1.36542E1 4.78389E1 7.33271E0 6.64951E0 1.47612E0 1.26068E1 1.0282E1 5.27508E-1 1.60697E-1 1.31447E-1 1.85037E1 4.31308E-1 2.19191E-2 2.38342E-1 2.73356E-1 1.4938E-1 3.432E-2 2.49222E-1 6.17235E-2 2.49238E-1 5.60804E-2 1.80833E-2
-9999 -9999 -9999 5.84092E-1 1.87741E-1 6.51591E-2 7.84413E-2 2.26346E-1 9.54698E-2 4.15367E-2 3.76512E-2 2.5101E-2 1.70345E-2 6.12544E-2 4.85324E-2 6.49176E-2 4.7802E-2 2.43346E-1 2.7492E-1 7.68499E-2 6.31378E-2 6.86558E-2 1.2741E-1 7.64564E-2 2.79352E0 3.02085E1 3.14839E1 4.83972E1 1.03202E1 2.56651E0 1.08017E1 4.47633E0 7.71408E0 1.30262E1 8.47463E0 4.56487E1 4.00307E1 3.94403E1 3.96265E1 5.67888E1 1.43367E0 1.34619E0 1.69426E1 8.48801E0 7.17027E-1 1.18729E-1 1.23317E-1 1.1325E-1 4.83161E-1 1.67935E1 2.30365E0 2.28376E-2 1.54775E-2 1.90397E-1 1.76848E-1 1.78583E-1 3.50224E-2 1.7993E-1 2.45435E-1 4.35595E-2
-9999 -9999 -9999 6.01854E-1 7.10171E-2 7.2037E-2 7.4633E-2 1.06877E-1 3.48336E-2 1.60302E-1 4.78849E-2 1.50777E-1 1.56243E-1 1.95228E-1 2.32933E-1 6.52172E-1 7.33717E-1 6.96288E-1 8.45117E-2 8.15442E-2 7.16799E-2 5.7441E-2 3.36088E-2 2.3519E-1 4.63771E-2 1.20916E-1 1.80338E-1 1.38177E0 4.63735E1 3.88662E0 9.58337E-1 7.61158E0 8.5396E0 1.38903E1 5.80259E0 1.12585E0 2.29096E0 1.62536E0 1.29954E1 1.70892E1 5.05496E1 2.05144E1 6.204E0 9.04171E-1 4.32194E0 1.15158E0 5.24161E-1 1.21111E0 1.15917E1 6.96415E-1 1.4284E-2 4.9297E-2 2.41773E-2 5.48955E-2 1.946E-1 6.02371E-2 5.05775E-2 2.25322E-2 6.10082E0 6.1141E-1
-9999 -9999 -9999 2.2989E-1 1.0445E-1 1.03747E-1 3.7205E-2 7.94858E-2 1.51362E-2 6.22868E-2 1.20917E-1 1.02717E-2 5.43537E-2 2.59395E-2 7.60484E-4 6.91299E-2 6.055E-2 9.58853E-2 2.39512E-1 8.01772E-2 5.50894E-2 7.11633E-2 6.66161E-2 7.02797E-4 2.07273E-1 3.54601E-2 1.48334E-1 1.88601E-1 2.44192E1 1.39258E1 3.27212E1 3.41924E1 3.16719E1 5.89766E0 1.28891E1 2.27948E1 1.6834E0 8.69332E-1 1.67462E0 1.75528E0 1.92528E1 3.91526E1 1.16313E1 8.65504E0 1.23617E0 1.01513E0 5.43114E0 2.04256E0 6.64561E0 6.38798E-1 9.05925E-3 8.11901E-2 2.3848E-2 2.18403E-2 5.40354E-2 1.96594E-2 3.39056E-2 5.99785E-2 9.36764E-1 9.32819E0
-9999 -9999 -9999 5.89346E0 6.08337E-1 4.63395E-2 1.04976E-1 9.97199E-3 9.80834E-3 1.89166E-1 5.95588E-2 1.08745E-1 4.6511E-1 5.12982E-2 1.60657E-2 6.70674E-2 5.95644E-2 7.64208E-2 9.08071E-2 5.70938E-2 1.06908E-3 8.78382E-4 7.27541E-4 1.34741E-1 2.30221E-1 1.77986E-1 7.78735E-2 2.37084E0 2.17768E1 7.30748E0 3.22192E0 3.40833E1 5.05112E0 1.34645E1 2.29213E0 1.16182E1 1.04533E1 1.83445E0 1.49333E0 2.90343E0 1.03047E0 4.73284E1 5.85772E1 3.9381E1 1.68586E0 3.06772E0 2.38801E0 1.46695E1 1.3314E0 9.33918E-1 4.21323E-2 4.07722E-2 2.01411E-2 1.44354E-2 2.14339E-1 2.82183E-2 3.88171E-2 6.0874E-2 2.56953E0 1.02031E1
