outputallcorrectTI_nofloodareas_nofloodcontrols_enormous_RANDOMfcs/flood.asc
ncols         319
nrows         495
xllcorner     219017.22331753
yllcorner     4610852.5305323
cellsize      500.0
NODATA_value  -9999
[rows 351 to 377 of 495, columns 183 to 243 of 319]
3.33491E0 1.37833E0 2.58306E0 3.23195E0 9.59933E-1 7.97367E-1 2.97099E-1 1.7803E0 2.84579E0 4.11141E0 2.80856E0 2.25719E0 4.59042E0 1.9498E0 1.24852E0 2.80997E0 1.2623E1 5.90708E0 2.1845E0 2.38635E-1 2.87981E-1 3.25787E-1 6.32829E-1 1.63297E0 1.86799E0 4.5903E0 7.0375E-1 4.79129E-1 4.40046E-1 4.59038E-1 5.16012E-1 4.53634E-1 6.80352E-1 1.007E0 7.59215E-1 5.59481E0 3.95428E0 7.94306E0 1.93866E0 2.19477E-1 2.97662E-2 3.22253E-2 1.80031E-2 2.69605E-1 1.4036E-1 4.76909E-2 7.14424E-3 1.65412E-3 1.11462E-2 1.30518E-1 2.12861E-2 2.91968E-1 1.14969E-1 1.4275E1 2.17382E0 5.34152E0 1.18667E0 9.3737E-1 2.38931E0 9.28728E-1 5.60598E-1
3.46737E0 3.86478E0 1.39184E1 4.7025E0 1.9501E0 2.01818E0 4.11096E-1 3.17315E0 1.27917E0 4.53723E0 6.35985E0 4.52125E0 6.92721E0 4.34175E0 3.84454E0 1.62273E1 3.51837E0 8.32751E-1 1.53668E-1 5.049E-1 3.86014E-1 9.46827E-1 7.29526E-1 3.50158E0 8.02228E-1 4.62052E0 1.02101E0 6.71308E-1 6.86885E-1 5.93127E-1 9.14092E-1 5.71674E-1 5.26661E-1 1.89955E0 1.09278E0 1.47646E0 1.17929E0 2.20784E0 7.79882E0 9.96704E-1 6.49566E-2 4.76312E-2 9.97064E-2 1.45472E-1 1.17891E-1 5.93018E-2 4.18595E-2 1.81458E-3 4.5983E-4 3.9168E-2 1.99775E-3 7.86195E-3 2.50252E-2 5.95026E-1 1.46593E1 1.89231E1 4.45779E0 3.87869E0 1.26658E0 8.04909E-1 7.01224E-1
4.97472E0 8.34237E0 1.86655E1 3.15559E0 5.77977E0 4.8231E0 1.23167E0 4.56086E0 4.00159E0 1.06485E1 1.56206E1 6.99481E0 8.52629E0 7.12073E0 1.40324E0 2.59507E0 9.6154E0 1.45458E0 1.77227E0 8.61781E-1 3.51281E-1 2.5576E-1 7.60078E-1 2.81389E0 6.81354E-1 9.7947E-1 6.85798E-1 1.41074E0 6.87227E-1 9.6505E-1 1.32481E0 1.05351E0 2.11407E0 2.7357E0 1.61117E0 1.02439E0 6.27401E-1 6.57341E-1 1.00569E1 3.97962E-1 2.77662E-1 8.19084E-2 7.79242E-1 8.51469E-2 3.14858E-2 1.60536E-2 2.80807E-3 9.40587E-3 3.602E-3 2.1375E-3 2.05364E-3 7.76262E-3 8.70589E-2 1.73395E-1 4.98456E-1 3.13358E0 1.54113E1 1.91704E1 2.8953E0 5.6451E0 4.53987E-1
6.69487E0 2.44436E1 1.02868E1 5.75083E0 3.92766E0 6.19436E0 6.15619E0 2.65352E0 8.04128E0 7.38397E0 1.54773E1 1.52741E1 3.34494E0 2.35281E0 4.48023E0 7.34223E0 1.43422E1 2.55168E0 5.5456E-1 3.76897E-1 4.89892E-1 3.80624E-1 4.03321E0 1.13464E0 1.54248E0 7.43528E-1 2.39525E0 8.16622E-1 6.38434E-1 2.57062E0 2.678E0 4.61143E0 9.21205E-1 1.34953E0 1.34886E0 7.5187E-1 7.57796E-1 1.35278E0 1.01367E1 1.67149E0 3.44202E-1 1.42809E0 4.04143E-1 6.52218E-2 2.03284E-1 3.25131E-2 1.41037E-3 4.50728E-3 1.56284E-3 4.84492E-3 2.24246E-3 5.72954E-2 2.05377E-2 4.07724E-2 2.12558E-1 3.21962E-1 5.13921E-1 7.98869E0 2.00043E1 2.17412E0 1.62903E0
2.98591E1 6.2396E0 5.64619E0 1.27609E1 1.35111E1 1.18295E1 1.0582E1 1.41429E1 1.61948E1 2.31771E1 5.19583E0 3.49393E0 2.89362E0 6.59958E0 1.07543E1 2.56411E1 3.10113E0 1.23948E0 5.62479E-1 2.28872E-1 3.7333E-1 1.02104E0 5.67755E0 5.66967E0 8.11738E-1 8.86577E-1 1.88118E0 8.95662E-1 1.10671E0 3.92397E0 1.60207E0 1.44759E0 1.28077E0 1.07534E0 2.89471E0 8.55351E-1 1.28193E0 2.58216E0 5.23505E0 2.88649E0 2.46723E0 1.22748E0 1.56702E-1 1.17963E-1 4.96805E-3 4.35877E-3 1.84805E-3 5.68419E-5 2.00093E-3 8.53082E-3 2.37604E-2 6.59076E-3 1.26608E-3 1.67782E-2 9.93379E-2 6.31987E-1 3.26984E0 2.43714E0 6.89245E0 1.57133E1 3.83847E-1
1.73282E1 1.45009E1 1.51866E1 1.71303E1 6.63043E0 3.52245E1 1.87699E1 3.95886E0 4.96897E0 6.77654E0 5.75874E0 6.55857E0 7.57281E0 1.02564E1 2.89358E1 3.56192E0 1.45662E0 4.19233E0 1.09167E0 4.42081E-1 4.98227E-1 3.40438E0 9.01661E0 1.8836E0 6.05121E0 5.2572E0 1.09981E0 8.72725E-1 1.72609E0 4.22436E0 3.54809E0 3.82058E0 2.10034E0 1.23883E0 5.9188E-1 7.29685E-1 5.46045E-1 1.58103E0 7.77688E0 3.86031E-1 2.08081E-1 1.91857E-1 2.25284E-1 1.55523E-1 8.92072E-3 2.91199E-4 9.72809E-5 2.89665E-4 1.3095E-3 1.10765E-2 1.46788E-3 2.5933E-4 2.51264E-4 3.63733E-2 4.65389E-1 1.4601E0 3.32347E-1 5.80549E-1 2.06447E0 1.57012E1 7.6695E-1
3.38206E1 2.05762E1 2.16914E1 2.99596E1 3.48778E1 2.58579E1 6.20255E0 4.84669E0 3.76924E0 1.41642E1 1.48689E1 1.29486E1 3.00568E1 2.06187E1 3.39404E0 1.40736E0 5.37295E0 8.02524E0 1.10113E0 1.94325E0 2.58149E0 2.61716E0 2.4162E0 1.20851E1 1.32759E0 1.5408E0 2.91217E0 1.19156E0 1.24342E0 8.33916E0 1.34497E0 2.91975E0 1.8713E0 8.36939E-1 5.08948E-1 6.55263E-1 4.64881E-1 7.92805E0 1.39815E0 2.56692E-1 1.07867E-1 5.84943E-1 8.75256E-2 2.41588E-2 4.96092E-3 3.1195E-4 2.53854E-4 1.86586E-3 5.00263E-3 3.01957E-2 9.68977E-3 7.31866E-4 2.35682E-3 6.0999E-2 2.19002E0 2.99644E-1 1.32262E-1 6.09451E-1 5.069E0 6.25938E0 6.38025E0
5.50406E1 6.92253E1 3.39751E1 1.12512E1 7.41814E0 1.33746E1 2.53631E1 5.30949E1 5.46632E1 5.13902E1 2.76686E1 1.88319E1 7.01954E0 3.17847E0 6.01742E0 3.9988E0 1.05789E1 3.68956E0 1.25855E0 1.39066E0 6.80886E0 3.93511E0 1.02244E1 3.35558E0 4.42678E0 6.3028E0 3.1427E0 9.60154E0 9.85721E0 1.82255E0 2.10254E0 6.81856E-1 1.07469E0 1.38272E0 7.57245E-1 5.71137E-1 3.47852E-1 1.0163E0 5.98755E0 4.55639E-1 3.0387E-1 3.96242E-1 1.07977E-1 6.05108E-2 1.36802E-2 4.1839E-4 1.19275E-3 6.01361E-3 9.52432E-3 6.95167E-2 1.20273E-2 4.6552E-3 1.25286E-2 3.64597E-1 2.125E-1 2.33025E-1 4.70798E-2 1.69116E-1 4.79307E-1 2.43267E0 8.95288E0
7.47557E1 3.3261E1 1.09806E1 1.11831E1 7.57452E0 2.0614E1 9.09586E0 1.7808E1 1.96774E1 1.64434E1 3.19241E1 4.10912E0 3.17818E0 6.2543E0 3.80838E0 2.77688E0 6.84263E0 6.4449E0 6.17959E0 4.40702E0 7.48635E0 5.15021E0 1.31127E1 3.90595E0 2.82909E1 3.10135E1 7.68913E0 2.24616E0 1.91308E0 2.53095E0 1.46267E0 2.02325E0 9.50361E-1 7.47909E-1 3.78295E-1 3.42851E-1 2.41184E-1 7.46231E-1 7.36677E0 2.14555E0 9.09555E-1 2.21827E-1 6.69467E-1 4.92291E-2 1.3532E-2 9.76154E-4 5.16769E-3 1.85074E-3 9.68406E-3 2.31085E-2 4.91409E-2 3.2204E-2 1.31992E-1 6.55012E-1 4.58534E-2 1.51162E-2 6.84882E-2 2.20809E-1 1.54369E0 2.17243E0 7.72391E-1
1.371E1 1.86742E1 1.94487E1 1.3983E1 1.02382E1 7.4782E0 1.49491E1 7.66635E0 7.23716E0 2.49026E1 1.31926E1 3.16123E1 1.2532E1 2.85192E1 4.05703E1 1.97797E1 3.91764E1 3.70747E1 2.36102E1 2.63869E1 5.66989E0 2.40322E1 1.28307E1 3.35297E1 3.51962E0 2.66574E0 5.12363E0 2.48982E0 2.66745E0 2.28418E0 8.47818E-1 1.04922E0 6.61462E-1 3.60961E-1 2.09566E-1 1.19597E-1 1.79316E-1 7.28091E-1 5.07607E0 7.35344E-1 4.12843E0 2.84763E-1 9.84828E-2 5.83789E-2 2.71217E-2 8.56243E-3 1.55999E-2 9.42896E-4 2.69276E-4 2.72848E-3 1.88298E-2 3.58836E-1 4.3603E-1 4.32406E-2 1.40661E-2 1.29983E-2 1.37823E-1 6.13088E-1 3.87158E-1 9.11926E-1 4.9189E-1
2.00868E1 3.78717E1 4.15185E1 2.23218E1 1.46569E1 1.11587E1 1.05956E1 5.56491E0 6.20758E0 5.31906E0 5.98932E0 8.47483E0 1.97503E1 8.03254E0 3.33709E0 7.78184E0 4.77284E0 4.62868E0 4.1105E0 4.92928E0 1.74782E1 5.51726E0 3.56228E0 3.29175E0 5.67219E0 5.15E0 1.46582E0 2.97997E0 1.59226E0 2.86621E0 9.79102E-1 4.7077E-1 4.9667E-1 2.63876E-1 2.51695E-1 2.7255E-2 5.0942E-2 1.39967E-1 1.96476E-1 5.18492E0 3.77415E0 5.68847E-1 7.26075E-2 2.97051E-1 9.04798E-2 6.27182E-2 1.46045E-2 5.53587E-4 9.30069E-6 1.36057E-5 1.45575E-3 1.92587E-2 1.73541E-1 1.55451E-2 2.20416E-2 3.75023E-2 2.36742E-1 4.63916E-1 1.37292E-1 1.28064E0 7.97157E-1
7.85971E0 7.27863E0 1.59945E1 3.47646E1 2.02454E1 6.93298E0 6.1401E0 1.23156E1 9.27222E0 9.99408E0 9.3911E0 9.76964E0 7.05597E0 5.22521E0 6.27263E0 5.6072E0 4.13731E0 5.21608E0 4.36419E0 4.22688E0 1.88445E1 2.85774E0 6.51223E0 5.82616E0 2.71959E0 3.4823E0 1.78833E0 3.38713E0 4.61543E0 1.61232E0 9.22242E-1 3.77589E-1 9.24342E-2 6.2269E-2 6.32591E-2 9.58814E-2 1.34473E-1 2.0188E-1 2.44617E-1 4.09861E0 1.17027E1 3.63395E-1 8.94578E-1 6.30211E-1 7.03005E-2 1.75445E-1 1.41768E-2 1.14987E-3 5.2749E-5 2.66606E-6 3.75725E-4 2.12194E-2 5.61511E-2 2.97704E-3 2.26407E-2 8.98513E-2 2.93772E-1 1.00662E-1 3.45764E-1 4.22625E-1 6.21019E-1
1.29834E1 1.06618E1 8.76246E0 1.15903E1 3.15992E1 2.05462E1 8.16361E0 1.36454E1 1.42207E1 1.47306E1 1.36918E1 1.45732E1 7.24057E0 4.10968E0 6.23636E0 6.16508E0 9.50963E0 4.95599E0 5.36665E0 4.84788E0 1.94876E1 7.00428E0 5.50051E0 6.48604E0 6.04791E0 4.71677E0 3.63973E0 1.01469E1 6.17573E0 2.24151E0 8.51795E-1 3.61561E-1 1.34262E-1 1.44847E-1 4.29428E-2 1.20914E-2 1.33288E-1 4.39636E-1 6.42631E-1 1.51748E0 1.5841E1 1.23858E0 6.91104E-1 1.23722E-1 4.72096E-1 1.1256E-1 1.5563E-2 4.48243E-3 1.68256E-4 8.75588E-6 2.50769E-5 7.65847E-3 2.67613E-2 1.04853E-3 1.70007E-2 2.71271E-2 3.61568E-2 1.93913E-1 1.97624E-1 3.96891E-1 1.70373E-1
1.32342E1 1.75094E1 2.86476E0 4.64911E0 4.22827E0 1.17765E1 3.52396E1 3.44105E1 9.37198E0 5.70407E0 5.76412E0 1.348E1 1.36476E1 8.87159E0 4.77721E0 9.68337E0 3.60592E0 7.56058E0 7.19035E0 6.08486E0 5.23296E0 2.74724E1 7.65808E0 3.27366E0 3.06212E0 1.20274E1 9.34994E0 2.24402E0 2.14753E0 6.43175E0 1.85561E0 4.53658E-1 9.8274E-2 7.47478E-2 1.2836E-2 1.31142E-2 3.14303E-2 1.20075E-1 3.49183E-1 2.0051E0 6.98308E0 5.5995E0 6.35408E-1 9.53143E-1 9.60723E-1 1.28301E-1 4.16276E-2 1.19689E-2 8.72778E-4 2.33529E-4 2.03355E-4 4.2608E-3 3.50202E-3 8.04198E-4 1.78397E-2 7.48105E-3 3.62587E-2 5.00372E-2 7.76704E-2 9.63942E-2 9.6731E-2
1.83658E1 1.16891E1 1.50987E1 8.44376E0 2.95902E0 7.46273E0 1.02577E1 2.38951E1 2.94149E1 9.38999E0 1.13277E1 5.17377E0 6.50165E0 1.10716E1 2.79939E1 6.74929E0 1.24566E1 8.33883E0 4.85625E0 1.33723E1 9.48811E0 5.57664E0 1.0194E1 3.44472E1 4.21226E1 1.33877E1 3.65102E0 3.65785E0 3.59789E0 5.02547E0 1.83227E0 1.17045E0 1.90237E-1 1.31798E-1 7.48333E-2 4.10296E-2 1.86144E-2 1.01028E-1 7.53119E-1 6.68659E0 5.95532E0 1.79008E1 1.46535E0 1.32345E0 5.01306E0 5.05141E-1 4.84501E-1 1.54917E-2 1.80496E-3 5.99222E-3 6.381E-4 4.91795E-3 4.73406E-3 1.63513E-3 4.82377E-3 7.59188E-3 8.41423E-3 3.34847E-2 5.97649E-2 9.16367E-2 1.44802E-1
1.55393E1 1.44656E1 1.80233E1 1.46039E1 3.88199E0 3.83423E0 2.51849E0 4.47723E0 4.33573E0 1.97226E1 1.10507E1 9.57184E0 4.76548E0 3.40742E0 3.00131E0 3.24318E0 4.41398E0 5.51203E0 5.87266E0 1.76634E1 4.09591E0 2.82362E0 9.53339E0 2.7847E0 7.78164E0 1.19482E1 1.71017E1 5.91012E0 2.65859E0 2.31229E0 2.44739E0 4.96367E-1 2.43848E-1 1.85301E-1 3.98925E-2 9.80486E-3 1.95996E-2 6.77745E-2 5.449E-1 8.53433E-1 1.03824E0 8.74278E0 1.50053E1 2.85148E0 1.76182E1 2.51596E0 1.57212E0 1.20028E-1 5.18893E-2 1.29656E-3 5.00573E-5 4.01517E-3 7.5394E-3 5.02228E-3 2.7426E-3 2.38777E-3 4.78149E-2 6.65012E-2 3.09103E-1 5.71573E-1 5.42083E-1
1.82537E1 2.63229E1 1.59794E1 2.16506E1 1.486E1 1.40199E1 4.59729E0 9.65388E-1 2.22976E0 3.02249E0 1.53893E1 9.57666E0 5.58302E0 7.65507E0 6.16186E0 3.9297E0 5.10749E0 4.92862E0 3.91688E0 2.91951E0 3.73438E0 9.32006E0 5.10797E0 2.64096E0 4.98149E0 2.4321E0 2.92309E0 6.72679E0 2.51469E0 3.68411E0 1.74266E0 1.5109E0 1.04187E0 3.39458E-1 9.54256E-2 1.47164E-2 1.30179E-2 7.22408E-2 3.15398E-1 3.65207E-1 1.09518E0 7.38993E0 4.24269E-1 1.29611E1 4.08343E0 1.45911E1 8.81125E-1 1.39107E-1 9.35936E-3 1.46303E-3 4.7337E-4 7.99751E-3 2.98599E-2 1.91853E-2 1.06784E-2 3.35727E-2 1.07727E-1 1.21178E-1 6.93724E-2 7.64327E-2 1.46264E-1
1.83604E1 1.69296E1 2.55427E1 1.54458E1 1.77448E1 1.10065E1 9.5518E0 3.40976E0 1.09045E0 1.04297E0 2.55736E0 7.70527E0 7.69314E0 1.13669E1 6.808E0 6.18762E0 8.08082E0 1.203E1 9.89326E0 5.2882E0 1.36329E0 1.52993E0 2.78457E0 4.19242E0 9.4814E0 8.61824E0 3.47178E0 2.19479E0 2.37702E1 1.61993E1 3.1537E0 1.77994E0 1.79403E0 5.93324E-1 2.88477E-1 1.11633E-2 2.1934E-2 4.46495E-2 5.94936E-2 3.11098E-1 5.58299E-1 1.18793E0 3.14429E-1 2.53911E-1 1.29445E-1 8.92843E-1 4.42384E0 5.44482E-1 1.85313E-2 8.38492E-3 2.35977E-2 4.62977E-2 2.93923E-2 4.17001E-2 1.85317E-2 1.55378E-2 3.9456E-2 2.46731E-2 3.25554E-2 7.18885E-2 2.17186E-1
2.06054E1 2.08624E1 3.36056E1 3.05576E1 2.40924E1 1.80138E1 1.28916E1 8.73884E0 6.8139E0 8.51442E-1 7.59617E-1 1.59037E0 5.51856E0 5.59563E0 8.66362E0 5.82525E0 3.3084E0 8.51614E0 1.37589E1 9.00408E0 4.31624E0 5.41592E-1 8.95245E-1 3.79254E0 6.19788E0 5.99838E0 1.89383E0 1.7716E0 1.57632E0 1.93012E0 1.09642E1 5.45062E0 3.31361E0 1.30139E0 1.11639E-1 5.8457E-3 1.39289E-2 5.98029E-3 2.25855E-2 1.19641E-1 2.37534E-1 4.09317E-1 1.94195E-1 8.14968E-2 4.28512E-2 2.57785E-1 4.33307E0 4.05029E-1 1.38535E-1 3.91412E-1 3.74305E-1 9.73681E-2 1.15207E-1 3.81454E-2 6.41768E-3 5.00966E-3 7.15942E-3 2.31855E-3 4.68969E-3 1.48968E-2 4.18378E-2
3.67445E1 3.31313E1 2.12726E1 1.65261E1 1.82046E1 1.55817E1 1.18693E1 1.51547E1 7.16376E0 1.33743E0 4.84445E-1 1.01329E0 1.08769E0 4.35294E0 5.55311E0 1.02678E1 6.37579E0 3.63728E0 1.82252E1 7.88133E0 1.95334E0 9.80102E-1 7.61185E-1 2.34593E0 2.77796E0 1.06508E0 1.50713E0 1.42356E0 1.04438E0 1.50106E0 2.23131E0 3.25821E0 1.42323E0 1.52055E0 2.20484E-1 6.71456E-2 2.0807E-2 2.02917E-2 2.47311E-2 6.55921E-2 3.03014E-2 1.4361E-1 8.75351E-2 6.44697E-2 1.6082E-1 4.27991E-1 4.89747E0 4.90541E0 1.42419E0 8.90166E-3 2.16954E-3 1.14748E-2 2.91878E-2 1.26688E-2 7.88762E-3 4.30316E-3 1.19102E-2 2.12688E-3 4.29665E-3 2.26476E-2 5.76613E-3
5.2935E1 1.90937E1 1.73307E1 1.80907E1 1.88142E1 2.48092E1 1.72198E1 1.40229E1 8.69007E0 2.35476E0 1.3555E0 7.41844E0 2.58073E0 2.682E0 9.72954E0 1.65412E1 1.46474E1 7.42841E0 4.9027E0 8.50848E0 3.9201E0 8.40903E-1 4.22585E-1 1.4068E0 1.66712E0 9.96377E-1 8.40932E-1 2.33295E0 1.9241E0 7.85918E-1 8.81081E-1 4.51381E-1 6.64718E-2 7.07485E-2 6.51033E-1 3.37506E-1 9.91975E-2 1.36461E-2 4.5357E-2 7.14836E-2 2.01834E-2 3.47961E-2 4.49015E-2 9.50229E-2 8.16214E-2 8.88662E-2 5.30474E-1 4.22001E0 2.26019E-1 2.56762E-3 9.53393E-5 1.33206E-4 8.45156E-3 1.03284E-2 1.72054E-3 4.783E-3 4.62593E-2 8.65848E-3 3.43127E-3 4.19586E-3 1.09672E-2
2.27064E1 5.09359E1 1.82482E1 1.98943E1 2.34828E1 1.70756E1 3.18862E1 7.03439E0 1.17036E1 7.57945E0 8.05633E0 1.32846E1 9.99798E0 1.11684E1 2.1831E1 7.69554E0 1.11465E1 4.51603E0 8.36448E0 1.15084E1 5.62124E0 6.82934E0 2.44987E0 5.28584E0 6.29038E0 1.61482E0 3.62529E0 1.65435E0 4.18903E-1 4.171E-1 4.06892E-1 3.28821E-1 2.05113E-2 1.66042E-2 5.15209E-2 1.7373E0 2.71148E-1 2.15219E-1 9.65616E-2 6.02245E-2 3.1918E-3 2.18306E-2 1.46266E-2 2.12818E-2 3.70057E-2 1.76076E-2 1.22389E-1 3.4053E0 3.3588E-1 2.50951E-2 5.45192E-4 1.63477E-5 6.05853E-4 3.42586E-3 8.23812E-3 1.73881E-2 2.30595E-2 1.0196E-2 6.57182E-3 6.83518E-3 3.47576E-2
2.08135E1 5.38846E1 2.51994E1 2.76914E1 2.06954E1 2.78709E1 9.92099E0 2.23353E1 6.3356E0 1.36967E1 1.6992E1 1.09666E1 1.30678E1 1.04807E1 2.81538E1 9.10662E0 9.73233E0 1.15688E1 2.42151E1 8.84553E0 8.2606E0 9.04642E0 1.59885E1 1.6302E1 6.68213E0 1.08622E1 5.34104E0 1.39831E0 7.76627E-1 6.00364E-1 7.72289E-1 1.57415E-1 1.45782E-2 1.63828E-2 3.18568E-2 5.18311E-1 1.03844E-1 3.29644E-2 1.49698E-2 8.45424E-3 4.7377E-3 6.31487E-3 4.81135E-3 3.82096E-3 1.20289E-2 6.95791E-3 3.25567E-2 6.57905E-1 3.16006E0 5.76155E-2 2.39987E-3 2.01566E-4 2.90908E-5 7.01458E-4 1.60618E-2 4.95498E-2 4.72313E-2 2.47798E-2 1.13012E-2 2.72907E-2 3.26272E-2
2.21762E1 1.04699E1 5.17914E1 2.43018E1 1.28381E1 3.30241E1 2.86716E1 1.32579E1 2.16172E1 4.35739E1 3.47285E1 4.19727E1 4.03919E1 2.2766E1 1.09203E1 1.11886E1 1.30234E1 4.29827E1 4.40059E0 9.90511E0 2.86859E1 2.06638E1 3.74851E0 4.94758E0 9.54986E0 2.92175E0 9.13036E0 6.47671E0 4.27979E0 1.69726E0 6.86849E-1 3.6504E-2 1.56868E-3 5.08577E-3 9.16373E-3 7.72317E-2 1.36343E0 1.34952E-1 1.24635E-1 8.6111E-3 4.76256E-3 1.77328E-3 6.61098E-4 3.12212E-4 7.45783E-4 1.67563E-2 1.88646E-2 3.21495E-1 4.15916E0 1.31624E0 5.79416E-2 5.80601E-4 3.41891E-5 7.49379E-4 8.34475E-3 9.21394E-3 1.83676E-2 7.8347E-2 4.03315E-2 4.52015E-2 7.58123E-3
2.12497E1 2.34198E1 1.08615E1 2.78734E1 6.47857E1 1.09597E1 2.02703E1 1.72169E1 1.50888E1 1.31391E1 1.40256E1 1.31978E1 1.36163E1 5.06397E1 1.48349E1 5.514E1 5.32743E1 6.41402E0 1.57309E1 1.27979E1 4.75313E0 5.72125E0 3.44012E0 6.19237E0 6.14635E0 6.86684E0 1.77481E0 2.59876E0 9.09765E-1 7.7039E-1 2.58207E-1 8.82271E-3 5.42935E-4 7.00824E-4 2.97859E-3 2.62399E-2 5.38641E-1 9.86405E-2 2.16228E-2 1.64951E-2 2.22862E-2 8.17325E-3 2.38723E-3 1.06274E-3 1.28017E-3 1.96576E-2 8.36882E-2 3.15919E-1 8.99881E-1 7.3569E0 3.99233E-1 2.13249E-2 4.16409E-4 1.5062E-4 1.0841E-2 2.00469E-2 4.55498E-2 9.82551E-2 9.14888E-2 5.6976E-3 1.14472E-2
1.90744E1 1.86711E1 2.43563E1 1.9905E1 1.99028E1 2.30997E1 1.8683E1 1.63867E1 1.8864E1 1.51422E1 1.40196E1 1.36182E1 9.00743E0 2.93877E0 2.74081E1 1.18703E1 1.24351E1 9.34038E0 7.80231E0 4.25134E0 3.28099E0 6.00312E0 5.23569E0 2.40511E0 2.6566E0 7.49223E0 3.65801E0 1.69686E0 1.07503E0 1.05303E0 1.63146E-1 1.68773E-2 2.08595E-3 3.62898E-3 6.24301E-3 4.57338E-2 6.404E-1 1.97188E-1 1.66463E-1 9.09222E-2 4.8738E-2 7.35251E-3 1.00588E-2 3.68481E-3 2.81681E-3 2.43685E-2 7.83892E-3 1.36907E-1 7.04325E-1 9.95E0 5.13821E-1 4.93016E-2 2.06944E-3 5.48094E-5 5.03947E-3 3.99519E-2 3.17575E-2 1.84572E-1 9.35497E-2 5.68467E-2 1.91078E-2
2.43264E1 2.31428E1 1.96244E1 1.84822E1 2.32116E1 1.87827E1 1.99719E1 2.24869E1 1.69709E1 1.10226E1 8.35238E0 4.21031E0 3.09878E0 6.59946E0 9.81287E0 1.07404E1 6.76295E0 1.16825E1 8.58772E0 1.37719E1 3.94823E0 2.74271E0 2.23142E0 1.41309E-1 5.79381E-1 1.86041E0 5.58898E0 3.50246E0 4.47779E-1 1.41443E-1 1.46233E-1 2.58876E-2 3.79484E-3 2.33784E-3 1.09689E-2 6.33471E-2 3.33468E-1 6.98486E-1 1.93019E-1 4.24988E-1 7.33728E-2 1.84579E-2 3.61156E-2 2.67182E-2 1.03178E-2 2.48673E-2 6.25956E-2 2.2869E-1 5.57914E-1 3.51734E0 1.30458E0 3.70047E-1 2.50087E-2 5.93862E-2 4.56055E-3 4.38868E-2 1.20907E-1 8.33785E-2 1.97047E-1 9.40555E-2 6.11236E-2
