outputallcorrectTI_nofloodareas_nofloodcontrols_enormous_RANDOMfcs/flood.asc
ncols         319
nrows         495
xllcorner     219017.22331753
yllcorner     4610852.5305323
cellsize      500.0
NODATA_value  -9999
[rows 108 to 134 of 495, columns 183 to 243 of 319]
3.94961E0 4.61291E0 3.725E0 1.36209E1 9.02924E0 5.17855E0 6.43472E0 6.93144E-1 8.71721E-2 1.68876E-1 2.03425E-1 2.883E-3 2.84427E-5 3.05843E-6 5.48778E-5 7.49827E-3 2.09579E-3 1.57719E-3 2.75603E-2 5.17747E-2 4.77126E-1 1.95014E0 3.10186E0 1.22516E0 2.0299E0 7.18201E0 5.45148E0 7.68546E0 -9999 -9999 -9999 -9999 -9999 -9999 -9999 -9999 -9999 -9999 -9999 -9999 -9999 -9999 -9999 -9999 -9999 -9999 -9999 -9999 -9999 -9999 -9999 -9999 -9999 -9999 -9999 -9999 -9999 -9999 -9999 -9999 -9999
5.76362E0 6.55972E0 3.8097E0 1.57828E1 6.66032E0 1.0174E1 4.45038E0 3.47754E0 1.75732E0 1.34283E0 5.90809E-2 2.22122E-3 3.15789E-4 2.0818E-5 1.51586E-4 5.14017E-3 7.16606E-3 1.93286E-3 3.31875E-3 1.94657E-1 3.02199E-1 1.27203E0 3.00126E0 6.05794E0 6.47195E0 1.37996E0 2.02585E0 3.94824E0 -9999 -9999 -9999 -9999 -9999 -9999 -9999 -9999 -9999 -9999 -9999 -9999 -9999 -9999 -9999 -9999 -9999 -9999 -9999 -9999 -9999 -9999 -9999 -9999 -9999 -9999 -9999 -9999 -9999 -9999 -9999 -9999 -9999
2.9182E0 6.59583E0 1.5001E1 2.01115E1 1.05458E1 6.92362E0 5.98626E0 5.50517E0 6.48186E0 7.37787E-1 7.94304E-2 8.88556E-2 5.56269E-3 1.60634E-3 3.98415E-4 6.43738E-4 2.97711E-3 3.33734E-4 4.97833E-3 4.40524E-2 3.13464E-1 2.61805E0 1.81633E0 1.47991E0 2.25501E0 1.0671E0 2.31583E0 3.24639E0 2.3146E0 -9999 -9999 -9999 -9999 -9999 -9999 -9999 -9999 -9999 -9999 -9999 -9999 -9999 -9999 -9999 -9999 -9999 -9999 -9999 -9999 -9999 -9999 -9999 -9999 -9999 -9999 -9999 -9999 -9999 -9999 -9999 -9999
1.06704E0 1.28265E0 2.72647E0 2.33697E1 5.02613E0 6.40152E0 9.14695E0 9.79499E0 5.06244E0 4.89176E0 2.00446E0 6.38962E-1 1.1956E-1 1.35417E-2 2.54536E-3 8.63331E-4 8.6304E-4 1.17795E-3 4.58342E-3 4.60626E-1 7.1089E-1 2.98752E-1 2.32284E-1 1.14163E0 1.51013E0 2.4126E0 2.56035E0 2.85683E0 3.76863E0 3.98827E0 -9999 -9999 -9999 -9999 -9999 -9999 -9999 -9999 -9999 -9999 -9999 -9999 -9999 -9999 -9999 -9999 -9999 -9999 -9999 -9999 -9999 -9999 -9999 -9999 -9999 -9999 -9999 -9999 -9999 -9999 -9999
1.4328E0 1.07146E0 3.26585E0 8.33806E0 1.96669E1 5.87368E0 1.01644E1 1.18639E1 8.95583E0 5.41599E0 5.59313E0 2.49342E-1 1.22269E-1 1.78993E-1 2.4812E-2 3.34152E-2 3.56875E-2 2.97911E-3 1.27173E-3 2.5323E-2 1.93066E-2 1.34952E-1 2.12101E-1 9.80034E-1 2.35266E0 5.65568E0 6.05135E0 7.58244E0 7.77793E0 4.04561E0 -9999 -9999 -9999 -9999 -9999 -9999 -9999 -9999 -9999 -9999 -9999 -9999 -9999 -9999 -9999 -9999 -9999 -9999 -9999 -9999 -9999 -9999 -9999 -9999 -9999 -9999 -9999 -9999 -9999 -9999 -9999
2.32991E0 3.24121E0 1.39067E0 1.88671E0 2.46124E1 1.02825E1 6.85214E0 1.38321E1 1.1128E1 1.04854E1 5.5955E0 1.10139E0 2.51641E0 1.09588E-1 7.87003E-1 3.51176E-1 6.93522E-2 5.04106E-2 3.79323E-3 9.21393E-4 1.14852E-2 3.68589E-1 2.68112E0 2.93019E0 3.58083E0 2.05903E0 3.51542E0 5.86325E0 5.59159E0 1.14262E1 5.65751E0 -9999 -9999 -9999 -9999 -9999 -9999 -9999 -9999 -9999 -9999 -9999 -9999 -9999 -9999 -9999 -9999 -9999 -9999 -9999 -9999 -9999 -9999 -9999 -9999 -9999 -9999 -9999 -9999 -9999 -9999
1.10899E0 9.25161E-1 1.2038E0 1.57716E0 2.85481E0 2.32669E1 1.3725E1 9.00274E0 1.55041E1 1.00303E1 6.12184E0 6.16677E0 7.69417E-1 2.82991E-1 3.77028E0 2.23917E-1 5.72083E-1 1.40411E-1 5.76675E-2 8.72884E-3 1.18239E-2 6.78297E-2 2.90219E-1 5.18316E-1 1.44119E0 3.00957E0 3.37581E0 4.2407E0 3.9979E0 8.66688E0 9.56112E0 1.42465E1 -9999 -9999 -9999 -9999 -9999 -9999 -9999 -9999 -9999 -9999 -9999 -9999 -9999 -9999 -9999 -9999 -9999 -9999 -9999 -9999 -9999 -9999 -9999 -9999 -9999 -9999 -9999 -9999 -9999
2.74806E0 3.42171E0 9.52362E-1 2.0159E0 2.04529E0 2.41067E1 1.62216E1 8.10756E0 1.65723E1 8.73647E0 7.45579E0 8.7704E0 3.9688E0 1.50475E0 5.58778E-1 1.442E0 3.41807E-1 8.57882E-2 9.50656E-3 9.25667E-3 5.46965E-3 6.5645E-3 4.05946E-2 3.1678E-1 2.10495E0 3.7335E0 5.32433E0 6.63495E0 7.49068E0 3.19305E0 3.69805E0 3.56158E0 -9999 -9999 -9999 -9999 -9999 -9999 -9999 -9999 -9999 -9999 -9999 -9999 -9999 -9999 -9999 -9999 -9999 -9999 -9999 -9999 -9999 -9999 -9999 -9999 -9999 -9999 -9999 -9999 -9999
1.89689E0 2.94606E0 1.92167E0 4.44428E0 4.55838E0 1.9599E0 9.57799E0 7.92311E0 4.97298E0 1.41758E1 1.30244E1 8.42313E0 6.00119E0 3.6071E0 4.80587E0 2.14487E-1 5.61883E-2 1.03378E-2 4.37948E-2 1.8132E-1 1.02073E-1 3.03043E-3 1.06151E-1 1.43348E0 1.34457E0 2.53085E0 4.15091E0 5.39296E0 1.60779E0 1.90774E0 4.04247E0 8.53789E0 -9999 -9999 -9999 -9999 -9999 -9999 -9999 -9999 -9999 -9999 -9999 -9999 -9999 -9999 -9999 -9999 -9999 -9999 -9999 -9999 -9999 -9999 -9999 -9999 -9999 -9999 -9999 -9999 -9999
8.21655E-1 2.91101E0 3.22661E0 1.64346E0 3.09271E0 3.7091E0 2.96397E0 1.27231E1 8.41257E0 1.8694E1 1.68438E1 1.54566E1 1.25488E1 5.60488E0 1.46441E0 6.27647E-1 7.21346E-2 4.23953E-2 3.99489E-1 6.63943E-1 2.25188E-2 1.8839E-3 5.82559E-2 2.66869E-1 1.47437E0 2.79202E0 3.70325E0 3.76316E0 1.64202E0 5.84034E0 6.94853E0 2.58255E0 -9999 -9999 -9999 -9999 -9999 -9999 -9999 -9999 -9999 -9999 -9999 -9999 -9999 -9999 -9999 -9999 -9999 -9999 -9999 -9999 -9999 -9999 -9999 -9999 -9999 -9999 -9999 -9999 -9999
6.59348E-1 1.2094E0 1.62353E0 1.31914E0 4.90105E0 1.3677E0 2.99234E0 1.25475E1 8.18945E0 1.02201E1 7.42354E0 8.15755E0 1.38523E1 4.24882E0 1.58503E0 7.60663E-1 8.16346E-1 1.08482E0 3.23099E0 1.38775E-1 1.81572E-1 9.68583E-2 3.03839E-2 1.8108E-1 1.32268E0 3.03272E0 2.45174E0 2.85894E0 5.39761E0 1.07628E0 2.4595E0 2.6195E0 6.21854E-1 -9999 -9999 -9999 -9999 -9999 -9999 -9999 -9999 -9999 -9999 -9999 -9999 -9999 -9999 -9999 -9999 -9999 -9999 -9999 -9999 -9999 -9999 -9999 -9999 -9999 -9999 -9999 -9999
7.97385E-1 9.01061E-1 6.92292E-1 3.41414E0 1.68453E0 3.00276E0 3.11561E0 2.92262E1 1.01223E1 1.24256E1 1.17514E1 7.4849E0 2.94345E0 6.23099E0 3.87636E0 3.02897E0 2.05906E0 7.28452E-1 3.85701E0 1.23779E0 8.84403E-1 1.70298E-1 4.75491E-2 6.5858E-2 7.13554E-1 2.1648E0 2.39844E0 3.40903E0 3.75488E0 6.23083E-1 1.41124E0 1.13829E0 1.95976E0 -9999 -9999 -9999 -9999 -9999 -9999 -9999 -9999 -9999 -9999 -9999 -9999 -9999 -9999 -9999 -9999 -9999 -9999 -9999 -9999 -9999 -9999 -9999 -9999 -9999 -9999 -9999 -9999
3.74202E-1 1.8852E0 2.80225E0 1.52465E0 4.39245E0 4.19795E0 1.10154E1 4.92148E0 1.78785E1 1.03993E1 2.84709E0 1.10326E1 9.60789E0 6.24598E0 5.76997E0 2.23836E0 9.03996E-1 6.3582E-1 2.21394E-1 9.05739E-2 1.33539E-1 6.3475E-2 1.42614E-2 5.65291E-2 1.9962E-1 9.46912E-1 1.52914E0 3.8804E0 2.22754E0 3.75746E-1 8.45285E-1 1.08156E0 4.52623E0 -9999 -9999 -9999 -9999 -9999 -9999 -9999 -9999 -9999 -9999 -9999 -9999 -9999 -9999 -9999 -9999 -9999 -9999 -9999 -9999 -9999 -9999 -9999 -9999 -9999 -9999 -9999 -9999
9.64302E-1 2.07472E0 2.91081E0 1.47969E0 2.16702E0 2.67323E0 3.28383E0 1.12999E1 9.17587E0 1.51983E1 1.35941E1 8.08151E0 2.53222E0 7.44412E0 8.58358E0 5.03953E0 1.32013E0 9.61282E-1 4.14758E-1 1.69119E-1 3.74918E-2 1.21961E-1 6.34992E-2 5.95315E-1 1.92031E0 2.3874E0 3.58712E0 2.1666E0 1.73251E0 7.95867E-1 6.41474E0 1.05357E1 -9999 -9999 -9999 -9999 -9999 -9999 -9999 -9999 -9999 -9999 -9999 -9999 -9999 -9999 -9999 -9999 -9999 -9999 -9999 -9999 -9999 -9999 -9999 -9999 -9999 -9999 -9999 -9999 -9999
3.29653E0 9.74901E-1 6.04987E-1 1.08078E0 1.97018E0 2.11888E0 5.48866E0 3.14602E1 1.12832E1 2.62925E0 3.03079E0 1.28854E1 4.18754E0 2.78501E0 1.15812E1 7.81531E0 1.56667E0 1.9464E0 6.88836E-1 6.60938E-1 7.30513E-1 5.64903E-1 1.30083E-1 6.00442E-1 3.10507E-1 1.00933E0 1.26186E0 1.47228E0 2.3436E0 8.67252E0 1.34096E0 4.81685E0 -9999 -9999 -9999 -9999 -9999 -9999 -9999 -9999 -9999 -9999 -9999 -9999 -9999 -9999 -9999 -9999 -9999 -9999 -9999 -9999 -9999 -9999 -9999 -9999 -9999 -9999 -9999 -9999 -9999
1.57715E0 5.30924E-1 5.67263E-1 9.90931E-1 4.07549E0 8.13423E0 9.47354E0 1.1089E1 8.42342E0 2.24611E0 1.39636E1 7.98417E0 9.3696E0 3.91958E0 7.77929E0 1.14744E1 3.08537E0 7.75428E-1 1.33944E0 2.49378E0 1.18708E0 5.16737E-1 1.50252E-1 4.31311E-1 5.22564E-1 1.19245E0 4.05014E0 4.48352E0 7.62558E0 1.39204E0 2.54419E0 9.12183E-1 -9999 -9999 -9999 -9999 -9999 -9999 -9999 -9999 -9999 -9999 -9999 -9999 -9999 -9999 -9999 -9999 -9999 -9999 -9999 -9999 -9999 -9999 -9999 -9999 -9999 -9999 -9999 -9999 -9999
1.88578E0 1.34356E0 1.33101E0 7.95256E-1 1.88712E0 2.71527E0 2.96685E1 1.82744E1 1.78742E1 5.26701E0 1.09674E1 1.10082E1 1.35298E1 8.43422E0 1.26177E1 1.66425E0 9.63232E-1 2.80973E-1 1.46665E-1 4.12245E-1 1.36734E0 1.04434E0 7.62279E-2 1.03009E0 4.60223E0 1.0166E0 3.69989E0 2.66201E0 5.75043E0 7.89078E-1 5.28916E-1 1.44307E-1 -9999 -9999 -9999 -9999 -9999 -9999 -9999 -9999 -9999 -9999 -9999 -9999 -9999 -9999 -9999 -9999 -9999 -9999 -9999 -9999 -9999 -9999 -9999 -9999 -9999 -9999 -9999 -9999 -9999
3.78371E0 3.33263E0 1.64689E0 9.35671E-1 2.00255E0 1.60776E0 1.01725E1 1.20806E1 1.09293E1 3.65269E0 1.11645E1 1.34315E1 1.59019E1 1.61311E1 3.70392E0 1.24214E0 2.18545E-1 3.15746E-1 7.13495E-2 3.69569E-2 3.41774E-2 5.68777E-2 6.28176E-2 1.75591E0 3.65619E-1 2.85069E0 1.65918E0 1.50975E0 5.76884E0 9.90596E-1 1.21736E-1 2.35783E-2 -9999 -9999 -9999 -9999 -9999 -9999 -9999 -9999 -9999 -9999 -9999 -9999 -9999 -9999 -9999 -9999 -9999 -9999 -9999 -9999 -9999 -9999 -9999 -9999 -9999 -9999 -9999 -9999 -9999
1.60066E1 4.021E0 1.47656E0 1.1629E0 1.22696E0 6.83671E0 2.99013E1 1.28999E1 3.41804E1 3.29126E1 1.68309E1 1.23636E1 2.23865E1 1.39229E1 3.61646E0 1.23822E0 6.58214E-1 1.04601E-1 1.81442E-2 2.02485E-3 8.71918E-3 4.3553E-2 3.5638E-1 1.35763E0 7.80069E-2 3.24124E-1 4.70852E-1 1.18363E0 5.24664E0 8.84183E-1 1.35022E-1 3.39101E-2 1.59175E-1 -9999 -9999 -9999 -9999 -9999 -9999 -9999 -9999 -9999 -9999 -9999 -9999 -9999 -9999 -9999 -9999 -9999 -9999 -9999 -9999 -9999 -9999 -9999 -9999 -9999 -9999 -9999 -9999
2.09696E1 4.6964E0 2.12508E0 1.30552E0 1.2433E0 2.65286E0 3.19201E1 3.39493E1 1.16162E1 1.28171E1 3.37801E1 3.70892E1 2.53239E1 1.53472E1 9.66432E0 1.04173E0 2.77481E-1 1.00676E-1 1.33752E-2 4.24098E-3 8.34826E-3 1.96825E-2 1.09207E-1 1.77012E-1 5.92206E-2 2.12657E-2 1.70703E-1 6.44881E-1 1.31714E0 4.09094E0 1.9973E-1 2.23828E-2 1.88911E-1 -9999 -9999 -9999 -9999 -9999 -9999 -9999 -9999 -9999 -9999 -9999 -9999 -9999 -9999 -9999 -9999 -9999 -9999 -9999 -9999 -9999 -9999 -9999 -9999 -9999 -9999 -9999 -9999
1.51844E1 8.65004E0 4.07962E0 1.88608E0 2.08557E0 1.54307E0 5.02065E0 3.71912E1 1.66222E1 1.0586E1 1.32982E1 1.43686E1 1.09015E1 1.93235E1 1.1933E1 2.34288E0 1.5963E0 1.42482E-1 2.2258E-2 3.56902E-2 3.87678E-3 8.9841E-4 3.70817E-3 2.78973E-2 3.94379E-2 1.96213E-1 3.83306E-1 1.92758E0 1.8658E0 4.71444E0 3.17187E-1 1.78213E-2 6.61544E-3 2.09539E-3 -9999 -9999 -9999 -9999 -9999 -9999 -9999 -9999 -9999 -9999 -9999 -9999 -9999 -9999 -9999 -9999 -9999 -9999 -9999 -9999 -9999 -9999 -9999 -9999 -9999 -9999 -9999
1.37019E1 2.74586E1 4.73764E0 3.73544E0 3.00349E0 3.81647E0 2.10276E1 1.28576E1 9.00743E0 1.29688E1 1.01828E1 1.06571E1 1.15551E1 9.91096E0 1.33076E1 3.19135E0 2.54846E0 4.41838E-1 1.0472E-1 2.68787E-1 1.40244E-2 1.89603E-4 8.1277E-5 4.46801E-4 1.35477E-3 1.21275E-2 1.29291E-1 1.26217E-1 3.50139E-1 2.87553E0 6.38554E-1 6.24716E-2 1.39228E-2 1.60344E-3 -9999 -9999 -9999 -9999 -9999 -9999 -9999 -9999 -9999 -9999 -9999 -9999 -9999 -9999 -9999 -9999 -9999 -9999 -9999 -9999 -9999 -9999 -9999 -9999 -9999 -9999 -9999
5.32696E0 2.52674E1 1.50755E1 3.69665E1 1.55327E1 3.56858E1 1.1717E1 1.48611E0 7.91683E0 3.16754E0 6.27055E0 7.58557E0 8.1416E0 1.10002E1 2.68882E1 8.6599E0 2.97289E0 4.3626E-1 2.02139E0 1.82874E-1 1.60206E-2 5.68139E-3 2.32733E-4 7.08327E-5 6.00531E-5 3.21287E-4 1.28613E-2 6.10444E-2 1.75923E-1 1.07595E0 2.39004E0 1.05651E0 1.08496E-1 4.74636E-3 -9999 -9999 -9999 -9999 -9999 -9999 -9999 -9999 -9999 -9999 -9999 -9999 -9999 -9999 -9999 -9999 -9999 -9999 -9999 -9999 -9999 -9999 -9999 -9999 -9999 -9999 -9999
3.32988E1 2.82458E1 4.4503E1 2.12582E1 1.96171E1 8.16009E0 1.20754E0 6.64901E0 9.40916E-1 5.87516E0 5.49588E0 4.91194E0 9.12618E0 1.33776E1 8.80714E0 9.45461E0 1.89412E0 5.53569E0 1.95259E0 8.31226E-1 3.39802E-1 8.2348E-2 7.59084E-3 1.28752E-3 5.1893E-4 7.21852E-4 1.51398E-2 3.22576E-1 1.14661E0 1.85289E0 2.24719E0 2.2594E-1 8.79709E-2 2.46621E-2 -9999 -9999 -9999 -9999 -9999 -9999 -9999 -9999 -9999 -9999 -9999 -9999 -9999 -9999 -9999 -9999 -9999 -9999 -9999 -9999 -9999 -9999 -9999 -9999 -9999 -9999 -9999
3.70815E1 4.69897E1 1.85744E1 9.13922E0 2.5501E0 5.3717E0 4.8849E0 1.80315E0 6.10432E-1 2.14507E0 6.12684E-1 3.86953E0 6.06012E0 1.03338E1 2.73125E1 1.38344E1 4.0124E0 1.48136E0 1.38336E0 8.95169E-1 4.51232E0 7.10417E-1 1.4446E-1 1.21401E-2 6.56679E-3 8.44374E-3 4.99884E-3 1.13046E-2 9.83233E-2 1.02359E0 1.43526E0 1.95103E-1 2.58E-2 7.16374E-3 3.92891E-2 -9999 -9999 -9999 -9999 -9999 -9999 -9999 -9999 -9999 -9999 -9999 -9999 -9999 -9999 -9999 -9999 -9999 -9999 -9999 -9999 -9999 -9999 -9999 -9999 -9999 -9999
5.00451E1 1.37633E1 1.52482E1 1.09206E1 2.42525E0 2.06479E0 2.30506E0 9.03521E-1 4.80601E-1 4.6902E-1 2.65165E-1 3.35843E0 6.82191E0 1.19897E1 2.72603E1 1.72174E1 1.31198E1 3.52717E0 2.8045E0 1.99913E0 5.51958E-1 3.72131E-1 1.20068E-1 1.18537E-2 5.91872E-3 4.11851E-4 8.67083E-5 2.10734E-3 8.47887E-2 1.06166E-1 3.71559E-1 3.82959E-1 1.70214E-2 2.78332E-3 4.27096E-3 -9999 -9999 -9999 -9999 -9999 -9999 -9999 -9999 -9999 -9999 -9999 -9999 -9999 -9999 -9999 -9999 -9999 -9999 -9999 -9999 -9999 -9999 -9999 -9999 -9999 -9999
1.30351E1 9.44122E0 3.1629E0 2.21991E0 7.25066E0 1.49776E0 3.38689E0 4.3873E0 3.02538E0 1.6042E0 1.15305E0 3.74533E0 2.49369E0 7.50603E0 8.03838E0 1.40102E1 8.44326E0 1.31803E0 1.77349E0 3.26794E-1 1.11416E-1 2.43251E-2 9.88904E-3 1.83535E-3 1.19958E-3 6.91215E-5 4.5921E-5 4.37757E-4 5.92406E-3 1.09666E-2 2.16624E-1 2.00241E-1 1.77063E-2 2.38937E-2 2.107E-2 5.27117E-2 -9999 -9999 -9999 -9999 -9999 -9999 -9999 -9999 -9999 -9999 -9999 -9999 -9999 -9999 -9999 -9999 -9999 -9999 -9999 -9999 -9999 -9999 -9999 -9999 -9999
