outputallcorrectTI_nofloodareas_nofloodcontrols_enormous_RANDOMfcs/flood.asc
ncols         319
nrows         495
xllcorner     219017.22331753
yllcorner     4610852.5305323
cellsize      500.0
NODATA_value  -9999
[rows 162 to 188 of 495, columns 122 to 182 of 319]
1.0732E1 1.09822E1 2.63192E0 5.66326E0 2.63081E0 9.77343E0 2.81729E0 3.42344E0 1.01003E1 3.4829E1 1.85325E1 2.16812E1 4.06945E0 1.01375E1 1.05342E1 1.00137E1 8.99692E0 1.29476E1 4.72414E0 6.8978E0 1.05745E1 6.88163E0 1.30091E1 7.81172E1 4.72536E1 3.15943E1 1.20483E1 1.31448E1 4.10076E1 2.8768E1 9.00642E0 9.23162E0 2.23957E1 2.54541E1 3.57384E1 4.269E1 3.23356E1 3.30152E1 3.44814E1 7.51454E1 2.07134E1 3.01636E1 1.14512E1 3.59287E0 4.63621E0 3.92194E0 1.07786E0 7.36385E-1 6.71414E-1 2.36287E0 1.73073E0 4.92968E0 2.15019E0 1.66301E0 1.34013E0 2.44714E-1 1.52683E-1 3.86941E-1 8.32722E-1 5.66818E-1 5.28227E-1
2.4796E1 1.6745E1 4.88803E0 3.99021E0 1.0189E1 1.31176E1 4.28258E0 3.27131E0 7.45572E0 3.7893E1 3.59633E1 8.22481E0 4.70107E0 1.5104E1 9.44909E0 8.48889E0 1.4738E1 1.10029E1 1.39963E1 6.49699E0 1.14157E1 1.15094E1 1.01447E1 3.22385E1 7.99057E1 4.5006E1 3.61761E1 3.92721E1 4.68126E1 2.95461E1 9.87954E0 2.69248E1 2.93572E1 2.61725E1 3.26902E1 3.30953E1 5.31269E1 5.23359E1 3.21468E1 7.65164E1 2.85362E1 1.80813E1 8.85378E0 8.78689E0 8.52565E0 8.90226E0 1.65889E0 9.35388E-1 2.09089E0 2.88472E0 1.37379E1 2.15969E0 1.78558E0 9.0942E-1 2.93191E-1 1.15066E-1 4.95445E-1 8.95124E-1 5.85986E-1 1.62832E0 1.56033E0
1.86385E1 2.40002E1 1.0952E1 1.17129E1 1.85491E1 1.42218E1 2.58438E1 1.09421E1 8.93607E0 4.00627E1 4.68058E1 2.98982E1 2.29325E1 1.8667E1 9.93512E0 1.01749E1 6.86105E0 1.51087E1 1.16217E1 1.15708E1 8.18551E0 1.7464E1 6.89822E0 6.91923E0 7.88005E1 5.28871E1 4.5752E1 3.3993E1 5.01855E1 3.14608E1 2.71491E1 3.9781E1 2.74612E1 2.68559E1 3.53793E1 3.81594E1 3.67756E1 3.52558E1 4.80833E1 7.37486E1 2.95058E1 1.41388E1 1.11341E1 5.13282E0 1.08164E1 5.21855E0 6.09618E0 1.19759E0 3.271E0 8.52685E0 6.77068E0 5.30222E0 4.08905E0 1.05404E0 9.09822E-1 3.06728E-1 1.02167E0 1.50577E0 1.86154E0 1.48425E0 1.19929E0
2.66865E1 4.02507E1 2.81326E1 2.73104E1 1.9349E1 4.36833E0 4.51054E0 1.68227E1 2.65832E1 2.28681E1 4.36775E1 2.14816E1 2.80152E1 1.97538E1 1.16068E1 1.23675E1 3.06035E0 5.23538E0 1.27516E1 1.38979E1 6.64043E0 1.98839E1 2.12083E1 5.52614E0 3.06575E1 7.87773E1 3.71253E1 3.7381E1 5.36795E1 4.38968E1 4.01379E1 1.81244E1 1.93671E1 3.09647E1 4.06995E1 4.58492E1 3.79489E1 3.45182E1 3.4575E1 7.89513E1 2.90156E1 6.95169E0 1.29233E1 3.15944E1 5.82043E0 8.47391E0 2.44998E0 3.83644E0 9.95432E0 2.76709E0 1.88403E0 1.09359E1 2.73939E0 1.01596E0 5.32751E-1 2.53224E-1 7.13281E-1 8.64658E0 3.93399E0 4.27021E0 3.78061E0
4.11304E1 2.44613E1 4.69135E1 4.35623E1 1.45341E1 6.8524E0 2.60042E0 1.24661E1 1.86454E1 4.389E1 2.36142E1 2.49386E1 2.74835E1 5.26316E0 2.01172E1 1.21139E1 9.82754E0 6.97323E0 1.11297E1 1.04809E1 1.40685E1 6.61565E0 5.63707E0 9.18607E0 9.43453E0 1.35025E1 6.78089E1 5.97065E1 4.25953E1 3.50656E1 3.05843E1 3.29112E1 2.91091E1 4.39722E1 4.31286E1 3.42816E1 3.80411E1 4.30809E1 3.32597E1 4.30962E1 7.25736E1 1.56435E1 2.20965E1 2.04926E1 1.41401E1 6.03097E0 9.42474E0 1.08349E1 3.41167E0 5.16057E0 1.39091E0 6.73096E0 6.62703E0 3.81347E0 1.87924E0 5.26765E-1 1.29799E0 5.18627E0 5.80711E0 2.23935E0 1.49429E1
1.58729E1 1.98032E1 2.67906E1 4.03403E1 2.91079E1 1.13178E1 1.00551E1 5.89503E0 8.2331E0 2.53759E1 2.65406E1 3.34602E1 2.09591E1 5.08825E0 3.04287E1 1.43026E1 1.2526E1 1.93989E1 7.77992E0 7.46852E0 1.50566E1 2.552E1 1.40475E1 1.36265E1 1.40943E1 1.28587E1 5.30189E1 2.49128E1 3.93355E1 3.37861E1 2.84352E1 2.98703E1 4.43697E1 3.55325E1 4.51373E1 3.77842E1 4.18886E1 3.99985E1 4.40455E1 3.5224E1 7.90993E1 2.83626E1 2.76491E1 3.14345E1 1.88627E1 8.99711E0 1.63241E1 5.87483E0 2.82733E0 1.46667E0 5.26899E0 8.20709E0 4.08382E0 2.18892E0 2.71667E0 5.1397E0 6.16198E0 6.40375E0 8.11693E0 8.73026E0 2.52592E1
1.20707E1 2.06391E1 3.51985E1 3.10103E1 2.84461E1 3.02366E1 2.04944E1 8.98194E0 1.78034E1 1.2357E1 4.33444E1 3.31964E1 5.15838E0 5.99476E0 2.8888E1 5.15374E0 3.90429E0 7.30203E0 1.23537E1 2.2061E1 9.77236E0 1.73808E1 3.08263E1 2.87066E1 4.54286E1 7.98446E1 4.60144E1 4.90301E1 3.20514E1 3.00694E1 3.19196E1 3.42695E1 4.95685E1 3.65206E1 4.96433E1 3.51188E1 4.43266E1 3.7454E1 3.524E1 3.47999E1 7.6559E1 1.37134E1 1.56965E1 1.06301E1 2.74389E1 9.54271E0 1.8983E1 5.91216E0 2.786E0 2.5212E0 5.19609E0 4.22974E0 9.0649E0 4.68109E0 2.16894E0 1.6809E0 4.6803E0 1.80079E1 2.83932E1 2.40774E1 1.1485E1
1.97089E1 2.20947E1 3.60077E1 3.12565E1 4.67955E1 3.78393E1 2.50476E1 2.00512E1 2.13575E1 1.30459E1 4.66196E1 3.39209E1 5.39731E0 4.44209E0 9.07986E0 5.88866E0 4.34318E0 5.10644E0 9.07558E0 3.56145E1 4.093E1 4.85372E1 3.32803E1 4.05887E1 8.02401E1 2.48114E1 2.99377E1 3.45948E1 2.72624E1 3.28648E1 3.96473E1 5.49121E1 5.19708E1 3.68519E1 5.24193E1 3.78336E1 4.91405E1 3.98123E1 4.27436E1 4.18513E1 3.18841E1 7.84255E1 1.54169E1 1.5006E1 1.1164E1 1.36866E1 2.27486E1 1.00466E1 2.67603E0 9.25273E0 6.31721E0 1.42453E1 1.04891E1 5.97218E0 2.60651E0 3.88645E0 7.86124E0 2.77737E1 8.27254E0 4.98924E0 5.60974E0
1.4259E1 1.35293E1 4.67386E1 4.53172E1 3.34152E1 4.80455E1 2.63944E1 2.55209E1 2.76567E1 2.21664E1 4.6928E1 2.63617E1 2.3638E1 1.98005E1 3.08555E1 4.9039E0 6.31615E0 7.30475E0 2.61332E1 3.33403E1 3.33371E1 5.08882E1 5.01813E1 8.08013E1 1.32214E1 9.66983E0 2.13893E1 2.75825E1 2.77067E1 3.05471E1 3.68605E1 6.01226E1 4.08631E1 3.90196E1 5.84733E1 5.04269E1 4.06003E1 3.80536E1 3.58172E1 4.76451E1 3.21868E1 7.89734E1 4.92024E1 2.11177E1 1.97495E1 1.82433E1 9.4788E0 4.28387E0 8.62188E0 1.12656E1 2.45019E1 2.95975E1 1.49749E1 6.94393E0 4.62177E0 2.44191E0 2.24924E1 4.40708E0 2.23658E0 3.22158E0 2.78909E0
1.14955E1 5.22789E1 5.20993E1 2.98845E1 2.91753E1 4.27051E1 3.69319E1 3.12386E1 2.49859E1 2.58048E1 2.25856E1 5.75527E1 3.90579E1 3.53723E1 1.92746E1 6.25185E0 5.97425E0 9.59387E0 1.02482E1 3.89171E1 3.60267E1 4.98836E1 3.18751E1 5.52073E1 2.83398E1 8.88134E0 2.20178E1 9.84753E0 3.06352E1 3.98509E1 4.46071E1 5.89977E1 4.13822E1 4.12499E1 5.98652E1 4.0957E1 4.5034E1 3.69671E1 3.97492E1 4.02235E1 4.78211E1 7.89096E1 3.47356E1 1.37079E1 2.94444E1 3.51315E1 2.61404E1 1.25193E1 9.47542E0 1.60114E1 1.3241E1 4.81265E1 1.07783E1 1.51975E0 5.52646E0 4.05898E1 1.41639E1 5.24242E-1 1.4553E-1 1.52889E-1 2.1355E-1
4.94847E1 1.80804E1 2.01863E1 3.12228E1 2.83965E1 3.20851E1 3.8155E1 3.01069E1 2.37898E1 2.29064E1 2.69467E1 5.04803E1 8.84641E0 2.93703E1 2.30925E1 9.20789E0 7.06622E0 2.71042E1 1.55024E1 4.97627E1 3.3424E1 3.40796E1 8.57794E1 3.51182E1 2.81533E1 8.83621E0 9.75789E0 2.29997E1 2.94361E1 2.55262E1 2.79337E1 5.48527E1 3.91244E1 5.58352E1 4.11461E1 4.10213E1 4.1204E1 4.53583E1 3.44449E1 4.64108E1 8.01759E1 4.78397E1 4.38053E1 4.32905E1 4.35129E1 1.49422E1 1.25372E1 1.01195E1 1.24093E1 4.9651E1 2.45606E1 3.88888E0 2.37467E1 2.79885E1 2.70276E1 1.07772E0 5.78044E-1 8.24249E-2 8.37514E-3 5.65686E-3 1.07312E-2
2.84875E1 3.15043E1 3.60488E1 1.30587E1 1.11532E1 1.15413E1 1.02108E1 1.00265E1 2.60937E1 2.04991E1 4.92738E1 2.35056E1 2.2844E1 2.56953E1 2.68392E1 2.04264E1 2.8081E1 3.17446E1 4.01143E1 1.43713E1 4.77372E1 8.40508E1 4.61287E1 3.72996E1 3.08435E1 1.57655E1 1.82831E1 2.59189E1 2.309E1 2.45771E1 2.66777E1 5.33538E1 6.13487E1 4.39231E1 4.11312E1 4.47947E1 3.78888E1 4.0594E1 4.77277E1 4.96272E1 7.96459E1 6.43812E1 6.51072E1 3.69538E1 3.19689E1 1.4188E1 3.00259E1 2.6883E1 2.5859E1 1.07024E1 1.74503E1 5.27872E0 7.90386E0 3.67719E0 6.66003E-1 2.78919E-1 4.02455E-2 7.97648E-3 1.82939E-3 5.7681E-4 6.62306E-4
3.25712E1 2.96804E1 1.7758E1 1.48503E1 1.42809E1 1.02645E1 2.55298E1 1.07288E1 2.79544E1 2.33158E1 5.50263E1 2.72638E1 2.34681E1 2.75068E1 3.97515E1 1.08638E1 2.84487E1 3.60877E1 4.38413E1 4.56665E1 5.53208E1 4.05926E1 3.39602E1 4.65225E1 4.19172E1 2.44123E1 2.6892E1 1.38557E1 2.3296E1 2.94347E1 3.43469E1 3.273E1 6.86822E1 4.78752E1 4.1255E1 4.05325E1 4.44896E1 4.0539E1 3.50684E1 3.31046E1 7.76718E1 3.14507E1 3.39341E1 6.48475E1 6.45889E1 6.2443E1 6.17818E1 1.37422E1 2.91948E1 1.18247E1 1.116E1 1.40174E1 8.73916E0 4.40932E0 1.01337E0 1.04923E-1 1.50097E-2 3.08069E-3 1.16775E-2 1.41656E-3 3.73541E-4
4.63675E1 5.38817E1 4.6483E1 2.4277E1 2.26E1 2.34182E1 2.51442E1 3.12082E1 2.28197E1 2.99997E1 5.49494E1 1.54067E1 1.04024E1 1.37101E1 1.88283E1 2.56959E1 3.31615E1 4.472E1 3.7126E1 5.1524E1 6.34512E1 3.85101E1 3.60705E1 4.52649E1 3.80023E1 2.17609E1 2.69614E1 2.50276E1 1.57979E1 1.40315E1 2.89273E1 6.00634E1 4.61391E1 4.34884E1 4.028E1 3.76894E1 4.59991E1 3.56585E1 3.81077E1 8.01577E1 4.23522E1 3.21254E1 3.90339E1 3.31126E1 3.26783E1 3.17695E1 3.21288E1 1.24835E1 3.06306E1 3.34199E1 1.58106E1 1.38656E1 1.0194E1 8.47809E0 2.59407E0 5.4442E-1 7.5763E-2 9.97467E-2 8.42282E-3 4.5952E-3 6.3767E-4
9.91346E0 2.9337E1 3.2576E1 2.50271E1 2.23537E1 2.41697E1 8.58366E0 2.32746E1 2.33684E1 5.69811E1 2.49507E1 3.49781E1 2.33402E1 1.37019E1 1.95043E1 2.80787E1 3.63381E1 4.20411E1 2.24063E1 3.48311E1 8.47648E1 5.45139E1 4.93995E1 3.18473E1 3.65022E1 2.97783E1 1.47824E1 2.43968E1 1.04835E1 2.0836E1 2.87529E1 6.19117E1 4.35755E1 4.70479E1 4.35331E1 3.43679E1 3.77278E1 4.80713E1 3.29648E1 8.14967E1 3.11442E1 4.11336E1 3.29114E1 4.16712E1 3.90087E1 3.76759E1 3.61923E1 3.33294E1 1.27544E1 3.9626E1 3.19389E1 1.35046E1 1.3697E1 8.22605E0 9.18482E0 2.06651E0 9.36971E-1 1.03387E-1 2.96997E-3 2.47291E-3 2.81992E-4
2.85122E1 2.6134E1 2.82982E1 2.2254E1 2.14898E1 2.17164E1 1.19956E1 2.51976E1 1.70949E1 6.1531E1 2.48811E1 1.65483E1 1.82412E1 2.73019E1 2.01355E1 2.88655E1 4.03291E1 4.98815E1 3.92207E1 3.61193E1 8.44153E1 6.13628E1 4.82148E1 3.93772E1 3.51797E1 2.89957E1 2.44215E1 1.14947E1 2.68656E1 2.21088E1 3.24038E1 6.2775E1 3.89006E1 3.87678E1 4.34573E1 3.89029E1 4.63674E1 3.19348E1 3.56029E1 7.91833E1 3.17228E1 3.28037E1 4.2634E1 3.43223E1 4.34172E1 4.19579E1 4.07191E1 3.35759E1 1.44938E1 3.17968E1 4.41249E1 1.64012E1 1.0668E1 1.23156E1 8.07365E0 7.66945E0 1.19293E0 1.62927E-1 1.31689E-2 1.12454E-3 2.68441E-4
1.1105E1 1.23449E1 2.75419E1 2.33053E1 2.50436E1 2.92527E1 2.53699E1 3.49374E1 3.25946E1 6.24627E1 3.02917E1 2.66293E1 3.06951E1 8.89106E0 2.74143E1 3.4379E1 3.78741E1 5.38548E1 3.84946E1 3.89053E1 8.26012E1 3.92786E1 4.38205E1 3.70741E1 3.14051E1 1.03149E1 1.07543E1 1.57796E1 3.34259E1 1.62421E1 2.89507E1 6.2207E1 3.71165E1 4.06668E1 3.41724E1 4.01795E1 3.00446E1 8.00101E1 8.03277E1 5.13515E1 3.84471E1 3.30381E1 4.7917E1 4.2766E1 1.7749E1 1.72112E1 1.47772E1 1.55881E1 3.22516E1 3.61568E1 3.30068E1 4.77539E1 2.84844E1 1.39631E1 1.37756E1 9.15994E0 3.6756E0 4.78708E-1 3.79743E-2 7.73438E-3 9.68299E-4
3.07634E1 1.19179E1 3.53665E1 2.34591E1 1.60017E1 2.41248E1 3.45031E1 4.40656E1 5.72664E1 2.59704E1 2.93044E1 3.14457E1 8.69193E0 1.60228E1 3.29687E1 3.23521E1 4.85272E1 4.09491E1 5.31266E1 3.85433E1 6.17258E1 3.45605E1 4.35847E1 3.45956E1 1.90665E1 1.57698E1 2.78763E1 2.86263E1 1.88876E1 4.03785E1 3.56085E1 6.13788E1 3.48804E1 3.46479E1 3.7698E1 3.57242E1 8.28071E1 3.67867E1 3.28289E1 3.49454E1 5.10496E1 4.96361E1 3.45985E1 1.82772E1 4.27851E1 1.3804E1 4.37258E1 3.43065E1 3.50108E1 3.68417E1 3.15156E1 4.94805E1 1.02097E1 1.34446E1 2.74115E1 8.57659E0 3.83201E0 1.42247E0 1.06053E-1 6.13433E-3 1.1408E-3
2.65078E1 1.14174E1 3.76683E1 2.49534E1 2.34941E1 2.72944E1 2.74349E1 6.09555E1 2.72763E1 2.82675E1 3.30893E1 9.8568E0 1.20793E1 1.82246E1 3.42693E1 4.96288E1 4.53271E1 5.14698E1 1.51939E1 5.72835E1 3.64687E1 4.52804E1 3.39178E1 3.40148E1 1.96027E1 3.13258E1 3.32476E1 3.43676E1 4.32063E1 3.26969E1 4.07542E1 5.96839E1 3.64362E1 3.23254E1 3.61634E1 8.41868E1 3.68669E1 3.43964E1 3.97136E1 4.53459E1 4.09715E1 3.47918E1 3.65299E1 4.67604E1 2.17453E1 1.95452E1 3.34705E1 3.68215E1 3.2945E1 4.41229E1 5.47445E1 3.28784E1 1.13523E1 1.60938E1 1.15537E1 8.4583E0 9.27424E0 3.97457E0 3.8168E-1 4.3863E-2 8.41118E-3
1.07463E1 3.04915E1 2.53227E1 4.5621E1 2.7925E1 2.66629E1 6.16765E1 4.06837E1 3.0949E1 2.5869E1 1.09676E1 9.24518E0 3.60803E1 3.32315E1 3.68213E1 4.15374E1 5.18586E1 3.9978E1 5.60038E1 3.85087E1 8.1315E1 2.18903E1 2.46443E1 3.56728E1 3.52029E1 3.25958E1 8.23066E1 5.16397E1 4.81287E1 3.59249E1 3.21306E1 8.05631E1 3.3475E1 8.02236E1 8.36154E1 3.42568E1 3.40691E1 3.77198E1 3.78771E1 4.68284E1 3.51094E1 4.09335E1 3.83723E1 5.47387E1 3.49608E1 3.39674E1 4.23797E1 3.42277E1 4.82098E1 3.61384E1 5.74855E1 3.56202E1 5.30204E1 1.07674E1 1.43727E1 1.78402E1 1.15424E1 4.6583E0 1.28572E0 7.02763E-2 4.09104E-2
3.22947E1 2.40909E1 1.13151E1 1.03525E1 2.76532E1 6.03267E1 3.34242E1 2.7077E1 2.99529E1 2.3412E1 2.07404E1 1.18972E1 3.65196E1 4.98649E1 4.29708E1 3.69158E1 4.22689E1 5.92583E1 3.60854E1 8.66142E1 3.63128E1 2.1314E1 2.03496E1 3.37347E1 8.16163E1 8.61196E1 3.42137E1 8.05113E1 8.14674E1 8.25279E1 8.6161E1 3.59257E1 8.23728E1 6.47538E1 4.10308E1 8.24236E1 3.3932E1 3.33807E1 4.63179E1 3.61698E1 4.38591E1 4.06677E1 5.32542E1 3.53344E1 3.54567E1 4.77265E1 3.76486E1 4.96985E1 3.57414E1 5.71237E1 3.43633E1 3.879E1 5.40788E1 3.29429E1 1.10348E1 2.34624E1 1.29546E1 1.05535E1 3.41517E0 5.82969E-1 3.52315E-1
4.21449E1 3.21507E1 2.87217E1 2.57702E1 6.01208E1 3.92186E1 3.49346E1 3.2746E1 2.51365E1 2.82273E1 2.56744E1 3.17661E1 4.18567E1 5.52203E1 3.90289E1 4.37546E1 5.00609E1 4.68929E1 3.77216E1 4.11978E1 8.31814E1 3.27056E1 5.83194E1 8.05901E1 3.3735E1 3.91687E1 2.97716E1 3.57835E1 2.8705E1 5.02393E1 3.69069E1 4.36604E1 3.1458E1 5.43056E1 3.39235E1 3.54275E1 8.03414E1 8.30474E1 8.18236E1 4.74328E1 3.42221E1 5.39145E1 3.85438E1 3.91761E1 4.88637E1 3.95079E1 5.11399E1 3.56798E1 5.76368E1 3.62815E1 4.20359E1 3.78135E1 5.7586E1 3.91638E1 1.95907E1 1.60851E1 1.37548E1 1.42734E1 6.29871E0 4.41055E0 2.66977E0
5.00699E1 2.65861E1 2.56626E1 2.90573E1 6.4125E1 2.62286E1 2.68187E1 2.72485E1 2.86271E1 2.35524E1 2.52312E1 3.32664E1 3.9101E1 5.19925E1 5.34588E1 4.08234E1 4.05995E1 4.50373E1 4.48154E1 3.83895E1 8.32991E1 8.08704E1 1.86492E1 1.52907E1 7.17866E0 8.25403E0 1.20447E1 1.2241E1 1.00848E1 4.2763E1 2.86851E1 3.02433E1 3.67836E1 5.47876E1 3.05714E1 3.0357E1 3.36495E1 4.3574E1 4.08842E1 8.23526E1 8.27597E1 3.38446E1 4.40874E1 3.50631E1 4.9712E1 5.09177E1 3.77614E1 4.29991E1 5.98006E1 3.71569E1 4.47966E1 3.87258E1 4.45411E1 6.66358E1 5.71986E1 3.3371E1 1.00493E1 2.02804E1 1.33619E1 1.67188E0 7.92751E-1
2.63141E1 5.48679E1 2.7467E1 3.6172E1 5.81685E1 4.06038E1 3.77142E1 2.58815E1 2.45936E1 2.29344E1 2.40125E1 3.24728E1 5.15102E1 5.5748E1 3.75632E1 5.29183E1 6.0387E1 5.08823E1 3.72634E1 3.5689E1 8.63849E1 3.88977E1 1.59668E1 1.50364E1 9.85467E0 6.3143E0 8.87786E0 1.38231E1 1.15946E1 5.90657E0 1.1522E1 8.06174E0 1.19147E1 1.27768E1 3.42883E1 1.17487E1 1.52642E1 2.97732E1 3.37635E1 4.65609E1 3.317E1 8.5442E1 3.40022E1 5.00464E1 5.16585E1 4.0489E1 3.69914E1 6.27412E1 6.98802E1 6.96824E1 6.79387E1 6.87109E1 7.82776E1 4.13111E1 3.68772E1 5.1026E1 4.53005E1 1.10086E1 9.24632E0 1.74726E0 6.84944E-1
2.45288E1 2.50579E1 4.91476E1 6.17701E1 2.51826E1 2.50133E1 3.00433E1 3.36024E1 2.80872E1 2.34061E1 1.23394E1 3.91973E1 4.08733E1 5.35362E1 5.08239E1 5.08298E1 6.46641E1 4.09554E1 4.2746E1 8.97747E1 4.28504E1 2.46154E1 1.29309E1 1.15792E1 1.32799E1 3.64247E0 5.68155E0 4.86286E0 1.18934E1 2.52223E1 4.4128E0 1.13571E1 6.91131E0 9.88765E0 1.96019E1 1.06069E1 2.20661E1 1.14201E1 4.00082E1 3.799E1 3.13701E1 4.55362E1 8.18259E1 5.76327E1 4.34055E1 3.66816E1 5.30018E1 6.82626E1 6.91913E1 7.66183E1 6.11643E1 5.2336E1 4.52572E1 4.20786E1 5.39784E1 4.74039E1 4.26199E1 1.33658E1 1.16195E1 2.06742E0 2.4439E0
1.50712E1 2.84402E1 6.83886E1 2.86731E1 1.5103E1 1.0718E1 2.51491E1 2.33613E1 2.39544E1 9.16823E0 3.04321E1 4.12783E1 5.1294E1 5.33613E1 5.24973E1 5.23149E1 5.38174E1 5.75307E1 8.7903E1 3.72582E1 3.82743E1 1.97939E1 1.16763E1 7.88198E0 4.86287E0 1.00248E1 3.30435E0 4.08161E0 5.12416E0 1.4142E1 8.92569E0 3.10074E0 4.03384E0 1.22762E1 1.56794E1 1.54925E1 2.40639E1 3.10552E1 1.21854E1 3.35376E1 4.24623E1 3.19802E1 3.34242E1 8.29873E1 4.37263E1 3.47141E1 1.49505E1 2.46617E1 4.08177E1 4.87526E1 5.05542E1 5.82265E1 6.85772E1 6.56974E1 5.73611E1 5.52373E1 5.28277E1 3.5547E1 1.59448E1 6.42872E0 2.75599E0
2.50098E1 3.36139E1 6.34969E1 1.08923E1 2.54981E1 3.29405E1 9.38038E0 1.70624E1 1.97729E1 2.59997E1 1.37997E1 3.61824E1 3.70193E1 4.00034E1 5.49388E1 5.51325E1 5.12814E1 6.35709E1 8.77972E1 4.55078E1 3.10118E1 2.10756E1 8.7262E0 6.08432E0 3.30525E0 8.32275E0 3.91174E0 7.15084E0 1.0835E1 4.00281E0 1.16059E1 7.39348E0 4.81692E0 2.62509E1 8.49987E0 9.79961E0 9.5247E0 2.17004E1 2.69505E1 1.38713E1 2.81548E1 3.06407E1 4.82769E1 3.40842E1 8.23621E1 5.34415E1 2.07491E1 4.58105E1 4.23376E1 5.90587E1 6.2798E1 6.11606E1 4.20615E1 3.79041E1 5.68259E1 4.13513E1 1.52506E1 1.8351E1 1.10059E1 9.06371E0 3.25537E0
