outputallcorrectTI_nofloodareas_nofloodcontrols_enormous_RANDOMfcs/flood.asc
ncols         319
nrows         495
xllcorner     219017.22331753
yllcorner     4610852.5305323
cellsize      500.0
NODATA_value  -9999
[rows 297 to 323 of 495, columns 183 to 243 of 319]
2.73544E-1 1.8654E-1 1.31669E-1 1.52361E-1 1.81053E-1 7.24863E-1 1.77234E0 4.56835E1 4.64605E0 1.37681E0 3.33674E0 6.37619E0 6.82101E0 2.65324E1 1.36043E1 3.52929E0 1.85003E0 1.96573E0 1.95761E0 1.10432E0 7.84744E-1 7.46879E-1 3.08233E-1 2.79779E-1 3.21392E-1 3.01922E-1 1.01409E0 1.23595E0 6.50438E-1 3.21938E-1 1.50966E-2 8.74369E-5 3.94197E-5 7.76578E-5 2.03092E-5 6.22448E-5 7.74559E-6 2.7697E-7 2.09269E-7 2.39071E-7 7.39379E-7 1.08157E-6 7.26511E-5 2.62309E-4 2.96417E-3 1.41137E-3 4.91526E-4 2.47829E-4 1.78192E-5 9.11601E-7 8.69152E-7 5.01937E-9 4.81015E-8 1.11998E-7 3.13694E-7 1.20811E-6 1.13204E-5 1.03323E-5 9.42293E-5 4.53592E-4 3.39054E-3
2.72299E-1 1.43429E-1 5.07643E-2 5.39369E-2 9.20247E-2 2.30522E-1 6.45358E-1 3.42365E0 4.88055E1 3.03584E0 1.68636E0 2.77762E0 3.14869E0 2.47979E1 2.07262E1 3.7561E0 6.0229E0 4.35139E0 2.47362E0 1.40606E0 1.33434E0 7.88877E-1 4.77831E-1 5.27959E-1 5.67719E-1 5.91953E-1 2.70717E0 5.87074E-1 1.52063E-1 2.11548E-2 4.44931E-3 1.46305E-4 2.43575E-6 9.08995E-6 2.05737E-5 2.0859E-6 3.53911E-7 3.0518E-6 8.30437E-7 9.52087E-7 1.96629E-6 8.15044E-6 1.46328E-5 7.74483E-6 1.04868E-6 1.12042E-5 1.03069E-5 4.05271E-4 7.26223E-4 7.50829E-5 4.12916E-6 1.30566E-7 1.07661E-8 2.31502E-10 3.24784E-10 2.26089E-8 4.9391E-7 8.27817E-7 4.5943E-6 8.32838E-6 6.00097E-5
3.00041E-1 3.96789E-2 4.27326E-2 6.57354E-2 5.52156E-2 1.05457E-1 1.07107E0 5.07134E0 5.55114E1 6.90044E0 6.29094E0 6.16723E0 1.18697E1 2.09321E1 1.05047E1 8.6641E0 1.1574E1 3.81161E0 2.12722E0 2.46252E0 9.18705E-1 7.65575E-1 5.56434E-1 8.22378E-1 9.1156E-1 7.51171E-1 9.15199E-1 4.28249E0 7.19773E-1 1.2526E-1 1.01964E-1 2.75511E-3 5.65262E-4 3.90991E-4 9.9375E-5 2.28857E-6 1.25649E-7 2.83258E-6 4.2157E-6 6.81343E-6 6.5799E-7 1.37024E-6 1.05934E-6 3.79597E-8 3.87982E-8 1.50234E-7 6.36019E-6 1.23984E-5 8.1137E-4 6.81919E-6 3.00915E-5 7.97812E-7 4.99798E-8 7.97057E-10 1.32452E-11 3.1515E-10 3.16444E-10 2.20718E-8 1.80588E-8 1.65271E-7 4.94315E-7
1.58706E-1 5.10442E-2 3.04529E-2 3.32504E-2 2.96176E-2 3.68018E-2 1.81301E-1 2.25688E0 5.09586E1 3.59932E0 2.66733E0 9.42783E0 9.0024E0 1.20321E1 3.39518E0 8.67493E0 1.43042E1 1.48322E1 4.35544E0 5.69244E0 1.77291E0 4.0723E0 1.47699E0 1.17771E0 2.69264E0 1.92945E0 2.0001E0 6.69646E0 1.31089E0 9.80969E-1 8.7471E-1 9.1743E-2 3.3431E-2 1.18684E-1 1.65274E-2 3.34061E-4 2.16413E-4 2.33971E-4 3.28591E-6 5.71393E-5 6.77999E-7 8.76468E-8 8.25769E-9 8.3641E-9 1.15679E-7 1.44051E-7 1.39036E-6 5.68452E-6 9.63298E-5 3.62947E-6 2.21977E-7 7.03063E-7 9.68439E-9 2.47858E-10 7.50296E-10 4.87784E-9 3.0793E-10 8.90703E-10 1.57056E-8 3.09739E-7 1.10417E-6
5.48512E-2 4.17983E-2 2.11834E-2 1.64369E-2 4.71588E-3 1.33359E-2 3.32605E-1 2.04901E0 4.70059E1 3.71165E0 1.0179E0 2.90359E0 3.06934E0 4.00082E0 2.42013E0 2.02371E0 3.04525E0 8.79797E0 3.50151E0 7.89975E0 4.70359E0 1.9583E0 3.57691E0 3.40647E0 4.94865E0 3.8868E0 7.33077E0 5.5341E0 4.85915E0 1.477E0 1.47179E0 5.14959E-1 6.21777E-1 2.81415E-2 8.88447E-3 3.04836E-3 2.44872E-4 3.03671E-6 2.54074E-5 1.13743E-4 1.31943E-5 1.45587E-7 2.22532E-8 1.30025E-6 2.46479E-6 8.0039E-7 1.20266E-7 1.79668E-6 2.29931E-6 2.67105E-5 1.79842E-7 4.07659E-8 2.20056E-9 2.7722E-10 5.37273E-10 3.22922E-8 1.86554E-8 2.20742E-7 4.10304E-5 9.19144E-5 1.33914E-3
7.44756E-2 2.17071E-2 4.69422E-2 1.74806E-2 3.80853E-2 4.4982E-2 2.85061E-1 7.80401E-1 6.47605E0 2.24842E1 1.33082E1 1.67832E0 1.64418E0 2.55985E0 3.59538E0 4.11673E0 3.31959E0 3.02633E0 3.47242E0 2.29822E0 1.99276E0 1.58877E0 3.55056E0 6.03184E0 1.66679E1 1.67581E1 2.88744E1 1.899E1 1.40735E1 1.11937E1 2.39673E0 2.19426E0 1.56705E-1 3.52596E-2 1.13744E-3 1.41378E-4 1.40997E-5 8.81277E-5 9.95267E-4 1.23835E-4 3.26938E-6 2.24203E-8 3.93482E-7 1.1758E-5 3.18422E-7 2.68761E-8 6.31957E-8 5.19072E-7 3.54572E-7 1.57753E-5 2.76965E-7 3.16203E-9 7.36761E-9 2.65999E-9 2.82406E-9 2.88767E-9 1.8548E-6 1.00472E-6 6.88378E-5 1.02925E-2 7.34312E-2
5.31019E-2 5.30008E-2 2.07661E-2 3.22482E-2 2.49422E-2 8.52502E-3 1.51939E-2 1.89318E-1 4.62517E-1 4.05905E0 4.58821E1 6.05492E0 2.1869E0 6.19268E0 2.20816E1 4.26164E1 9.91074E0 9.73535E0 7.88687E0 5.95861E0 1.07917E1 1.37894E1 1.14653E1 1.0589E1 2.11783E1 2.02551E1 2.92197E1 1.25481E1 9.0395E0 7.12912E0 6.80287E0 2.0822E0 1.88196E-1 1.22047E-2 9.32814E-4 1.69869E-4 1.26347E-4 1.7615E-3 2.92377E-3 2.10143E-5 2.55604E-7 1.68279E-6 6.06461E-6 5.30908E-5 9.1681E-7 4.6933E-9 2.01568E-8 9.68364E-9 1.16154E-8 7.47995E-7 1.63373E-6 5.25589E-9 3.16692E-10 2.9987E-7 7.44288E-7 3.96488E-6 1.13504E-4 3.0463E-3 4.20388E-3 1.32937E-1 2.26384E-1
6.58824E-2 5.99115E-2 4.47923E-2 8.12671E-2 1.65688E-2 5.37102E-3 9.57682E-3 2.69477E-3 7.33642E-2 1.44839E0 5.48738E0 5.07664E1 9.87447E0 9.73252E0 1.58229E1 1.17207E1 2.1296E1 2.08579E1 2.20984E1 2.84005E1 2.03401E1 1.85857E1 1.13924E1 1.29481E1 3.07393E1 3.38637E1 1.56217E1 1.19865E1 1.49553E1 1.14659E1 6.63519E0 2.655E0 7.90584E-1 6.31734E-2 2.14321E-3 1.00923E-3 3.53339E-4 3.20064E-2 8.60696E-4 5.90329E-5 4.49875E-6 1.77171E-5 4.58293E-4 4.58813E-5 4.13711E-7 1.0832E-8 1.9495E-8 8.12046E-10 5.60678E-10 5.2089E-8 8.69206E-7 4.63692E-8 6.89777E-10 1.39913E-7 6.3324E-5 1.85836E-3 1.61769E-2 2.79327E-2 1.77151E-1 3.22411E-2 4.39008E-3
5.09649E-3 7.08032E-3 1.57973E-2 7.12943E-2 6.55916E-3 3.57353E-3 9.67074E-3 3.80586E-2 1.04388E-1 9.19873E-2 1.47038E0 1.58711E1 5.81539E1 2.27908E1 1.62413E1 5.26722E0 4.4831E0 2.07149E1 1.93339E1 2.08198E1 1.80634E1 1.38198E1 1.2493E1 3.0518E1 2.545E1 2.62317E1 2.44068E1 2.18349E1 9.68749E0 7.7976E0 1.6325E0 1.78861E0 7.34321E-1 6.30931E-2 1.76609E-2 4.28839E-3 1.82196E-2 3.99867E-2 1.93093E-3 9.7387E-4 3.50163E-4 1.49197E-3 1.90984E-3 1.4255E-3 5.30255E-5 6.15412E-8 7.67208E-10 3.81219E-11 4.32527E-10 3.11669E-9 1.26971E-7 6.79792E-8 4.7529E-9 3.93482E-8 1.07462E-4 3.32234E-3 2.11653E-4 5.84945E-5 1.39239E-3 1.81788E-3 1.66944E-2
8.32945E-3 4.24307E-3 2.42322E-2 1.415E-2 5.30293E-2 2.6571E-2 6.2067E-3 6.84161E-3 8.15595E-3 1.41562E-1 1.37193E0 1.36689E1 1.76645E1 6.00517E1 1.72728E1 4.73601E0 4.54824E0 3.41504E1 3.77524E1 4.17205E1 4.0516E1 4.2553E1 4.77534E1 2.62906E1 2.24541E1 2.1452E1 1.52542E1 1.23817E1 1.81834E1 1.56593E1 4.30209E0 2.9245E0 1.23812E0 3.56393E-1 2.78202E-2 3.82569E-2 9.65778E-2 2.20642E-2 1.18601E-2 1.21704E-2 5.89944E-2 3.33627E-2 5.37809E-3 3.28188E-4 7.17449E-5 1.19511E-6 3.25405E-8 1.34968E-10 2.35697E-11 3.23728E-9 3.87624E-9 6.46917E-9 2.4213E-9 6.66896E-8 3.27838E-5 3.17694E-6 5.51005E-8 2.29429E-6 8.05919E-6 3.44814E-4 1.36539E-2
1.23478E-3 7.86634E-3 1.03567E-2 1.80688E-2 3.49765E-2 4.22827E-2 3.86836E-2 8.29462E-3 3.60128E-2 4.94405E-1 1.71796E0 7.7549E0 1.29745E1 1.43735E1 5.87417E1 1.18811E1 1.396E1 3.20835E1 3.28805E1 2.98288E1 3.15503E1 3.09072E1 2.99237E1 3.03126E1 2.39569E1 2.5335E1 1.96391E1 1.81952E1 1.56496E1 1.36035E1 3.41056E0 2.1576E0 1.15858E0 4.3055E-1 1.30431E-1 5.50666E-1 3.19792E-2 1.02948E-1 1.89587E-1 1.07743E-1 4.51697E-3 6.76709E-3 1.76538E-4 7.42046E-6 9.98286E-5 1.46437E-5 1.00263E-6 2.97375E-8 4.24077E-11 1.51176E-11 9.3336E-11 6.48424E-10 4.74562E-9 4.68035E-7 2.06704E-6 3.61494E-9 9.33878E-10 7.16212E-8 7.97445E-6 7.44336E-4 7.17925E-3
2.10052E-3 7.05228E-3 7.78056E-3 2.38851E-2 8.27632E-3 1.72847E-2 1.55529E-2 5.64931E-2 3.18816E-2 4.90113E-2 4.61204E-1 1.45966E0 3.12943E0 1.26871E1 2.73972E1 6.83974E1 2.49152E1 2.46899E1 2.62925E1 1.88472E1 2.21593E1 1.81545E1 1.63534E1 1.67573E1 2.91592E1 2.10469E1 1.90679E1 1.52839E1 1.18508E1 1.74734E1 1.36813E1 3.01625E0 1.65008E0 4.01994E-1 1.92946E0 9.36065E-2 1.81811E-1 3.79394E-1 3.0482E-2 2.65261E-3 1.5574E-3 4.43242E-4 1.18863E-4 2.34768E-6 2.10125E-7 9.48672E-7 2.12471E-7 1.73811E-9 6.3637E-11 6.33015E-12 2.32011E-11 6.8305E-10 1.16738E-9 1.71147E-7 4.02228E-8 1.38256E-9 2.55361E-7 1.6953E-6 4.22976E-4 4.11684E-3 2.70455E-2
1.09551E-2 2.91919E-2 7.2156E-3 3.16039E-3 1.42106E-3 1.28994E-3 2.36132E-3 7.94223E-2 4.3128E-1 5.18928E-1 1.31249E0 3.02859E0 3.27033E0 1.30645E1 2.69012E1 3.9598E1 5.47931E1 1.76504E1 1.81869E1 2.27319E1 2.20985E1 1.75018E1 1.74643E1 1.72963E1 1.77234E1 3.27999E1 3.21542E1 2.71576E1 2.28591E1 2.99184E0 1.41537E0 8.28714E-1 7.72488E-1 6.89491E-1 8.02376E-1 2.05813E-1 7.05805E-1 9.14304E-2 3.19522E-3 2.06997E-4 5.81338E-4 7.63663E-5 1.78726E-4 3.18573E-6 6.41106E-8 3.82681E-8 3.15395E-8 2.67238E-10 9.9185E-12 6.98473E-9 1.32909E-8 3.77769E-8 3.90366E-9 2.41164E-9 4.85386E-11 8.53124E-8 1.55684E-6 4.9662E-5 3.14043E-4 2.99682E-3 4.14429E-3
6.06575E-2 3.60299E-2 3.5753E-2 1.54666E-3 7.00711E-4 2.61068E-4 2.94899E-3 1.08103E-1 4.10375E-1 1.45063E0 2.40871E0 4.12758E0 5.82746E0 2.15023E1 2.68686E1 3.11489E1 3.8183E1 5.83887E1 1.90227E1 1.82882E1 1.84915E1 2.3468E1 1.94664E1 1.73186E1 1.77178E1 2.58668E1 3.19111E1 2.29159E1 1.92853E1 5.29898E0 3.45058E0 1.21645E0 4.55078E-1 5.3034E-1 2.74403E-1 3.61118E-1 1.92608E0 1.71787E-2 8.46434E-4 2.98908E-4 3.95828E-4 2.34973E-5 8.69208E-6 4.36712E-5 4.82599E-6 1.56187E-6 1.66397E-7 5.66371E-9 1.5137E-8 3.09498E-8 1.23315E-7 3.68208E-9 6.21241E-8 2.25379E-8 4.97847E-10 1.06882E-9 5.74291E-8 2.09376E-5 1.19525E-3 2.89414E-3 2.53098E-3
2.72617E-2 6.14705E-2 1.19668E-2 1.81468E-2 2.05643E-3 4.03212E-4 1.04863E-2 1.39223E-1 5.08914E-1 9.1161E-1 1.75689E0 3.49442E0 1.59427E1 2.13099E1 2.46463E1 2.15078E1 4.45217E1 5.88346E1 1.68688E1 2.19401E1 2.38502E1 2.05091E1 2.37332E1 1.71892E1 1.78062E1 2.53334E1 2.80805E1 1.42763E1 4.01243E0 4.31993E0 2.19318E0 1.47852E0 4.51536E-1 4.75638E-1 3.32843E-1 9.36002E-1 4.86983E-1 1.73578E-2 2.55584E-3 1.64229E-3 6.92691E-4 3.05111E-4 8.62971E-5 6.73973E-6 1.71989E-6 2.34559E-7 7.66733E-8 1.21046E-8 2.17427E-8 1.1407E-7 2.63491E-6 1.83969E-7 1.07205E-7 3.02405E-8 3.44094E-7 2.34432E-6 1.51095E-6 2.85069E-4 1.1315E-2 1.02642E-2 7.58694E-4
3.05259E-2 1.64599E-1 1.65442E-2 2.28538E-2 3.44975E-3 1.04032E-3 6.72675E-4 2.74385E-2 3.40692E-1 7.83014E-1 1.78877E0 3.14432E0 1.67788E1 2.08262E1 2.24273E1 1.55926E1 4.58948E1 5.81247E1 2.27001E1 1.68611E1 1.94956E1 2.41557E1 2.32248E1 1.72876E1 1.92933E1 2.42873E1 2.28568E1 1.29692E1 2.49561E0 2.30464E0 8.40068E-1 5.66808E-1 3.62129E-1 4.73445E-1 8.65892E-1 5.76755E-1 1.57525E0 1.39675E-1 1.21492E-1 2.07599E-2 2.61641E-2 9.07453E-3 5.13082E-3 4.95934E-4 1.01078E-5 6.45366E-7 9.64804E-7 1.93954E-7 6.56764E-8 2.40745E-8 3.71076E-6 2.35138E-5 2.68076E-5 1.01308E-5 9.0155E-6 3.97336E-4 3.22452E-4 5.1476E-4 8.43371E-3 4.33136E-2 1.4794E-2
2.52312E-2 9.93214E-2 1.80833E-2 6.66314E-2 4.27853E-3 4.67869E-4 1.69085E-3 8.94355E-3 4.41197E-2 4.19283E-1 1.26568E0 3.49318E0 1.40681E1 1.98294E1 1.64657E1 3.64626E1 3.22751E1 5.52405E1 1.98637E1 2.02042E1 1.74496E1 1.8616E1 2.0363E1 1.86487E1 1.57925E1 2.03371E1 2.31226E1 2.97747E0 1.63719E0 9.359E-1 8.24356E-1 7.88968E-1 6.32668E-1 7.4527E-1 1.03759E0 6.33151E-1 1.4829E0 1.71232E-1 6.05949E-2 9.09976E-2 3.48302E-3 1.54204E-3 2.79488E-4 6.76092E-4 1.10176E-4 1.1569E-5 1.24653E-6 1.11823E-7 5.91802E-8 1.00429E-7 2.22836E-7 8.78951E-7 7.15118E-6 4.03823E-4 3.80101E-3 1.1501E-2 1.11926E-1 6.92004E-3 3.13762E-2 1.13221E-1 7.8187E-2
2.54932E-2 1.51718E-1 4.20364E-2 5.07541E-2 6.58129E-3 1.79238E-3 3.88741E-3 2.921E-3 1.10777E-2 2.72504E-1 1.23951E0 2.63157E0 1.42517E1 2.00049E1 2.45577E1 3.74236E1 2.48784E1 1.59203E1 5.83536E1 1.62794E1 1.72921E1 2.05035E1 1.76477E1 2.17867E1 1.6402E1 1.80962E1 2.41369E1 4.22827E0 1.5611E0 1.52348E0 1.70899E0 1.06035E0 6.34616E-1 5.35047E-1 7.07143E0 6.81865E-1 1.8241E0 1.40583E-1 1.22076E-1 3.29026E-1 1.61325E-1 1.3921E-1 1.06486E-2 4.40407E-4 4.77975E-5 1.07054E-5 8.87317E-6 3.7614E-6 3.96432E-7 1.74565E-7 3.27598E-7 8.4515E-8 2.54682E-7 2.05925E-6 1.42821E-5 4.77494E-4 1.23035E-1 6.93455E-2 3.16612E-2 1.17189E-1 4.83522E-1
5.74876E-2 1.14238E-1 2.17295E-2 3.50771E-3 1.63612E-2 3.80363E-3 7.38882E-3 4.81839E-2 4.65109E-2 4.45357E-1 1.33836E0 2.99206E0 1.43019E1 2.09501E1 1.56523E1 4.0521E1 1.92961E1 2.72219E1 2.10158E1 5.54484E1 2.09204E1 2.05807E1 1.94012E1 1.78311E1 1.81411E1 1.79337E1 1.69706E1 1.73294E1 5.22223E0 3.3249E0 1.50958E0 7.19541E-1 6.22353E-1 6.5351E-1 1.48948E0 1.09048E1 9.50326E-1 3.86115E-1 1.63744E-1 3.63493E-1 5.18467E-3 3.37451E-3 1.5234E-3 7.83709E-3 2.36483E-3 2.41442E-4 7.94314E-5 2.19508E-6 2.94718E-6 3.02104E-6 2.56452E-7 5.24757E-7 3.3388E-6 6.25761E-5 6.61066E-5 3.25675E-4 7.25049E-2 1.24658E-1 7.90711E-2 2.0279E-1 2.56638E-1
2.03983E-1 1.75077E-2 6.67049E-3 7.05216E-3 7.07408E-3 1.1782E-2 7.90584E-3 1.5516E-2 1.72625E-1 1.00929E0 1.2004E0 4.15322E0 6.98242E0 2.80873E1 1.45151E1 4.2692E1 1.45228E1 1.54792E1 1.60858E1 2.84314E1 5.72624E1 6.44817E1 2.04546E1 1.60394E1 1.70511E1 1.36545E1 1.63244E1 4.20553E0 2.16506E0 9.29853E-1 1.05105E0 9.55776E-1 5.68472E-1 9.86773E-1 1.34347E1 5.00196E0 3.15058E0 2.28941E0 1.09034E0 1.36193E-1 4.44104E-3 1.19215E-3 3.02261E-4 3.57935E-4 3.9578E-4 4.5034E-4 1.53189E-4 5.76913E-5 1.33572E-6 6.53036E-5 1.5532E-6 1.53564E-6 2.17099E-6 2.3062E-5 2.57752E-3 4.53947E-3 2.5418E-1 9.82544E-2 4.98604E-2 7.17793E-2 6.73212E-1
4.71298E-1 5.71993E-2 1.84932E-2 9.93277E-3 6.87131E-3 6.54531E-3 1.66666E-1 5.72882E-2 2.54303E-1 1.35203E0 9.41746E0 1.35551E1 2.0811E1 1.56122E1 2.66162E1 4.90031E1 1.29206E1 1.16404E1 1.30795E1 2.15196E1 1.85052E1 1.85877E1 6.85887E1 1.96002E1 1.43196E1 1.66405E1 1.46785E1 4.44849E0 2.23173E0 1.77294E0 2.71811E0 3.15783E0 1.29242E0 3.42916E0 1.51368E1 8.58377E0 1.08181E1 4.17347E0 4.60345E-1 2.05168E-1 1.89749E-2 1.10816E-2 1.54773E-3 1.98769E-3 1.63064E-3 3.74674E-4 6.83118E-5 2.48542E-5 5.81629E-6 3.74624E-4 8.69809E-5 1.12581E-5 3.05567E-5 2.27328E-4 3.31658E-4 4.18183E-3 1.32797E-1 1.16196E0 5.6605E-1 1.11533E0 2.22712E0
6.3535E-1 1.54518E-1 4.6106E-2 6.30225E-3 8.55537E-3 5.18954E-2 6.95342E-2 8.68993E-1 1.66531E0 3.19187E0 1.12361E1 1.42061E1 1.11507E1 1.48528E1 1.77347E1 3.80374E1 1.24639E1 4.55336E0 1.31628E1 2.16687E1 1.76172E1 2.25798E1 6.07588E1 2.03212E1 1.75187E1 1.99754E1 1.45514E1 5.18947E0 3.53962E0 2.51061E0 3.54569E0 3.54661E0 2.64351E0 2.18896E0 1.84301E1 8.74466E0 1.23569E1 2.02407E0 1.10726E0 5.05533E-1 1.31402E-1 1.72705E-2 8.13807E-3 4.28829E-3 6.58344E-4 1.09763E-4 2.26802E-5 2.49765E-5 1.46493E-4 1.72318E-3 2.5943E-4 1.49883E-5 1.90847E-5 8.65607E-5 7.46443E-4 5.69547E-3 2.03346E-2 6.4192E-2 1.8705E-1 2.49971E-1 1.75571E-1
2.40184E-1 2.34744E-1 1.15747E-1 2.46113E-2 5.0247E-3 3.77093E-2 3.21712E-1 5.64552E-2 1.80142E-1 2.26298E0 1.10423E0 6.35847E0 1.11209E1 1.18528E1 1.52318E1 3.8762E1 5.05566E0 7.06831E0 1.42997E1 1.93613E1 1.66178E1 2.06817E1 1.52431E1 6.8252E1 1.39618E1 1.91841E1 7.36197E0 4.97112E0 4.15625E0 1.12668E1 1.87136E0 1.92404E0 3.3617E0 8.40146E0 1.75087E1 5.69008E0 1.12259E1 1.61991E0 8.06092E-1 5.60444E-1 2.27918E-1 4.1383E-2 1.01854E-2 1.70011E-2 3.57543E-4 1.36188E-4 1.24091E-4 9.80853E-4 3.7364E-3 4.95464E-3 8.40502E-5 6.48633E-6 8.92116E-6 3.28157E-5 7.22922E-4 2.61458E-2 1.02884E-2 3.9284E-2 3.95608E-2 1.043E-1 1.84111E-1
4.63209E-1 6.66302E-2 3.08599E-2 5.45699E-2 2.42165E-2 1.19298E-2 1.51736E-1 1.08939E-1 4.05432E-1 6.32081E-1 7.65226E-1 1.91142E0 1.0271E1 1.37847E1 1.69001E1 4.17632E1 2.61794E1 1.97506E1 1.96184E1 1.73276E1 1.70683E1 1.86932E1 1.52227E1 1.58275E1 5.43237E1 1.42184E1 1.59719E1 1.63965E1 7.49346E0 1.17006E1 8.08869E0 2.84135E0 1.42364E1 2.71305E1 2.68486E1 1.54926E1 1.10563E1 2.011E0 9.92338E-1 6.91729E-1 2.58424E-1 1.49205E-1 1.11656E-1 1.99702E-2 1.41883E-3 1.93068E-3 3.52998E-3 3.61295E-2 1.64542E-2 2.24095E-4 1.19867E-5 6.06641E-5 2.45559E-4 4.90518E-3 1.81853E-2 1.07829E-1 2.46633E-2 3.05708E-1 2.72714E-1 2.64935E-1 7.34561E-1
6.51197E-1 9.17315E-2 2.00754E-2 2.05153E-2 8.2215E-2 1.02791E-1 1.90266E-1 2.99798E-1 6.03691E-1 2.57428E0 5.0023E0 3.99406E0 1.67987E1 2.06956E1 2.37736E1 4.22243E1 1.48559E1 2.7907E1 1.81423E1 2.01209E1 2.03399E1 1.91252E1 1.94704E1 6.09166E1 1.95169E1 1.76609E1 1.6846E1 4.43601E1 3.34489E1 2.82986E1 2.50584E1 2.64271E1 2.69388E1 2.23268E0 3.21427E0 1.22635E1 1.04737E1 2.21743E0 1.36973E0 8.65452E-1 4.04041E-1 4.33284E-1 1.6488E-1 2.86454E-2 5.8057E-3 8.51677E-3 4.52923E-2 7.41706E-2 9.13197E-4 5.21424E-5 9.96462E-5 1.64469E-3 1.23126E-2 4.49195E-2 2.31201E-1 1.25573E-1 4.95304E-2 1.50244E-1 6.4606E-1 1.73069E0 7.24551E-1
6.79326E-1 1.06032E-1 2.40752E-2 1.17316E-2 3.09678E-2 3.24863E-2 2.70065E-2 2.41458E-1 1.23468E0 7.55587E0 1.21381E0 5.5654E0 1.10726E1 1.44873E1 1.33766E1 4.34455E1 1.72883E1 1.65515E1 2.86947E1 2.19227E1 2.54973E1 1.69831E1 1.74074E1 6.24997E1 1.69437E1 1.45842E1 1.56864E1 1.30837E1 4.61828E0 1.08754E1 1.42173E1 1.30411E1 1.2006E1 3.92079E0 2.63093E0 6.88247E0 7.32255E0 6.74862E0 8.51045E0 1.06452E0 8.77858E-1 4.7647E-1 1.71243E-1 7.95067E-2 7.44303E-2 2.68388E-1 2.36292E-1 1.77465E-2 4.82946E-4 6.0322E-5 3.86391E-4 8.47753E-3 6.34686E-2 2.70068E-1 6.53686E-1 1.65897E-1 3.41348E-1 9.75687E-1 1.32918E0 8.17307E0 8.25974E0
1.1715E0 3.26594E-1 3.93748E-2 1.02887E-2 3.09059E-2 3.04341E-2 1.44059E-2 3.18454E-2 2.29306E-1 3.76571E0 1.00315E0 1.27332E0 8.10462E0 1.2129E1 3.07713E1 1.42921E1 2.11263E1 1.6594E1 1.79464E1 2.81636E1 1.96955E1 1.91805E1 1.8753E1 2.95027E1 5.97843E1 1.45425E1 1.79748E1 6.12011E1 4.71672E1 6.47344E0 2.1151E0 3.85152E0 1.57876E0 1.42361E0 6.66423E0 1.79675E0 2.75993E0 1.17799E1 1.01884E0 2.53327E-1 4.59319E-1 1.04514E0 3.93672E-1 2.12644E-1 5.58252E-1 1.28765E-1 2.83033E-2 2.59136E-3 2.22562E-3 9.68173E-4 1.26486E-3 3.09976E-2 2.93482E-1 9.71073E-1 1.55188E0 6.82744E-1 1.06747E0 1.41957E0 7.56391E0 2.6123E0 6.57914E0
