RANDOMfcs/flood_randomFCS.asc
ncols         319
nrows         495
xllcorner     219017.22331753
yllcorner     4610852.5305323
cellsize      500.0
NODATA_value  -9999
[rows 78 to 103 of 495, columns 118 to 176 of 319]
1.3459E-1 1.63896E-1 1.39249E-1 1.86302E-1 1.06424E-1 1.05695E-1 1.06665E-1 2.76644E-1 9.98178E-2 9.93964E-2 1.1975E-1 5.64176E-2 1.39664E-1 1.72123E-1 7.33583E-2 6.95286E-2 4.2353E-2 4.63326E-2 7.62269E-2 5.43414E-2 5.37496E-2 9.239E-2 6.86103E-2 4.26357E-2 1.21657E-1 2.6653E-2 5.19068E-2 2.90517E-2 4.75189E-2 3.23846E-2 2.92497E-2 2.1381E-2 2.21622E-2 3.68918E-2 2.26209E-2 5.87336E-2 3.40598E-2 2.38241E-2 4.59387E-2 1.68524E-1 1.55602E-1 1.85478E-1 1.79411E-1 -9999 -9999 -9999 -9999 -9999 -9999 -9999 -9999 -9999 -9999 -9999 -9999 -9999 -9999 -9999 -9999
1.5759E-1 1.50312E-1 2.23904E-1 1.47079E-1 1.08264E-1 2.27113E-1 3.15924E-1 1.97086E-1 8.92009E-2 8.06968E-2 1.19891E-1 1.41273E-1 1.90495E-1 9.41999E-2 5.59256E-2 6.78554E-2 8.53864E-2 1.39421E-1 1.01017E-1 6.70885E-2 1.30547E-1 7.3051E-2 8.89988E-2 2.62535E-2 8.68524E-2 5.97887E-2 7.21353E-2 4.53897E-2 3.93445E-2 6.12905E-2 4.97205E-2 1.83928E-2 2.16172E-2 5.74385E-2 5.94779E-2 8.83939E-2 1.04045E-1 9.97565E-2 1.48932E-1 6.20114E-2 6.66762E-2 1.36416E-1 6.35809E-2 -9999 -9999 -9999 -9999 -9999 -9999 -9999 -9999 -9999 -9999 -9999 -9999 -9999 -9999 -9999 -9999
1.80788E-1 2.49493E-1 1.36505E-1 1.1437E-1 1.13234E-1 3.37952E-1 1.83347E-1 8.82157E-2 8.75966E-2 8.32588E-2 1.13907E-1 1.73215E-1 6.36931E-2 8.27316E-2 1.72005E-1 1.66843E-1 1.5594E-1 1.65676E-1 1.23634E-1 7.76462E-2 4.42147E-2 5.04781E-2 2.5824E-2 2.94261E-2 7.31498E-2 8.94938E-2 8.83258E-2 7.15193E-2 3.6885E-2 8.91553E-2 3.71166E-2 2.80848E-2 1.95211E-2 2.06261E-2 3.52781E-2 8.11739E-2 3.27902E-2 4.09739E-2 9.90388E-2 3.56495E-2 4.63818E-2 1.21555E-1 6.6379E-2 4.20405E-2 -9999 -9999 -9999 -9999 -9999 -9999 -9999 -9999 -9999 -9999 -9999 -9999 -9999 -9999 -9999
2.54261E-1 1.42102E-1 1.45746E-1 1.38672E-1 1.62472E-1 2.05253E-1 9.34438E-2 9.96018E-2 1.24059E-1 1.11861E-1 1.58611E-1 1.94635E-1 1.33265E-1 1.76764E-1 1.23604E-1 1.13565E-1 5.34135E-2 1.20764E-1 7.76508E-2 6.43083E-2 2.92945E-2 2.91441E-2 4.84161E-2 3.21986E-2 6.83997E-2 1.91746E-1 5.39066E-2 6.23877E-2 5.4742E-2 1.11946E-1 6.65863E-2 7.42904E-2 1.8865E-2 2.50618E-2 3.34296E-2 3.9471E-2 3.79406E-2 5.94458E-2 9.69168E-2 3.24798E-2 5.175E-2 6.65834E-2 1.12551E-1 4.3606E-2 2.02706E-2 6.37593E-3 -9999 -9999 -9999 -9999 -9999 -9999 -9999 -9999 -9999 -9999 -9999 -9999 -9999
3.56489E-1 1.95578E-1 1.72933E-1 1.89974E-1 1.9176E-1 9.63851E-2 8.60387E-2 9.16265E-2 1.17359E-1 1.75959E-1 1.19232E-1 2.24799E-1 1.86482E-1 1.20493E-1 6.91341E-2 4.47785E-2 5.00299E-2 7.19741E-2 5.06802E-2 7.66564E-2 3.0514E-2 5.43039E-2 5.14036E-2 7.28306E-2 9.36388E-2 1.96988E-1 6.61453E-2 7.76952E-2 2.08573E-1 8.79346E-2 2.90076E-2 2.00999E-2 2.54555E-2 1.55673E-2 1.86417E-2 1.51228E-2 2.26945E-2 2.85631E-2 8.68856E-2 3.56971E-2 3.7783E-2 4.2542E-2 1.40449E-1 6.42896E-2 4.08458E-2 1.27038E-2 3.98953E-3 -9999 -9999 -9999 -9999 -9999 -9999 -9999 -9999 -9999 -9999 -9999 -9999
2.17007E-1 1.76567E-1 1.64437E-1 2.36587E-1 1.31536E-1 1.31597E-1 9.0053E-2 2.26407E-1 2.90958E-1 1.59592E-1 2.39871E-1 1.09836E-1 2.35104E-1 1.18453E-1 6.14882E-2 4.18904E-2 4.87711E-2 4.55159E-2 3.88045E-2 4.5762E-2 2.50646E-2 2.30268E-2 6.4249E-2 7.93104E-2 7.82911E-2 1.07645E-1 1.37112E-1 9.55522E-2 4.65577E-2 5.72013E-2 2.44207E-2 1.90611E-2 3.32465E-2 4.52226E-2 9.4969E-3 1.53894E-2 4.7541E-2 5.0383E-2 5.41483E-2 4.42487E-2 2.92865E-2 4.2865E-2 5.96564E-2 1.18507E-1 4.13279E-2 2.09882E-2 6.50915E-3 1.79779E-3 -9999 -9999 -9999 -9999 -9999 -9999 -9999 -9999 -9999 -9999 -9999
2.89883E-1 2.59559E-1 2.3927E-1 1.58838E-1 1.08614E-1 1.20443E-1 8.07982E-2 1.20811E-1 2.33447E-1 1.34573E-1 2.47498E-1 3.7493E-1 2.26824E-1 2.86628E-1 8.47895E-2 7.63116E-2 8.8766E-2 4.30651E-2 2.62225E-2 2.55811E-2 1.68753E-2 4.79378E-2 3.3914E-2 6.46763E-2 7.66846E-2 1.25155E-1 1.23912E-1 5.16683E-2 2.99574E-2 8.19923E-2 3.0704E-2 4.25207E-2 4.19513E-2 3.80252E-2 1.54923E-2 2.04096E-2 2.07259E-2 1.96121E-2 4.12639E-2 2.82094E-2 2.39253E-2 3.01802E-2 3.69358E-2 1.105E-1 6.56496E-2 3.92334E-2 1.64386E-2 6.33338E-3 4.2307E-3 -9999 -9999 -9999 -9999 -9999 -9999 -9999 -9999 -9999 -9999
2.33309E-1 1.89074E-1 1.19904E-1 1.33529E-1 1.09219E-1 1.33828E-1 1.55239E-1 1.30881E-1 2.24915E-1 2.69213E-1 1.25224E-1 1.84216E-1 1.00265E-1 2.32188E-1 1.72584E-1 1.42019E-1 1.01864E-1 6.01076E-2 2.79756E-2 1.47332E-2 2.2486E-2 2.48266E-2 3.11696E-2 5.56363E-2 8.39741E-2 1.99567E-1 2.28636E-1 8.55181E-2 3.43869E-2 4.87967E-2 4.20304E-2 1.46218E-1 3.98273E-2 2.23556E-2 1.41629E-2 1.73279E-2 1.82891E-2 2.68354E-2 4.05312E-2 3.49389E-2 1.64363E-2 4.67254E-2 8.97734E-2 5.07784E-2 8.48837E-2 4.83527E-2 1.66353E-2 1.36004E-2 3.80764E-3 9.67943E-3 -9999 -9999 -9999 -9999 -9999 -9999 -9999 1.01279E-1 1.61978E-1
1.89278E-1 2.06336E-1 1.57573E-1 1.06491E-1 1.297E-1 1.24858E-1 1.54399E-1 1.72388E-1 4.17386E-1 9.36175E-2 9.19029E-2 7.18683E-2 8.90407E-2 9.30229E-2 1.25616E-1 6.28196E-2 4.30537E-2 3.2538E-2 3.20339E-2 3.18462E-2 1.95955E-2 3.69306E-2 2.30469E-2 3.10911E-2 2.7562E-2 8.43657E-2 1.28797E-1 8.80771E-2 5.02786E-2 9.5769E-2 8.20742E-2 3.9998E-2 2.50378E-2 2.11262E-2 3.24913E-2 2.0776E-2 2.11354E-2 2.49024E-2 2.04714E-2 1.63168E-2 4.22109E-2 6.61179E-2 3.38293E-2 3.47812E-2 8.39901E-2 5.87059E-2 3.89043E-2 2.09888E-2 1.16271E-2 4.01109E-3 1.62718E-2 -9999 -9999 -9999 -9999 -9999 9.77012E-2 9.93813E-2 1.61364E-1
1.58973E-1 2.95532E-1 1.6049E-1 1.28594E-1 1.43916E-1 1.78216E-1 1.68987E-1 4.794E-1 3.23995E-1 1.0676E-1 8.03406E-2 1.35534E-1 9.27139E-2 8.44816E-2 5.95671E-2 7.19925E-2 3.81542E-2 5.17044E-2 5.88007E-2 2.76828E-2 5.49641E-2 3.24089E-2 3.382E-2 3.04975E-2 5.88551E-2 1.13015E-1 1.22838E-1 9.02586E-2 1.02222E-1 6.59634E-2 6.72906E-2 2.71563E-2 2.32576E-2 4.17915E-2 5.25758E-2 3.67524E-2 1.82808E-2 1.64544E-2 2.30134E-2 1.86176E-2 5.72913E-2 2.91214E-2 1.56991E-2 4.49964E-2 2.64772E-2 5.77904E-2 3.54274E-2 1.74955E-2 2.73087E-2 1.57582E-2 4.73253E-3 -9999 -9999 -9999 -9999 5.61991E-2 5.74318E-2 1.07117E-1 1.11829E-1
3.43006E-1 2.82179E-1 1.73437E-1 2.73266E-1 3.35683E-1 4.53772E-1 4.21352E-1 2.19358E-1 1.71507E-1 1.6834E-1 1.62011E-1 8.65218E-2 9.18452E-2 5.30194E-2 5.60489E-2 4.83436E-2 3.72699E-2 7.82817E-2 3.92491E-2 6.02386E-2 4.85847E-2 3.25362E-2 3.46961E-2 2.38224E-2 3.83059E-2 1.3318E-1 1.45493E-1 4.57097E-2 2.06478E-1 4.84721E-2 3.80309E-2 3.00499E-2 4.50563E-2 8.33967E-2 7.94193E-2 3.60574E-2 1.72319E-2 2.1265E-2 2.4012E-2 3.12388E-2 4.78652E-2 1.84817E-2 1.82528E-2 3.91674E-2 1.62899E-2 2.33097E-2 2.16978E-2 2.42122E-2 3.30636E-2 2.76653E-2 1.23466E-2 5.94309E-3 -9999 -9999 1.03746E-2 2.82421E-2 5.93181E-2 1.23356E-1 1.44007E-1
1.68097E-1 1.68307E-1 2.92525E-1 4.7403E-1 2.62843E-1 2.00976E-1 1.14952E-1 1.16325E-1 9.21779E-2 1.42756E-1 9.40219E-2 7.11087E-2 5.05407E-2 5.99386E-2 6.77333E-2 4.46272E-2 5.99344E-2 9.47473E-2 8.48896E-2 5.20569E-2 8.0136E-2 4.09276E-2 8.2632E-2 4.64939E-2 1.3184E-1 8.21947E-2 2.71003E-1 1.28569E-1 2.25749E-1 6.0794E-2 4.93689E-2 5.44175E-2 8.11454E-2 5.08049E-2 2.73194E-2 2.04827E-2 2.30939E-2 2.26831E-2 4.15247E-2 2.46153E-2 3.32292E-2 1.56568E-2 1.96387E-2 1.56462E-2 1.51788E-2 1.98552E-2 1.53664E-2 2.76948E-2 6.1643E-2 4.02759E-2 3.09025E-2 1.2426E-2 5.59746E-3 6.72909E-3 9.90586E-3 1.58474E-2 5.14754E-2 9.71229E-2 8.89015E-2
2.93819E-1 3.09846E-1 4.90401E-1 1.69061E-1 8.58686E-2 8.24696E-2 5.767E-2 5.78512E-2 6.41776E-2 1.1314E-1 1.33109E-1 5.70868E-2 4.71977E-2 8.54407E-2 4.80125E-2 9.43984E-2 6.00409E-2 4.17432E-2 1.11919E-1 4.8196E-2 7.20683E-2 1.16577E-1 5.02281E-2 1.03393E-1 9.38286E-2 1.91053E-1 9.92864E-2 5.05311E-2 2.42488E-1 2.11599E-1 1.27159E-1 1.09098E-1 5.21554E-2 4.80936E-2 3.01005E-2 3.20964E-2 4.48791E-2 6.69886E-2 5.4091E-2 1.35532E-2 1.51268E-2 1.26279E-2 9.3478E-3 1.05072E-2 1.19581E-2 1.69104E-2 1.84379E-2 2.57761E-2 4.10873E-2 9.48082E-2 3.18608E-2 2.6125E-2 9.0378E-3 4.10838E-3 6.33286E-3 1.79139E-2 5.16003E-2 5.48275E-2 9.35438E-2
5.20992E-1 4.97785E-1 3.1523E-1 1.10232E-1 2.30017E-1 1.16712E-1 6.89855E-2 6.59508E-2 5.50959E-2 5.67056E-2 9.68339E-2 5.41305E-2 5.41316E-2 1.09699E-1 5.05824E-2 6.96854E-2 4.39638E-2 4.62957E-2 8.17124E-2 1.54003E-1 1.33782E-1 1.18026E-1 4.03507E-2 7.55508E-2 2.25015E-1 9.15629E-2 4.73044E-2 9.19935E-2 2.48641E-1 1.48875E-1 4.7614E-2 4.03125E-2 7.99281E-2 2.40265E-2 3.72535E-2 4.74534E-2 9.29686E-2 5.27042E-2 4.09667E-2 2.10683E-2 1.01096E-2 1.83912E-2 9.88042E-3 1.94773E-2 2.64986E-2 1.30676E-2 2.87693E-2 4.91612E-2 1.00715E-1 5.83638E-2 5.75378E-2 3.74821E-2 2.28098E-2 8.59473E-3 6.76816E-3 1.97882E-2 1.89145E-2 4.28303E-2 8.11096E-2
3.34452E-1 3.4196E-1 1.25942E-1 2.21717E-1 9.00587E-2 1.38281E-1 7.2898E-2 5.01923E-2 4.40724E-2 6.41E-2 6.31293E-2 5.73757E-2 9.89568E-2 7.44887E-2 6.79532E-2 8.48161E-2 8.44252E-2 5.89141E-2 6.41605E-2 5.86173E-2 7.18669E-2 1.71028E-1 9.83731E-2 2.1141E-1 6.63661E-2 5.53849E-2 2.51828E-2 4.13171E-2 2.62964E-1 1.10647E-1 1.17707E-1 7.56259E-2 8.98371E-2 6.507E-2 4.18187E-2 1.13381E-1 5.57723E-2 2.75407E-2 2.00576E-2 1.68241E-2 2.2329E-2 3.3429E-2 1.473E-2 1.22533E-2 3.90221E-2 6.39095E-2 3.91613E-2 6.85471E-2 3.46813E-2 8.23428E-2 1.30343E-1 6.49148E-2 2.92995E-2 1.75158E-2 8.09133E-3 1.338E-2 4.34402E-2 5.37067E-2 1.81893E-1
2.5949E-1 1.40736E-1 1.84395E-1 2.12758E-1 1.73905E-1 1.00054E-1 1.1309E-1 5.34298E-2 4.97962E-2 6.67608E-2 4.89449E-2 9.18998E-2 1.26052E-1 6.75546E-2 1.02081E-1 1.19197E-1 6.36277E-2 1.18174E-1 1.20591E-1 4.45342E-2 4.03212E-2 8.54107E-2 1.4591E-1 1.8353E-1 4.00559E-2 4.56056E-2 3.24557E-2 3.00594E-2 1.47935E-1 1.2523E-1 9.24033E-2 7.08099E-2 7.5347E-2 1.1749E-1 6.9199E-2 2.0493E-1 4.81181E-2 3.43595E-2 4.06323E-2 1.83137E-2 2.90904E-2 8.36574E-2 2.3216E-2 1.56624E-2 1.72131E-2 2.31866E-2 2.7477E-2 3.60163E-2 1.75817E-2 4.19175E-2 1.11066E-1 7.65604E-2 5.15894E-2 2.60603E-2 3.00192E-2 2.49624E-2 3.93563E-2 1.78574E-1 1.13789E-1
1.47849E-1 1.6218E-1 1.44304E-1 1.39444E-1 1.95828E-1 1.09923E-1 5.60701E-2 7.82898E-2 7.86881E-2 7.19013E-2 7.78003E-2 1.1619E-1 9.10075E-2 1.43786E-1 1.19338E-1 6.4459E-2 1.30191E-1 1.42562E-1 1.0056E-1 4.97031E-2 5.03126E-2 7.60788E-2 1.80557E-1 9.15617E-2 1.89636E-1 5.38055E-2 3.56985E-2 3.02559E-2 1.52562E-1 5.54431E-2 8.99388E-2 1.43518E-1 1.92982E-1 2.27957E-1 1.74069E-1 8.81917E-2 8.0677E-2 7.86171E-2 3.78834E-2 3.47443E-2 8.06317E-2 2.28006E-2 2.53787E-2 1.45873E-2 1.09128E-2 1.2896E-2 4.22216E-2 1.46875E-2 1.70753E-2 5.0701E-2 3.40324E-2 1.1989E-1 1.42244E-1 7.02269E-2 6.19103E-2 8.5977E-2 1.62493E-1 2.97444E-2 4.15698E-2
1.39832E-1 1.59266E-1 3.76577E-1 2.22784E-1 1.46212E-1 9.50222E-2 6.06367E-2 1.10037E-1 1.21759E-1 7.21476E-2 5.05281E-2 1.06249E-1 1.90545E-1 1.5763E-1 9.10194E-2 9.74457E-2 4.88857E-2 1.01652E-1 1.33383E-1 1.27088E-1 5.4026E-2 6.31754E-2 2.1612E-1 1.40375E-1 1.26252E-1 4.45623E-2 3.40092E-2 5.72205E-2 2.8475E-1 9.95893E-2 8.71939E-2 1.10296E-1 2.79216E-1 1.09302E-1 4.77291E-2 3.71138E-2 5.41308E-2 5.24308E-2 4.89383E-2 1.58194E-1 4.82738E-2 5.09999E-2 3.62008E-2 1.69814E-2 1.03765E-2 1.75554E-2 2.46226E-2 9.9128E-3 3.01485E-2 3.81145E-2 5.61147E-2 6.18747E-2 4.96511E-2 1.31476E-1 1.7784E-1 1.49009E-1 6.21106E-2 1.08994E-2 9.93636E-3
1.54172E-1 3.80914E-1 1.94994E-1 1.47718E-1 1.65351E-1 1.25841E-1 8.64727E-2 1.74072E-1 7.02363E-2 7.98004E-2 8.13675E-2 1.25633E-1 2.17745E-1 8.28506E-2 7.12119E-2 6.41302E-2 7.00654E-2 1.14611E-1 1.67862E-1 1.51154E-1 1.32108E-1 9.93416E-2 1.06582E-1 2.1052E-1 1.11072E-1 6.38731E-2 4.40672E-2 1.49639E-1 9.95131E-2 5.61078E-2 7.49812E-2 1.28224E-1 2.68109E-1 1.1201E-1 4.2852E-2 6.44143E-2 1.33162E-1 1.27387E-1 2.01801E-1 1.04579E-1 6.73326E-2 4.74877E-2 5.77099E-2 3.98112E-2 3.76375E-2 1.66321E-2 1.61268E-2 2.02655E-2 2.10241E-2 2.65535E-2 3.39514E-2 3.86401E-2 4.57308E-2 1.3692E-1 5.61994E-2 1.19142E-1 4.83838E-2 1.5715E-2 4.37687E-3
1.67789E-1 4.04776E-1 2.73839E-1 3.28146E-1 2.68579E-1 1.33071E-1 1.93789E-1 6.63244E-2 7.0939E-2 8.58461E-2 1.6486E-1 1.10731E-1 1.90825E-1 8.24462E-2 6.27029E-2 7.98994E-2 8.46145E-2 1.28041E-1 1.52084E-1 1.58486E-1 9.11386E-2 9.23772E-2 1.15366E-1 2.10073E-1 6.31674E-2 4.48302E-2 5.39862E-2 1.54523E-1 7.04177E-2 3.89142E-2 6.45989E-2 6.30895E-2 1.65498E-1 1.13042E-1 1.28176E-1 1.46827E-1 1.49061E-1 4.79517E-2 3.83725E-2 6.71973E-2 7.31003E-2 9.16202E-2 5.32589E-2 2.56019E-2 5.28705E-2 2.8158E-2 1.08908E-2 1.71146E-2 1.14834E-2 1.69494E-2 1.6212E-2 4.5907E-2 1.08386E-1 5.17047E-2 6.47626E-2 1.14998E-1 5.09611E-2 2.25343E-2 6.54753E-3
1.85782E-1 2.62968E-1 3.73123E-1 1.74841E-1 1.54905E-1 1.80647E-1 1.37535E-1 9.15077E-2 1.28569E-1 1.20269E-1 3.5565E-1 2.18637E-1 1.33881E-1 1.05887E-1 8.08442E-2 1.47214E-1 1.97595E-1 8.80715E-2 1.14466E-1 2.02807E-1 1.48622E-1 1.38947E-1 2.58823E-1 9.66494E-2 5.56911E-2 5.28374E-2 1.27788E-1 1.82796E-1 7.40674E-2 3.77394E-2 4.94146E-2 1.22429E-1 1.7114E-1 1.37984E-1 1.70973E-1 8.37886E-2 1.14413E-1 6.77032E-2 6.92306E-2 6.7374E-2 1.24134E-1 9.06019E-2 9.00179E-2 7.83282E-2 2.97632E-2 6.07285E-2 1.09288E-2 1.07919E-2 2.9571E-2 3.46629E-2 5.11808E-2 6.83908E-2 9.69869E-2 3.42746E-2 4.24399E-2 1.1505E-1 5.90519E-2 3.2335E-2 1.24499E-2
4.48605E-1 3.5143E-1 4.34426E-1 3.95704E-1 3.9302E-1 2.73873E-1 1.18495E-1 1.23966E-1 1.1911E-1 2.63235E-1 1.35391E-1 7.66175E-2 9.21528E-2 7.57512E-2 9.05166E-2 1.11267E-1 1.7708E-1 9.54245E-2 1.42001E-1 3.72882E-1 2.22185E-1 3.43458E-1 8.76311E-2 7.77697E-2 5.48789E-2 7.09576E-2 1.02933E-1 3.17423E-1 5.02614E-2 5.65804E-2 3.62369E-2 5.28016E-2 1.70957E-1 1.47179E-1 1.98106E-1 1.67239E-1 8.86564E-2 2.638E-2 7.67901E-2 1.06982E-1 1.11594E-1 2.01342E-1 9.37936E-2 6.48169E-2 1.65604E-2 1.60788E-2 1.06668E-2 1.66596E-2 1.43479E-2 2.53337E-2 4.89085E-2 3.45136E-2 5.18254E-2 1.93192E-2 4.02201E-2 7.55521E-2 5.69185E-2 2.82762E-2 2.02026E-2
3.30514E-1 2.84706E-1 3.00016E-1 3.02874E-1 1.66218E-1 3.1076E-1 1.71446E-1 2.23555E-1 2.39861E-1 1.62512E-1 1.52788E-1 1.01334E-1 7.517E-2 6.50954E-2 1.00976E-1 1.55438E-1 1.11763E-1 1.18616E-1 2.92636E-1 2.37012E-1 9.82165E-2 1.18743E-1 9.96941E-2 7.56898E-2 1.0692E-1 1.03222E-1 3.5334E-1 6.40956E-2 4.98402E-2 4.89085E-2 7.4857E-2 5.76321E-2 1.00354E-1 3.09207E-1 1.95037E-1 1.57563E-1 5.72931E-2 6.8553E-2 2.6667E-2 3.60059E-2 1.24843E-1 3.90171E-2 4.81273E-2 5.36557E-2 1.83518E-2 5.54991E-3 6.00606E-3 1.1821E-2 1.30413E-2 1.17962E-2 2.33285E-2 3.68784E-2 3.35931E-2 1.78514E-2 5.37616E-2 2.51931E-2 6.62595E-2 2.53943E-2 3.59098E-2
3.26147E-1 3.46115E-1 3.18042E-1 2.92852E-1 3.26195E-1 2.63332E-1 1.4842E-1 2.24819E-1 2.98295E-1 1.81547E-1 1.44141E-1 9.67881E-2 8.32721E-2 9.10541E-2 1.52325E-1 9.62408E-2 1.58053E-1 1.7925E-1 4.15464E-1 1.81009E-1 1.52911E-1 9.16369E-2 2.21967E-1 3.31986E-1 2.20488E-1 2.48116E-1 1.7163E-1 7.62127E-2 3.31471E-2 9.07779E-2 1.00659E-1 8.32059E-2 7.34636E-2 1.54259E-1 1.85387E-1 1.70612E-1 1.40215E-1 9.16828E-2 4.18337E-2 4.03021E-2 8.71082E-2 1.33529E-2 1.65416E-2 1.58169E-2 4.79458E-2 2.42115E-2 8.6517E-3 7.87827E-3 1.46468E-2 1.55989E-2 2.16314E-2 2.59598E-2 2.86919E-2 1.48713E-2 2.67436E-2 1.57379E-2 3.20399E-2 3.00273E-2 3.67731E-2
3.78873E-1 3.26034E-1 1.92068E-1 3.98912E-1 1.69951E-1 2.6311E-1 2.96E-1 2.40057E-1 4.58795E-1 1.2313E-1 9.46589E-2 1.25062E-1 1.08024E-1 1.26628E-1 1.36101E-1 1.22612E-1 4.26162E-1 4.4348E-1 1.1444E-1 1.02912E-1 1.31651E-1 2.45393E-1 3.77777E-1 1.85776E-1 1.80925E-1 2.31101E-1 9.78046E-2 4.45153E-2 5.9466E-2 9.50264E-2 1.55877E-1 2.06134E-1 1.07011E-1 1.31777E-1 1.84429E-1 3.06342E-1 2.02159E-1 1.23304E-1 9.48551E-2 1.05963E-1 6.44772E-2 6.99169E-3 6.30784E-3 9.44212E-3 5.55977E-3 3.9046E-2 4.8645E-2 1.87356E-2 9.86965E-3 2.71099E-2 2.12156E-2 3.12833E-2 1.59775E-2 8.05173E-3 1.0079E-2 1.18549E-2 2.12046E-2 2.34527E-2 4.16118E-2
3.51108E-1 2.08335E-1 4.04254E-1 2.11129E-1 3.42418E-1 2.95505E-1 1.60267E-1 2.00415E-1 2.47322E-1 1.48818E-1 1.51102E-1 1.9023E-1 1.50691E-1 1.84243E-1 1.65912E-1 3.28692E-1 4.64675E-1 2.49658E-1 1.44456E-1 2.56379E-1 4.39721E-1 3.60345E-1 2.13657E-1 1.11789E-1 8.61256E-2 7.7208E-2 3.92659E-2 5.16805E-2 4.41213E-2 7.70872E-2 8.64317E-2 1.63504E-1 1.26215E-1 1.2891E-1 1.73825E-1 3.32869E-1 2.31799E-1 1.6362E-1 1.44696E-1 1.69735E-1 9.14782E-2 2.00306E-2 9.60726E-3 4.94297E-3 2.50347E-2 7.00957E-3 9.87572E-3 1.63996E-2 3.15147E-2 2.73266E-2 6.6728E-2 2.08525E-2 1.37359E-2 2.46408E-2 1.15331E-2 2.6438E-2 1.3303E-2 2.94297E-2 3.02485E-2
