RANDOMfcs/flood_randomFCS.asc
ncols         319
nrows         495
xllcorner     219017.22331753
yllcorner     4610852.5305323
cellsize      500.0
NODATA_value  -9999
[rows 208 to 233 of 495, columns 236 to 294 of 319]
8.90886E-3 3.20801E-3 1.80265E-2 1.99944E-2 3.7576E-2 1.81788E-2 1.06728E-2 1.34206E-2 7.69059E-2 3.89368E-2 1.83733E-3 6.23735E-4 5.4702E-3 9.66717E-2 1.20577E-2 1.05423E-2 7.91214E-2 1.65435E-2 5.02977E-3 1.73687E-3 2.98535E-4 1.08027E-4 1.72879E-4 5.46122E-4 5.39737E-4 2.64697E-4 9.84324E-5 1.97503E-4 9.48157E-7 5.3824E-7 4.18962E-8 1.04347E-9 9.10446E-10 9.31788E-9 1.88408E-9 9.55417E-11 1.59927E-10 1.21747E-8 2.38562E-9 1.53143E-9 3.51863E-10 8.26833E-9 4.03827E-7 8.96645E-5 1.6717E-3 1.33535E-2 -9999 -9999 -9999 -9999 -9999 -9999 -9999 -9999 -9999 -9999 -9999 -9999 -9999
2.52944E-2 1.26653E-3 2.62403E-3 3.70167E-2 2.92897E-2 6.20687E-2 4.96156E-2 2.5305E-1 9.37601E-2 4.70491E-3 1.61176E-4 6.15007E-4 7.65156E-3 1.42008E-2 1.24621E-2 3.28959E-3 2.99316E-3 3.77676E-2 6.94259E-2 3.16027E-2 2.57777E-3 1.85126E-4 1.5743E-4 1.41357E-4 9.55069E-5 3.70863E-5 2.42858E-5 2.41976E-5 3.39091E-6 1.73478E-8 1.3239E-8 5.4285E-9 2.59728E-11 3.12729E-10 8.90856E-10 4.76365E-9 3.89263E-8 6.19659E-7 1.31025E-6 7.08439E-7 3.80112E-8 1.57221E-8 3.77244E-6 7.9459E-5 6.28251E-4 1.83972E-3 -9999 -9999 -9999 -9999 -9999 -9999 -9999 -9999 -9999 -9999 -9999 -9999 -9999
4.47786E-2 1.98475E-3 2.12951E-3 1.39458E-2 1.21214E-1 3.78622E-2 1.69465E-1 9.59649E-3 1.50771E-3 1.96502E-4 2.30801E-5 6.39015E-4 8.9883E-3 4.16667E-3 8.41345E-3 1.30242E-3 4.24513E-4 3.53096E-4 4.45846E-3 4.76424E-2 1.8633E-2 9.77522E-4 1.66347E-3 7.17128E-5 4.12432E-5 1.21553E-5 3.51469E-6 1.416E-6 1.36607E-6 3.66551E-8 1.43374E-10 3.79301E-10 1.88209E-11 1.31486E-9 6.40573E-8 6.04944E-7 3.34456E-6 2.07575E-5 3.82431E-5 1.86303E-4 1.41358E-4 3.61614E-5 9.00576E-5 4.12955E-3 4.50321E-3 -9999 -9999 -9999 -9999 -9999 -9999 -9999 -9999 -9999 -9999 -9999 -9999 -9999 -9999
2.80266E-2 4.80836E-3 2.4779E-2 1.63893E-2 1.16694E-1 1.49423E-1 7.30513E-2 1.33616E-2 8.62313E-4 1.00521E-4 2.22752E-5 5.42457E-4 5.7858E-3 1.29853E-3 4.46582E-4 1.19375E-3 1.18889E-4 1.63832E-4 3.18489E-3 9.37536E-4 3.41687E-2 4.87812E-3 2.78762E-4 9.67414E-5 8.64211E-5 3.95397E-5 3.85869E-6 7.17903E-7 6.33426E-8 3.80409E-8 1.68372E-9 6.19369E-10 2.81036E-11 7.9601E-9 2.55516E-7 6.76807E-7 7.43868E-7 2.12483E-5 3.0082E-4 1.04386E-4 5.83048E-5 1.45232E-4 2.32437E-5 2.18845E-4 7.84643E-5 -9999 -9999 -9999 -9999 -9999 -9999 -9999 -9999 -9999 -9999 -9999 -9999 -9999 -9999
2.96261E-2 2.41163E-2 1.44584E-1 1.65136E-1 1.47342E-1 2.1334E-2 1.07463E-2 8.77743E-3 1.5823E-3 3.46612E-4 3.29679E-5 2.95523E-5 6.38402E-4 4.86397E-3 1.70735E-4 2.34042E-4 1.13486E-4 3.88735E-5 5.26554E-4 2.98516E-4 4.49688E-3 5.80106E-2 8.15262E-3 1.74287E-3 8.79713E-4 1.2951E-4 1.30375E-5 2.04162E-5 4.66554E-7 2.77424E-7 9.25424E-7 1.88881E-7 2.93438E-9 1.28581E-8 2.93436E-8 2.16494E-8 5.53591E-9 7.87468E-6 2.871E-5 7.58028E-7 1.07681E-6 5.92098E-7 3.62523E-7 5.7882E-7 6.49009E-7 -9999 -9999 -9999 -9999 -9999 -9999 -9999 -9999 -9999 -9999 -9999 -9999 -9999 -9999
1.53157E-1 1.96258E-1 6.03458E-2 7.03245E-2 3.39408E-2 3.82825E-2 3.51359E-3 5.45168E-4 1.49683E-4 6.51216E-5 4.54559E-5 1.744E-5 5.27549E-5 3.19447E-4 1.00898E-3 2.35344E-5 1.00422E-4 4.83904E-5 5.59881E-5 2.47902E-5 1.13749E-3 9.63788E-3 4.89093E-2 3.30699E-2 4.1927E-3 5.73415E-4 1.18262E-4 1.2916E-4 4.99489E-6 1.51998E-5 7.98988E-5 5.20978E-6 7.38192E-8 9.25866E-10 5.15103E-9 2.99284E-9 1.23135E-8 1.49752E-5 9.54109E-7 1.83927E-8 6.36578E-9 1.26819E-9 3.14849E-9 3.19191E-9 1.7962E-9 -9999 -9999 -9999 -9999 -9999 -9999 -9999 -9999 -9999 -9999 -9999 -9999 -9999 -9999
1.60145E-1 1.1694E-1 3.3727E-2 1.97348E-2 2.01952E-2 2.80203E-2 4.55154E-3 5.4911E-4 2.0935E-4 4.77197E-5 1.44308E-5 3.39787E-5 8.12105E-5 2.13141E-4 3.01732E-4 2.12447E-5 4.58967E-5 3.05364E-5 2.37097E-6 2.3908E-6 2.46836E-5 3.6889E-4 2.91169E-3 3.70804E-2 1.15175E-2 4.2285E-3 4.67533E-3 3.79275E-4 2.33276E-4 7.11482E-4 1.96695E-4 5.61659E-6 1.07971E-7 8.0361E-9 1.31542E-10 5.92112E-11 2.11521E-8 4.68324E-7 1.75204E-9 7.49919E-10 1.90708E-11 6.72603E-11 1.58133E-10 2.34257E-9 3.92901E-8 -9999 -9999 -9999 -9999 -9999 -9999 -9999 -9999 -9999 -9999 -9999 -9999 -9999 -9999
9.90119E-2 8.41989E-2 4.78505E-2 4.90347E-2 2.13247E-2 3.80646E-2 1.8303E-2 3.47084E-3 1.45432E-3 5.51866E-5 1.36437E-5 1.50887E-5 1.45244E-4 6.61686E-4 6.86204E-5 6.93391E-6 7.96122E-6 9.76803E-6 1.08585E-6 2.86838E-7 6.31145E-7 4.5421E-5 2.12313E-4 3.68217E-3 3.92854E-2 2.49174E-2 1.17131E-2 9.8906E-3 5.13214E-3 2.32724E-3 1.17266E-4 9.9342E-6 5.21288E-6 2.60391E-7 2.23576E-9 1.4127E-11 1.8638E-8 1.46246E-8 7.35303E-11 1.31328E-11 1.22854E-9 4.0007E-8 2.56625E-7 8.62211E-8 2.01034E-6 5.01896E-5 -9999 -9999 -9999 -9999 -9999 -9999 -9999 -9999 -9999 -9999 -9999 -9999 -9999
1.34722E-1 1.71046E-1 1.68882E-1 1.76204E-1 4.7383E-2 7.56982E-2 3.56319E-2 1.54776E-2 1.769E-3 5.82559E-4 3.87808E-5 2.11913E-5 1.16297E-4 4.09341E-4 1.76809E-4 3.27154E-5 9.23135E-6 2.08443E-5 2.78483E-6 1.33029E-7 1.9085E-8 1.23295E-6 1.96493E-4 3.43831E-3 2.9691E-2 5.28311E-3 2.82494E-3 3.42197E-3 1.28608E-3 5.63009E-3 1.56541E-3 7.17243E-4 9.71413E-5 2.02245E-6 5.41491E-8 5.0789E-11 1.91725E-9 2.44991E-9 1.50281E-11 5.29837E-10 6.80652E-8 1.78439E-6 2.5332E-5 1.16246E-5 8.46158E-5 4.33824E-4 -9999 -9999 -9999 -9999 -9999 -9999 -9999 -9999 -9999 -9999 -9999 -9999 -9999
3.47461E-1 3.57294E-1 1.50416E-1 1.61992E-1 2.65439E-1 2.66249E-1 1.12528E-1 2.98215E-2 1.45689E-2 1.78019E-3 3.55182E-4 8.75539E-5 5.52748E-4 4.13959E-4 1.4209E-3 2.26707E-4 2.53095E-4 7.26343E-5 5.71705E-6 9.84612E-7 1.75616E-7 4.42898E-5 1.15172E-3 9.15321E-3 2.55035E-2 9.78937E-3 1.59217E-3 1.93452E-4 1.50885E-4 2.09522E-4 1.45567E-3 1.2771E-3 1.23018E-4 3.10341E-5 3.20238E-7 9.02922E-10 1.11685E-10 1.63688E-9 1.4718E-11 2.31209E-8 8.57617E-7 3.64674E-5 2.76902E-4 1.02573E-3 3.81927E-3 7.54533E-3 8.31331E-4 -9999 -9999 -9999 -9999 -9999 -9999 -9999 -9999 -9999 -9999 -9999 -9999
6.97682E-2 9.7954E-2 7.43132E-2 4.98249E-2 3.90175E-2 3.81627E-2 2.41186E-1 2.2061E-2 1.41276E-2 6.11948E-3 3.66867E-4 1.4241E-3 5.60065E-4 3.66941E-4 1.13788E-3 2.76473E-4 3.10002E-5 8.04559E-6 1.77926E-5 2.6021E-5 1.87236E-5 3.10782E-4 2.0221E-3 2.81093E-3 8.92598E-3 1.36213E-2 2.5355E-3 1.30288E-4 4.72309E-5 4.44502E-5 3.80425E-5 1.08246E-5 4.70968E-6 6.35229E-7 1.90642E-7 2.2491E-9 7.99921E-11 1.73412E-10 3.3166E-10 3.28726E-8 1.41615E-6 9.93127E-6 1.55481E-4 5.66387E-3 9.51017E-4 6.11828E-5 1.96034E-5 -9999 -9999 -9999 -9999 -9999 -9999 -9999 -9999 -9999 -9999 -9999 -9999
4.34595E-2 1.72202E-1 3.9107E-2 5.8454E-2 2.75524E-2 1.35759E-2 4.26553E-2 7.77434E-2 7.03027E-3 9.27192E-3 1.44661E-2 1.23419E-2 6.72495E-4 2.0817E-4 1.42043E-3 1.69776E-4 5.76612E-5 1.8749E-5 4.97529E-5 1.58983E-5 1.03046E-4 2.6471E-5 1.02265E-4 1.75502E-3 6.59491E-3 4.83705E-4 6.3783E-3 7.43884E-4 2.65903E-5 2.76992E-6 1.06084E-6 9.35058E-8 1.32926E-7 2.4053E-8 8.47219E-8 2.28987E-9 7.36547E-11 1.46281E-12 2.04537E-10 1.97075E-8 3.14852E-7 5.39275E-6 5.15181E-4 3.90607E-3 1.16954E-4 1.02051E-6 1.67508E-7 1.38102E-5 -9999 -9999 -9999 -9999 -9999 -9999 -9999 -9999 -9999 -9999 -9999
2.56624E-2 4.40779E-2 4.45408E-2 1.95876E-2 1.27634E-2 8.36152E-3 1.72154E-2 6.56112E-2 8.98321E-2 4.48118E-2 1.39065E-2 2.48299E-3 2.40078E-3 1.16897E-3 3.23596E-4 4.06292E-4 1.19584E-4 4.42832E-4 1.1777E-4 1.05326E-5 1.56753E-5 2.58215E-5 8.32274E-5 2.5125E-3 5.2254E-3 9.60603E-5 3.23952E-5 4.04965E-4 1.77162E-3 4.53511E-5 1.76751E-6 1.16177E-7 1.73295E-8 3.24434E-8 1.05225E-7 3.36824E-8 9.49125E-10 3.68613E-11 4.13128E-9 1.05716E-7 4.80301E-7 4.98339E-6 2.17633E-5 3.65943E-3 4.74217E-5 2.69822E-7 1.30215E-8 7.53922E-6 -9999 -9999 -9999 -9999 -9999 -9999 -9999 -9999 -9999 -9999 -9999
4.79914E-2 1.80467E-2 2.79356E-2 7.1405E-3 5.91279E-3 1.04312E-2 1.00466E-2 4.15125E-2 4.09335E-2 8.62331E-2 3.48039E-2 6.38125E-3 3.9542E-3 8.66885E-4 2.47362E-4 4.41402E-4 1.3591E-3 2.11933E-4 2.05969E-5 8.80946E-5 3.20331E-6 2.84242E-6 9.70008E-5 1.33869E-3 3.43477E-3 3.81511E-4 1.23945E-5 1.95793E-6 3.08678E-4 3.70496E-5 3.88149E-7 2.21654E-7 1.337E-6 9.36214E-7 1.15732E-6 2.13856E-7 9.50406E-10 1.46578E-11 7.76457E-9 2.06788E-9 1.68055E-8 5.85359E-7 2.31398E-4 1.34179E-3 1.06722E-5 6.1502E-8 3.40051E-8 5.92901E-6 2.98045E-4 -9999 -9999 -9999 -9999 -9999 -9999 -9999 -9999 -9999 -9999
2.36815E-2 1.2148E-2 2.17418E-2 4.04059E-3 2.80169E-3 1.25894E-2 8.03661E-3 2.33294E-2 5.53993E-3 1.22447E-2 6.96658E-2 1.30904E-2 7.32817E-3 4.3192E-3 1.97414E-3 2.76239E-3 9.50031E-4 2.61861E-5 1.94527E-5 6.42644E-6 1.92243E-6 1.71545E-6 1.20152E-5 7.72984E-4 2.19902E-3 3.04057E-5 2.01374E-6 4.33701E-7 7.8071E-6 2.70165E-4 1.8164E-6 4.90242E-8 1.22153E-6 2.00717E-6 7.3797E-6 8.61748E-7 8.93194E-8 5.08846E-10 1.29857E-11 2.51105E-10 3.88635E-8 1.22704E-5 8.21805E-4 2.75359E-4 4.03409E-6 3.71723E-8 8.83326E-8 1.91151E-5 5.72105E-4 -9999 -9999 -9999 -9999 -9999 -9999 -9999 -9999 -9999 -9999
6.92712E-3 3.8387E-3 6.46089E-3 4.00269E-3 1.01455E-3 1.2275E-3 5.03625E-3 4.99306E-3 4.64078E-3 8.3556E-3 1.63162E-2 6.63753E-2 2.62137E-2 4.41812E-2 2.71008E-2 1.6479E-2 1.90395E-3 3.31126E-4 3.08333E-5 2.15454E-5 1.43034E-6 4.16648E-7 1.97424E-6 9.14644E-5 2.17875E-3 7.4919E-5 6.2511E-7 2.95349E-8 1.86621E-6 1.05922E-5 2.3842E-6 2.07789E-6 3.06905E-6 1.20009E-5 1.1226E-5 2.69968E-6 1.90232E-7 1.14403E-9 7.73288E-12 7.30865E-11 8.04357E-8 3.06148E-5 3.42506E-4 4.76653E-6 5.21383E-7 5.49281E-9 7.69743E-8 3.45093E-5 2.59908E-4 -9999 -9999 -9999 -9999 -9999 -9999 -9999 -9999 -9999 -9999
6.07089E-3 2.08748E-3 1.74065E-3 8.81341E-3 1.54434E-3 5.75636E-4 1.74264E-3 1.81941E-3 2.72797E-3 7.31825E-3 5.59617E-2 2.49772E-2 1.00412E-1 9.44468E-2 5.05942E-2 2.97131E-2 2.74341E-3 4.76184E-4 8.67424E-5 1.02447E-5 3.20996E-6 2.86306E-7 8.26984E-7 3.59202E-5 4.7509E-4 1.17669E-5 1.16483E-7 6.18033E-8 6.34872E-7 1.70652E-7 2.24251E-5 1.04809E-5 5.09772E-6 8.745E-6 1.67712E-6 5.12309E-7 5.15172E-8 5.22952E-9 7.6259E-11 4.18129E-10 2.57015E-7 2.62628E-5 5.14934E-5 1.51956E-6 1.59716E-8 9.57319E-10 3.89091E-8 9.10468E-6 1.2058E-4 -9999 -9999 -9999 -9999 -9999 -9999 -9999 -9999 -9999 -9999
8.55565E-3 1.7062E-3 2.51521E-3 5.52131E-4 1.48037E-3 9.33619E-4 1.07606E-3 1.02413E-3 2.792E-3 3.68931E-3 3.87945E-2 1.70303E-2 5.02351E-2 3.90162E-2 7.03018E-2 4.23416E-2 1.97954E-2 3.12906E-3 5.56112E-4 1.40646E-4 1.18861E-5 5.66198E-7 4.75826E-7 2.05434E-6 1.82044E-4 3.67399E-6 2.19667E-8 3.76603E-8 1.01055E-8 1.99304E-7 8.73402E-6 3.81397E-5 2.65347E-5 1.13854E-5 7.25638E-7 6.90547E-7 1.53666E-7 8.21184E-8 1.4533E-9 4.13295E-10 8.16089E-9 7.49333E-7 3.65351E-6 7.20251E-9 7.91334E-10 1.63221E-9 2.02773E-7 3.2026E-5 2.0539E-4 5.06599E-4 -9999 -9999 -9999 -9999 -9999 -9999 -9999 -9999 -9999
1.10803E-2 1.19089E-3 1.06494E-3 6.7684E-4 4.27062E-4 5.20338E-4 7.7171E-4 1.34403E-3 1.04949E-3 2.93027E-3 2.64984E-2 1.07487E-2 9.80448E-3 5.74538E-2 4.8129E-2 5.45775E-2 2.60149E-2 2.06726E-3 1.2624E-4 8.34885E-6 1.59136E-6 3.44196E-7 1.0986E-7 9.07184E-7 1.5113E-6 3.57967E-6 3.77354E-8 3.47212E-9 3.27867E-9 2.81329E-7 1.24516E-5 2.83976E-5 3.90646E-5 1.29875E-5 4.21941E-6 2.08505E-6 4.58916E-7 7.38844E-7 7.86908E-9 6.55751E-11 2.99294E-11 2.56106E-8 9.81119E-7 1.73811E-9 7.13802E-11 1.26834E-9 8.17744E-7 3.70029E-5 7.07994E-4 1.18717E-3 -9999 -9999 -9999 -9999 -9999 -9999 -9999 -9999 -9999
3.49766E-3 3.48396E-3 2.98952E-3 6.7541E-4 4.82052E-4 3.8858E-4 2.64575E-4 1.12013E-3 2.24041E-3 6.22702E-3 1.44035E-2 3.20259E-3 1.08662E-2 1.77177E-2 1.85245E-2 3.21741E-2 3.83835E-2 4.40777E-3 1.44763E-4 9.37733E-5 1.60635E-5 1.43215E-6 6.81754E-8 6.08986E-8 5.10671E-7 4.25844E-6 8.34291E-8 3.64058E-9 3.64917E-8 8.87367E-7 2.80855E-5 2.5101E-5 7.40714E-5 2.65314E-5 9.63833E-6 5.74194E-6 1.49431E-6 2.41912E-6 8.86345E-9 5.57426E-11 3.07028E-10 2.35881E-8 1.34536E-7 3.05793E-10 9.25992E-11 1.14969E-7 1.48124E-5 2.40065E-4 9.29701E-4 5.02236E-3 -9999 -9999 -9999 -9999 -9999 -9999 -9999 -9999 -9999
2.50161E-3 3.40751E-3 1.07902E-3 5.5756E-4 3.46626E-4 8.86417E-4 9.65271E-4 5.90045E-4 8.63494E-4 2.36057E-3 1.08293E-2 2.61014E-3 1.97674E-3 2.05722E-2 4.83237E-3 1.45451E-2 2.82985E-2 7.36206E-3 9.50704E-4 4.54965E-5 5.33178E-6 3.24295E-6 1.35002E-7 7.51814E-8 4.24455E-7 9.43382E-7 1.64102E-7 1.7233E-7 6.0394E-7 1.44146E-5 3.87539E-5 1.96996E-5 7.52909E-5 2.04787E-5 3.61587E-5 2.08402E-5 1.85285E-5 2.41377E-6 1.54325E-8 4.36309E-11 9.20739E-11 8.87053E-9 6.37868E-9 2.33567E-11 4.33078E-12 3.03212E-8 4.65508E-7 8.85933E-5 6.09561E-4 1.11316E-3 2.69102E-3 -9999 -9999 -9999 -9999 -9999 -9999 -9999 -9999
5.52157E-4 6.21435E-4 7.04659E-4 1.326E-3 2.95886E-4 8.14339E-4 5.05514E-4 1.52217E-3 2.58354E-3 3.13654E-3 1.13846E-2 5.24063E-3 1.08105E-3 7.8142E-3 4.80646E-3 1.40599E-2 1.17851E-2 1.28022E-2 2.01674E-3 3.31616E-4 2.79606E-5 7.08525E-7 4.10579E-7 7.33527E-8 1.60066E-8 1.29326E-7 1.63059E-6 3.75133E-6 1.51509E-5 8.21059E-6 5.37342E-6 9.18479E-7 2.52995E-5 4.75977E-5 6.68477E-5 4.5572E-5 2.38634E-5 1.79247E-6 2.5194E-8 3.84332E-11 1.1328E-12 3.16217E-10 1.72402E-9 3.22883E-12 3.01624E-13 7.47341E-10 6.92173E-7 6.42594E-6 9.64497E-5 4.924E-4 9.21374E-4 -9999 -9999 -9999 -9999 -9999 -9999 -9999 -9999
2.69987E-5 1.96818E-4 8.62824E-5 4.78622E-4 5.90479E-5 2.18677E-4 2.76864E-4 1.46683E-3 4.42152E-3 1.13007E-2 1.33485E-2 7.19236E-3 7.77771E-4 2.82372E-3 2.66847E-3 3.26328E-3 2.53065E-3 6.08651E-3 1.22076E-3 1.90619E-4 8.35278E-6 2.0471E-8 1.5067E-8 7.89148E-9 1.66688E-8 6.86247E-8 2.21436E-7 1.60977E-7 2.26237E-6 3.27869E-6 1.08443E-6 2.9145E-6 5.41023E-5 5.40139E-5 7.80058E-5 5.4656E-5 4.95891E-5 4.45097E-6 2.03976E-8 4.43145E-11 1.31361E-14 8.93745E-12 3.14285E-10 2.20589E-13 1.08916E-13 3.96173E-10 6.39161E-10 1.22951E-6 3.31138E-5 2.28294E-4 3.49602E-4 -9999 -9999 -9999 -9999 -9999 -9999 -9999 -9999
2.54597E-4 3.2936E-4 2.32614E-4 1.30428E-4 5.49591E-5 8.25098E-5 1.28689E-4 4.20749E-4 1.21247E-3 8.27497E-3 1.09571E-2 6.24173E-3 1.50914E-3 1.10278E-3 7.44634E-4 9.87684E-4 1.53583E-3 1.16381E-3 1.00727E-3 2.72594E-4 3.94044E-6 1.04603E-7 4.8439E-7 1.263E-6 1.86399E-6 6.08818E-8 1.93702E-7 1.57363E-7 7.75608E-8 8.3134E-7 1.11787E-6 4.7601E-5 9.35791E-5 8.4383E-5 8.35307E-5 7.37028E-5 7.45091E-5 5.17392E-6 2.3312E-8 2.22556E-10 1.07293E-13 7.05485E-12 8.74038E-11 1.89509E-13 5.52275E-15 4.93554E-13 6.41344E-11 8.53621E-7 1.44306E-5 8.20142E-5 9.5164E-5 1.11435E-3 -9999 -9999 -9999 -9999 -9999 -9999 -9999
3.86841E-4 4.61029E-4 3.6787E-3 3.37669E-4 3.02752E-4 1.98267E-4 6.84338E-5 2.84748E-4 6.71696E-4 5.82982E-3 4.91007E-3 7.00026E-3 2.45E-3 1.04916E-3 8.84683E-4 1.02662E-3 2.23718E-3 3.5193E-3 6.37939E-3 4.87154E-4 6.37319E-5 4.74604E-5 3.29515E-5 2.70614E-5 4.19051E-6 2.39283E-7 2.35722E-8 6.62661E-8 1.26001E-8 6.48782E-7 3.78178E-6 9.53966E-5 1.13343E-4 9.43344E-5 9.332E-5 1.01906E-4 8.33566E-5 2.88213E-5 2.12373E-7 1.89837E-9 1.15014E-11 1.94717E-14 8.98596E-13 4.62613E-13 2.45114E-11 4.24297E-9 1.30203E-7 1.18312E-5 9.55965E-6 1.06008E-4 5.76215E-4 3.34036E-3 -9999 -9999 -9999 -9999 -9999 -9999 -9999
9.41224E-4 7.31686E-4 5.97866E-3 1.55917E-3 1.0101E-4 7.66797E-5 9.39702E-5 3.16716E-4 1.62444E-3 5.19791E-3 3.87885E-3 1.34047E-2 5.4657E-3 4.44369E-3 5.67221E-3 4.79603E-3 8.72218E-3 2.12308E-2 1.02147E-2 3.84339E-3 5.93385E-3 5.99394E-4 5.41527E-5 1.1069E-6 7.71177E-7 2.00023E-7 8.84015E-8 6.56686E-8 5.58577E-8 1.60661E-6 6.4136E-5 1.01449E-4 1.19184E-4 1.01317E-4 1.10788E-4 1.19772E-4 9.0509E-5 4.70943E-5 1.95429E-6 2.21601E-8 4.4119E-10 1.47668E-11 7.2435E-12 6.92213E-11 6.10023E-9 1.22739E-6 3.68989E-5 1.21696E-4 3.2069E-5 9.40299E-5 6.27492E-4 3.56809E-3 -9999 -9999 -9999 -9999 -9999 -9999 -9999
