RANDOMfcs/flood_randomFCS.asc
ncols         319
nrows         495
xllcorner     219017.22331753
yllcorner     4610852.5305323
cellsize      500.0
NODATA_value  -9999
[rows 338 to 363 of 495, columns 59 to 117 of 319]
-9999 -9999 -9999 -9999 -9999 -9999 -9999 -9999 -9999 -9999 -9999 -9999 -9999 -9999 -9999 -9999 -9999 -9999 -9999 -9999 -9999 2.06362E-1 1.68551E-1 1.86464E-1 1.6431E-1 1.43689E-1 1.02869E-1 6.72723E-2 6.29113E-2 3.8529E-2 2.21403E-2 1.10376E-2 1.24214E-2 6.21349E-2 8.33719E-2 -9999 -9999 -9999 -9999 -9999 2.68774E-1 2.03817E-1 1.56592E-1 4.89598E-2 4.41131E-2 6.30188E-2 1.09327E-1 1.75125E-1 1.83731E-1 2.54656E-1 2.11841E-1 2.614E-1 2.35953E-1 2.52309E-1 2.94879E-1 2.9897E-1 3.10297E-1 3.82283E-1 3.7139E-1
-9999 -9999 -9999 -9999 -9999 -9999 -9999 -9999 -9999 -9999 -9999 -9999 -9999 -9999 -9999 -9999 -9999 -9999 -9999 -9999 -9999 1.81394E-1 2.26228E-1 1.82275E-1 1.70319E-1 1.46533E-1 1.19425E-1 9.20294E-2 6.80605E-2 4.13612E-2 2.44635E-2 1.63976E-2 3.02188E-2 8.6492E-2 2.50097E-1 -9999 -9999 -9999 -9999 -9999 2.84193E-1 2.16785E-1 1.20754E-1 4.87786E-2 6.74E-2 9.61145E-2 1.8463E-1 2.77672E-1 1.93367E-1 2.86221E-1 2.99352E-1 2.44983E-1 3.01646E-1 3.27315E-1 3.36627E-1 3.65214E-1 3.85713E-1 3.96151E-1 4.12133E-1
-9999 -9999 -9999 -9999 -9999 -9999 -9999 -9999 -9999 -9999 -9999 -9999 -9999 -9999 -9999 -9999 -9999 -9999 -9999 -9999 -9999 2.03716E-1 1.97681E-1 1.79078E-1 1.73706E-1 1.48313E-1 1.24974E-1 1.06928E-1 6.50455E-2 4.4151E-2 3.3324E-2 2.42271E-2 4.73298E-2 2.01046E-1 2.75835E-1 -9999 -9999 -9999 3.34842E-1 3.28862E-1 3.30717E-1 2.59156E-1 5.94633E-2 6.3968E-2 9.00519E-2 9.01045E-2 1.59077E-1 1.90308E-1 2.69459E-1 2.31085E-1 2.9113E-1 3.19903E-1 2.72909E-1 2.88264E-1 2.84647E-1 2.98667E-1 3.16931E-1 1.97694E-1 3.7294E-1
-9999 -9999 -9999 -9999 -9999 -9999 -9999 -9999 -9999 -9999 -9999 -9999 -9999 -9999 -9999 -9999 -9999 -9999 -9999 -9999 -9999 1.99551E-1 1.8927E-1 1.88099E-1 1.68751E-1 1.47894E-1 1.27675E-1 1.16918E-1 9.36164E-2 6.1744E-2 3.67956E-2 3.59794E-2 3.40184E-2 1.93018E-1 2.27689E-1 2.40504E-1 2.47434E-1 2.56065E-1 2.50278E-1 2.42775E-1 2.56494E-1 2.11548E-1 5.5427E-2 5.7751E-2 7.81495E-2 1.13264E-1 9.75628E-2 2.23788E-1 2.96137E-1 2.38849E-1 2.70816E-1 3.55104E-1 3.88385E-1 3.8295E-1 3.71177E-1 3.22853E-1 4.14618E-1 2.24498E-1 3.79219E-1
-9999 -9999 -9999 -9999 -9999 -9999 -9999 -9999 -9999 -9999 -9999 -9999 -9999 -9999 -9999 -9999 -9999 -9999 -9999 -9999 1.89549E-1 1.97671E-1 1.86379E-1 1.77161E-1 1.78702E-1 1.5551E-1 1.11014E-1 1.00039E-1 7.89929E-2 7.01818E-2 6.56813E-2 4.73492E-2 3.86335E-2 5.90194E-2 1.62078E-1 1.89417E-1 1.79507E-1 2.17736E-1 1.98572E-1 1.8938E-1 1.22697E-1 1.39932E-1 2.02916E-1 1.2437E-1 1.74578E-1 1.78029E-1 2.20967E-1 2.10873E-1 2.27655E-1 3.17573E-1 2.62033E-1 2.99352E-1 3.01198E-1 2.99918E-1 2.94837E-1 4.07944E-1 1.98177E-1 2.82787E-1 4.59613E-1
-9999 -9999 -9999 -9999 -9999 -9999 -9999 -9999 -9999 -9999 -9999 -9999 -9999 -9999 -9999 -9999 -9999 -9999 -9999 1.86213E-1 1.66801E-1 1.42439E-1 1.41212E-1 1.22721E-1 1.2593E-1 1.42416E-1 1.53248E-1 1.36852E-1 1.00555E-1 9.19553E-2 1.24881E-1 5.77905E-2 9.07085E-2 6.62799E-2 4.45836E-2 4.08898E-2 4.29504E-2 5.18885E-2 1.0789E-1 1.33458E-1 1.48275E-1 1.4546E-1 1.82051E-1 2.67047E-1 1.65923E-1 1.5057E-1 2.55014E-1 2.89411E-1 2.57952E-1 3.38953E-1 2.77512E-1 2.8161E-1 3.1519E-1 3.29175E-1 3.04016E-1 3.09122E-1 3.20537E-1 3.58448E-1 2.13363E-1
-9999 -9999 -9999 -9999 -9999 -9999 -9999 -9999 -9999 -9999 -9999 -9999 -9999 -9999 -9999 -9999 -9999 -9999 -9999 2.18416E-1 1.4906E-1 1.93608E-1 1.86354E-1 1.2727E-1 1.25859E-1 1.32612E-1 1.41525E-1 1.28635E-1 1.07854E-1 1.24453E-1 8.55628E-2 1.48353E-1 1.08824E-1 6.14332E-2 9.72224E-2 7.75666E-2 9.06189E-2 1.0552E-1 1.03789E-1 1.38039E-1 1.27561E-1 1.55334E-1 1.74086E-1 1.69003E-1 1.79159E-1 2.01454E-1 2.33132E-1 2.33625E-1 3.13287E-1 2.71576E-1 3.71222E-1 3.8814E-1 3.01387E-1 3.99252E-1 3.34796E-1 3.46414E-1 3.38506E-1 3.74899E-1 2.32571E-1
-9999 -9999 -9999 -9999 -9999 -9999 -9999 -9999 -9999 -9999 -9999 -9999 -9999 -9999 -9999 -9999 -9999 -9999 2.12014E-1 1.76376E-1 1.5671E-1 1.58646E-1 1.96702E-1 1.70708E-1 1.26025E-1 1.20074E-1 1.83239E-1 1.16151E-1 1.87961E-1 1.37477E-1 1.7115E-1 1.47284E-1 1.14583E-1 8.24492E-2 6.51827E-2 5.70445E-2 6.99481E-2 1.2212E-1 9.62344E-2 9.52796E-2 1.79862E-1 1.85442E-1 1.98862E-1 1.79257E-1 2.14844E-1 1.23424E-1 2.21171E-1 2.76514E-1 2.95845E-1 3.58237E-1 2.15652E-1 2.95226E-1 2.18957E-1 2.04823E-1 3.0573E-1 3.48484E-1 3.87952E-1 3.37652E-1 3.28614E-1
-9999 -9999 -9999 -9999 -9999 -9999 -9999 -9999 -9999 -9999 -9999 -9999 -9999 -9999 -9999 -9999 -9999 -9999 2.33247E-1 2.60601E-1 2.52356E-1 1.90106E-1 1.46356E-1 1.18714E-1 1.4265E-1 1.96981E-1 2.32479E-1 2.49204E-1 2.35459E-1 1.80232E-1 1.70885E-1 1.8617E-1 1.59369E-1 1.35935E-1 6.05462E-2 6.83141E-2 8.00098E-2 1.68127E-1 9.46463E-2 1.91695E-1 1.74916E-1 2.13429E-1 2.63315E-1 2.33693E-1 1.22073E-1 3.47187E-1 2.47458E-1 2.51584E-1 2.68906E-1 2.59026E-1 3.01417E-1 2.88314E-1 3.31317E-1 3.12426E-1 2.20496E-1 3.76593E-1 3.00437E-1 4.41789E-1 4.60986E-1
-9999 -9999 -9999 -9999 -9999 -9999 -9999 -9999 -9999 -9999 -9999 -9999 -9999 -9999 -9999 -9999 -9999 2.45982E-1 2.54899E-1 2.23069E-1 2.05301E-1 1.98584E-1 2.78314E-1 2.56817E-1 1.67292E-1 1.37492E-1 1.71094E-1 2.13567E-1 2.06428E-1 1.76884E-1 2.00938E-1 2.53429E-1 1.72775E-1 7.32721E-2 9.24383E-2 9.15122E-2 7.42066E-2 1.26434E-1 2.10208E-1 2.37383E-1 1.89952E-1 1.98659E-1 2.06017E-1 1.82385E-1 1.30459E-1 1.56493E-1 4.00146E-1 3.0063E-1 1.80971E-1 2.58943E-1 1.9456E-1 2.26144E-1 2.60862E-1 2.23729E-1 3.72843E-1 3.76458E-1 2.35273E-1 2.37557E-1 2.34563E-1
-9999 -9999 -9999 -9999 -9999 -9999 -9999 -9999 -9999 -9999 -9999 -9999 -9999 -9999 -9999 -9999 -9999 2.25985E-1 1.65041E-1 1.98161E-1 2.0586E-1 2.80658E-1 1.23752E-1 1.17063E-1 1.13764E-1 1.07596E-1 1.77047E-1 1.86864E-1 2.32454E-1 2.37885E-1 1.80007E-1 1.87938E-1 2.32154E-1 8.29532E-2 9.52312E-2 1.02834E-1 1.07128E-1 1.79713E-1 2.2641E-1 2.64977E-1 2.19339E-1 2.22264E-1 2.19078E-1 2.34671E-1 3.09942E-1 2.5126E-1 2.71186E-1 2.73698E-1 4.40784E-1 2.89185E-1 3.32968E-1 3.47224E-1 2.1851E-1 2.78966E-1 3.3646E-1 2.5526E-1 4.12077E-1 3.90394E-1 3.90386E-1
-9999 -9999 -9999 -9999 -9999 -9999 -9999 -9999 -9999 -9999 -9999 -9999 -9999 -9999 -9999 -9999 1.90436E-1 2.68815E-1 2.37793E-1 2.01352E-1 1.35433E-1 2.49359E-1 1.58501E-1 1.02106E-1 1.01425E-1 1.02479E-1 1.06277E-1 1.18851E-1 2.24061E-1 2.72685E-1 2.68944E-1 1.99498E-1 2.48861E-1 1.16276E-1 1.26146E-1 1.4747E-1 2.02643E-1 1.87695E-1 2.20784E-1 2.91069E-1 2.23423E-1 2.71925E-1 2.53154E-1 2.44007E-1 2.4295E-1 3.57379E-1 2.76379E-1 2.73765E-1 2.92884E-1 4.66835E-1 3.52314E-1 3.47707E-1 3.43538E-1 3.34536E-1 4.03944E-1 3.8098E-1 4.39334E-1 3.9397E-1 4.11645E-1
-9999 -9999 -9999 -9999 -9999 -9999 -9999 -9999 -9999 -9999 -9999 -9999 -9999 -9999 -9999 -9999 2.78162E-1 1.7937E-1 2.52849E-1 3.44349E-1 2.90964E-1 1.85569E-1 1.74033E-1 1.28612E-1 8.08104E-2 9.98081E-2 1.0114E-1 1.12522E-1 1.71026E-1 1.95783E-1 2.16977E-1 2.61361E-1 2.77881E-1 2.12213E-1 1.36567E-1 1.76971E-1 2.08157E-1 2.50324E-1 2.29513E-1 3.2168E-1 2.61568E-1 3.01489E-1 2.41487E-1 2.56706E-1 2.71107E-1 2.71795E-1 3.52472E-1 4.16213E-1 4.40407E-1 1.90905E-1 5.15881E-1 3.90206E-1 4.18195E-1 3.74407E-1 4.61573E-1 3.93574E-1 4.18996E-1 4.65643E-1 4.94538E-1
-9999 -9999 -9999 -9999 -9999 -9999 -9999 -9999 -9999 -9999 -9999 -9999 -9999 -9999 -9999 -9999 2.16627E-1 3.1856E-1 3.41548E-1 2.15788E-1 2.92335E-1 2.2308E-1 1.5826E-1 1.09589E-1 8.80505E-2 9.94881E-2 9.04906E-2 1.53512E-1 1.84192E-1 2.14088E-1 2.6059E-1 3.0488E-1 1.39833E-1 1.89348E-1 1.83406E-1 1.29415E-1 1.75385E-1 1.31744E-1 2.85053E-1 2.59839E-1 2.1521E-1 1.9219E-1 3.22192E-1 2.47251E-1 2.63096E-1 3.10306E-1 3.07145E-1 2.86626E-1 3.31696E-1 3.37522E-1 3.82315E-1 3.60979E-1 2.61734E-1 2.79334E-1 4.32108E-1 4.77489E-1 4.05497E-1 4.10474E-1 4.38894E-1
-9999 -9999 -9999 -9999 -9999 -9999 -9999 -9999 -9999 -9999 -9999 -9999 -9999 -9999 -9999 -9999 1.98724E-1 1.82314E-1 2.37214E-1 2.63914E-1 3.24492E-1 1.95163E-1 1.62032E-1 1.21239E-1 1.39111E-1 8.50579E-2 6.87205E-2 1.70337E-1 1.12106E-1 1.65013E-1 1.78958E-1 1.36826E-1 1.82311E-1 2.17996E-1 3.14404E-1 2.8029E-1 3.13478E-1 3.90386E-1 2.38117E-1 2.3454E-1 1.9072E-1 2.32195E-1 3.44465E-1 3.0236E-1 3.67474E-1 3.17282E-1 2.93035E-1 3.21348E-1 2.95684E-1 3.33422E-1 3.80077E-1 2.70604E-1 3.77774E-1 3.99268E-1 3.10184E-1 2.59197E-1 3.22125E-1 4.04497E-1 4.40398E-1
-9999 -9999 -9999 -9999 -9999 -9999 -9999 -9999 -9999 -9999 -9999 -9999 -9999 -9999 -9999 -9999 1.97484E-1 1.77443E-1 1.97806E-1 2.46151E-1 1.86288E-1 1.45721E-1 1.87794E-1 1.62939E-1 1.28987E-1 1.15001E-1 1.21879E-1 1.22693E-1 1.06713E-1 1.77007E-1 1.88973E-1 2.19985E-1 2.25179E-1 2.32535E-1 2.49718E-1 1.40383E-1 1.48248E-1 1.4527E-1 1.70572E-1 1.73653E-1 2.66554E-1 1.67903E-1 2.0112E-1 1.71306E-1 2.26173E-1 1.63855E-1 1.56895E-1 1.75043E-1 3.6792E-1 3.53229E-1 1.86697E-1 3.79583E-1 5.42792E-1 4.04321E-1 2.56604E-1 4.85714E-1 4.93654E-1 5.27739E-1 5.40523E-1
-9999 -9999 -9999 -9999 -9999 -9999 -9999 -9999 -9999 -9999 -9999 -9999 -9999 -9999 -9999 -9999 2.1646E-1 1.61337E-1 1.92765E-1 1.76647E-1 1.76827E-1 1.26843E-1 1.66804E-1 1.63978E-1 1.30207E-1 1.44989E-1 1.57776E-1 1.55409E-1 1.61746E-1 1.60721E-1 1.62949E-1 1.87508E-1 2.52311E-1 1.73617E-1 2.35427E-1 3.72578E-1 3.80374E-1 1.58539E-1 1.53212E-1 1.56847E-1 1.85503E-1 2.96069E-1 3.15814E-1 1.79432E-1 2.25398E-1 1.69928E-1 1.72411E-1 2.14231E-1 4.40453E-1 4.36055E-1 3.63434E-1 3.47781E-1 3.88755E-1 5.61842E-1 4.27113E-1 2.57919E-1 4.08699E-1 4.15963E-1 4.18251E-1
-9999 -9999 -9999 -9999 -9999 -9999 -9999 -9999 -9999 -9999 -9999 -9999 -9999 -9999 -9999 -9999 -9999 1.89348E-1 1.73699E-1 1.9581E-1 1.38447E-1 1.68197E-1 1.67061E-1 1.38897E-1 1.24753E-1 1.7776E-1 1.56299E-1 1.74098E-1 1.30151E-1 1.04489E-1 1.42646E-1 1.47059E-1 2.7703E-1 1.6662E-1 2.91933E-1 2.76056E-1 1.82072E-1 3.88688E-1 2.38384E-1 2.59327E-1 2.4159E-1 1.90826E-1 1.78862E-1 5.16949E-1 1.89815E-1 2.03034E-1 1.91877E-1 2.28077E-1 2.36365E-1 3.81039E-1 4.40253E-1 3.66413E-1 3.68676E-1 4.12078E-1 5.7335E-1 4.40931E-1 2.81907E-1 4.28453E-1 4.29237E-1
-9999 -9999 -9999 -9999 -9999 -9999 -9999 -9999 -9999 -9999 -9999 -9999 -9999 -9999 -9999 -9999 -9999 2.45985E-1 2.29846E-1 1.5569E-1 1.20748E-1 1.3175E-1 1.88649E-1 1.34957E-1 1.22639E-1 1.98002E-1 1.53201E-1 2.05479E-1 1.54871E-1 1.22639E-1 1.81671E-1 1.60016E-1 3.12747E-1 2.82688E-1 3.03056E-1 2.4791E-1 2.85993E-1 2.67391E-1 2.63587E-1 1.92772E-1 1.77377E-1 1.7817E-1 2.07672E-1 1.87673E-1 3.29301E-1 3.82775E-1 2.50291E-1 2.23974E-1 2.37511E-1 4.1101E-1 3.8189E-1 4.57866E-1 3.89127E-1 4.33813E-1 4.79262E-1 5.84805E-1 5.86495E-1 6.09338E-1 6.20071E-1
-9999 -9999 -9999 -9999 -9999 -9999 -9999 -9999 -9999 -9999 -9999 -9999 -9999 -9999 -9999 -9999 -9999 -9999 1.60182E-1 1.66937E-1 1.18564E-1 1.20334E-1 1.40817E-1 1.8651E-1 1.53648E-1 1.61544E-1 2.03255E-1 2.31984E-1 2.18111E-1 1.51741E-1 2.26897E-1 2.2059E-1 2.09525E-1 1.49348E-1 2.43824E-1 2.42351E-1 2.53738E-1 2.63523E-1 2.21422E-1 2.43517E-1 2.8843E-1 2.75309E-1 2.06805E-1 4.10498E-1 3.04425E-1 2.0989E-1 3.27423E-1 3.6159E-1 5.52463E-1 5.8253E-1 5.53009E-1 5.87786E-1 4.18842E-1 3.97135E-1 4.15468E-1 4.19259E-1 4.28129E-1 2.83588E-1 4.32999E-1
-9999 -9999 -9999 -9999 -9999 -9999 -9999 -9999 -9999 -9999 -9999 -9999 -9999 -9999 -9999 -9999 -9999 -9999 1.16604E-1 1.04244E-1 9.63639E-2 1.14075E-1 1.33064E-1 2.02235E-1 2.02534E-1 1.6761E-1 1.59817E-1 1.74337E-1 1.73848E-1 2.79409E-1 1.71964E-1 1.79818E-1 1.55926E-1 1.48257E-1 2.91432E-1 2.69811E-1 2.55956E-1 2.90741E-1 1.67551E-1 2.56618E-1 2.30896E-1 2.9044E-1 4.09043E-1 2.97075E-1 3.13238E-1 2.27259E-1 2.21528E-1 2.03545E-1 2.44595E-1 2.33143E-1 2.26892E-1 2.2598E-1 3.49347E-1 5.5708E-1 4.09346E-1 4.39398E-1 4.1328E-1 4.15373E-1 2.68984E-1
-9999 -9999 -9999 -9999 -9999 -9999 -9999 -9999 -9999 -9999 -9999 -9999 -9999 -9999 -9999 -9999 -9999 -9999 -9999 1.32891E-1 9.88107E-2 9.58313E-2 1.50736E-1 1.68556E-1 2.56606E-1 1.43881E-1 2.23523E-1 1.93721E-1 1.74337E-1 2.91749E-1 1.82473E-1 1.86335E-1 1.69029E-1 1.54369E-1 1.57447E-1 1.48628E-1 3.01694E-1 2.31318E-1 1.37014E-1 2.91967E-1 2.36149E-1 1.7269E-1 2.8654E-1 2.8976E-1 4.05046E-1 4.15522E-1 4.29387E-1 3.1984E-1 3.45771E-1 3.66561E-1 3.39583E-1 3.92307E-1 4.03733E-1 5.37968E-1 5.66396E-1 5.78195E-1 4.2401E-1 6.16516E-1 6.22097E-1
-9999 -9999 -9999 -9999 -9999 -9999 -9999 -9999 -9999 -9999 -9999 -9999 -9999 -9999 -9999 -9999 -9999 -9999 -9999 -9999 -9999 1.18187E-1 1.48345E-1 1.43473E-1 1.4358E-1 2.52912E-1 1.8989E-1 1.60022E-1 3.06892E-1 1.78993E-1 1.84282E-1 1.8909E-1 2.49356E-1 2.32027E-1 2.29784E-1 2.07042E-1 1.5743E-1 2.91556E-1 3.22807E-1 3.3716E-1 2.09458E-1 2.10745E-1 2.18058E-1 2.67784E-1 2.13787E-1 2.11589E-1 2.05348E-1 2.33024E-1 2.33844E-1 2.43845E-1 2.4299E-1 5.14115E-1 5.42924E-1 4.45175E-1 3.92378E-1 4.0421E-1 4.09231E-1 4.3539E-1 4.72383E-1
-9999 -9999 -9999 -9999 -9999 -9999 -9999 -9999 -9999 -9999 -9999 -9999 -9999 -9999 -9999 -9999 -9999 -9999 -9999 -9999 -9999 -9999 1.89045E-1 1.92164E-1 2.71825E-1 1.73027E-1 2.50983E-1 1.9127E-1 2.65071E-1 1.49749E-1 1.6302E-1 2.50793E-1 1.66869E-1 1.31747E-1 1.27197E-1 1.81751E-1 1.44055E-1 1.4682E-1 1.41572E-1 3.19106E-1 1.41118E-1 1.491E-1 2.18777E-1 1.74257E-1 2.71395E-1 2.60884E-1 3.26523E-1 4.01447E-1 4.24192E-1 4.5331E-1 4.62155E-1 4.95367E-1 5.46385E-1 4.94866E-1 4.12715E-1 4.35879E-1 4.49512E-1 4.92729E-1 4.07512E-1
-9999 -9999 -9999 -9999 -9999 -9999 -9999 -9999 -9999 -9999 -9999 -9999 -9999 -9999 -9999 -9999 -9999 -9999 -9999 -9999 -9999 -9999 -9999 -9999 1.61287E-1 1.47108E-1 1.71281E-1 2.52013E-1 2.75871E-1 2.84755E-1 2.80784E-1 2.04101E-1 2.04325E-1 1.69789E-1 1.19739E-1 1.34911E-1 1.47651E-1 2.02645E-1 1.0706E-1 1.1748E-1 1.2892E-1 3.32685E-1 2.6121E-1 2.63896E-1 2.28551E-1 2.40268E-1 3.36297E-1 3.10124E-1 3.33587E-1 3.48604E-1 4.45747E-1 3.80253E-1 4.32723E-1 5.05002E-1 4.37458E-1 3.86145E-1 4.27904E-1 4.23582E-1 3.64651E-1
-9999 -9999 -9999 -9999 -9999 -9999 -9999 -9999 -9999 -9999 -9999 -9999 -9999 -9999 -9999 -9999 -9999 -9999 -9999 -9999 -9999 -9999 -9999 -9999 -9999 -9999 1.81602E-1 1.65797E-1 1.50964E-1 1.7311E-1 1.70543E-1 2.47615E-1 1.71739E-1 1.35983E-1 1.19522E-1 1.06684E-1 1.17864E-1 1.08597E-1 9.0985E-2 1.3689E-1 2.81745E-1 2.5159E-1 2.00807E-1 1.42909E-1 1.95775E-1 1.8062E-1 2.92091E-1 2.50211E-1 2.70324E-1 3.33489E-1 4.20289E-1 3.56933E-1 3.84199E-1 4.63067E-1 3.73333E-1 4.30477E-1 3.77896E-1 2.44094E-1 3.95202E-1
