RANDOMfcs/flood_randomFCS.asc
ncols         319
nrows         495
xllcorner     219017.22331753
yllcorner     4610852.5305323
cellsize      500.0
NODATA_value  -9999
[rows 130 to 155 of 495, columns 59 to 117 of 319]
-9999 -9999 -9999 -9999 -9999 -9999 -9999 -9999 -9999 -9999 -9999 -9999 -9999 4.18217E-1 2.59952E-1 2.65655E-1 2.64625E-1 3.82904E-1 2.88899E-1 2.64763E-1 2.61134E-1 3.35839E-1 3.37271E-1 3.265E-1 1.94622E-1 2.22613E-1 1.82192E-1 2.46119E-1 1.58364E-1 1.12516E-1 7.28347E-2 3.49144E-2 3.49039E-2 5.88344E-2 1.49781E-1 2.14233E-1 2.74701E-1 2.93803E-1 2.38234E-1 3.87697E-1 4.49299E-1 4.38718E-1 3.79202E-1 1.46419E-1 9.18878E-2 1.37815E-1 3.17912E-1 4.81277E-1 2.12009E-1 1.15067E-1 8.20259E-2 1.83221E-1 1.46347E-1 1.32843E-1 5.31821E-2 2.39708E-2 2.72124E-2 6.6218E-2 4.87245E-2
-9999 -9999 -9999 -9999 -9999 -9999 -9999 -9999 -9999 -9999 -9999 -9999 -9999 4.12337E-1 3.92111E-1 3.83144E-1 3.78998E-1 2.2377E-1 3.15372E-1 3.12072E-1 3.22028E-1 2.85595E-1 2.61594E-1 2.26821E-1 2.15365E-1 1.51433E-1 1.73889E-1 1.2199E-1 1.95028E-1 1.08732E-1 5.99897E-2 6.96104E-2 4.10466E-2 7.64171E-2 1.21293E-1 1.0204E-1 1.87431E-1 2.68427E-1 4.27328E-1 4.7628E-1 1.73441E-1 1.09315E-1 1.44432E-1 1.52782E-1 1.17206E-1 1.33225E-1 4.35193E-1 3.58993E-1 1.85316E-1 1.19397E-1 1.16923E-1 1.0766E-1 1.61882E-1 9.83198E-2 4.76428E-2 1.74151E-2 2.53907E-2 4.36938E-2 1.01251E-1
-9999 -9999 -9999 -9999 -9999 -9999 -9999 -9999 -9999 -9999 -9999 -9999 2.92049E-1 2.69871E-1 2.53602E-1 2.62139E-1 2.26852E-1 2.27449E-1 2.02339E-1 1.65301E-1 1.95975E-1 2.23052E-1 2.20729E-1 1.72231E-1 1.4044E-1 1.5669E-1 1.40833E-1 6.25608E-2 1.01494E-1 1.59333E-1 7.10061E-2 7.95409E-2 1.1085E-1 1.87751E-1 4.39166E-2 6.96548E-2 1.05878E-1 1.11587E-1 1.6491E-1 3.73749E-1 3.75882E-1 1.35199E-1 8.61873E-2 7.47089E-2 9.11654E-2 1.06583E-1 3.10818E-1 3.45149E-1 3.55688E-1 2.87049E-1 1.45637E-1 9.21104E-2 1.01645E-1 3.88784E-2 2.98458E-2 1.96252E-2 6.9054E-2 7.49405E-2 1.13961E-1
-9999 -9999 -9999 -9999 -9999 -9999 -9999 -9999 -9999 -9999 -9999 3.02106E-1 3.4312E-1 3.13637E-1 3.11029E-1 3.01009E-1 2.82726E-1 2.33646E-1 1.40981E-1 1.06545E-1 1.84592E-1 2.52919E-1 1.80661E-1 1.28252E-1 1.04448E-1 8.82474E-2 5.76411E-2 4.58013E-2 3.1499E-2 7.80317E-2 6.97735E-2 8.26195E-2 9.85346E-2 4.69012E-2 2.25604E-2 3.00961E-2 7.3171E-2 5.26658E-2 1.17592E-1 1.59691E-1 2.68861E-1 1.76372E-1 1.13856E-1 8.06937E-2 9.81423E-2 1.14427E-1 2.48637E-1 4.84953E-1 1.77876E-1 3.47142E-1 1.47346E-1 8.92328E-2 5.85894E-2 9.61605E-2 3.98913E-2 2.69166E-2 7.70198E-2 1.22334E-1 9.9395E-2
-9999 -9999 -9999 -9999 -9999 -9999 -9999 -9999 -9999 -9999 3.54513E-1 3.64778E-1 2.88397E-1 2.69871E-1 2.9569E-1 2.9901E-1 2.77963E-1 1.85421E-1 1.27755E-1 1.40873E-1 1.16706E-1 1.15007E-1 1.77123E-1 7.65855E-2 9.18808E-2 9.53068E-2 8.97995E-2 9.79613E-2 6.19787E-2 2.87036E-2 2.91678E-2 5.02735E-2 4.45799E-2 5.15377E-2 3.05638E-2 1.37652E-2 2.31523E-2 3.84636E-2 1.24688E-1 6.63305E-2 9.09542E-2 8.80283E-2 6.51427E-2 1.09201E-1 1.28879E-1 1.71245E-1 2.10951E-1 3.79631E-1 3.01399E-1 1.55391E-1 1.28943E-1 8.26698E-2 8.73805E-2 1.04594E-1 5.24449E-2 3.09492E-2 6.06164E-2 1.02675E-1 1.41618E-1
-9999 -9999 -9999 -9999 -9999 -9999 -9999 -9999 -9999 2.52912E-1 2.33408E-1 2.36929E-1 3.72533E-1 2.84175E-1 2.81446E-1 2.41103E-1 2.76522E-1 1.782E-1 1.46392E-1 1.20424E-1 9.54946E-2 8.7112E-2 9.8512E-2 7.30907E-2 9.79862E-2 1.80836E-1 1.58074E-1 6.67933E-2 4.63986E-2 5.86918E-2 3.86047E-2 6.20658E-2 6.23419E-2 1.33452E-1 4.29968E-2 2.19361E-2 1.95648E-2 2.87142E-2 5.20188E-2 4.22859E-2 4.09662E-2 5.49155E-2 4.0786E-2 7.39957E-2 1.23291E-1 1.70184E-1 1.35011E-1 4.9786E-1 1.48664E-1 1.5378E-1 9.49389E-2 8.46241E-2 1.29782E-1 1.15331E-1 5.89198E-2 2.87443E-2 2.81226E-2 7.61873E-2 1.13699E-1
-9999 -9999 -9999 -9999 -9999 -9999 -9999 -9999 2.62062E-1 2.54576E-1 2.40369E-1 2.70739E-1 2.54842E-1 3.9993E-1 2.91716E-1 2.36863E-1 2.67213E-1 2.02838E-1 2.42782E-1 1.68982E-1 1.49854E-1 1.90358E-1 2.03738E-1 1.77311E-1 1.04745E-1 1.97808E-1 1.85567E-1 1.57729E-1 6.10283E-2 8.43684E-2 1.32784E-1 7.49523E-2 8.4038E-2 1.00848E-1 6.33899E-2 5.11942E-2 5.70617E-2 3.2321E-2 4.26114E-2 3.17734E-2 5.38455E-2 4.97498E-2 5.17571E-2 5.20074E-2 1.18453E-1 1.605E-1 2.14562E-1 4.6346E-1 1.33374E-1 1.14523E-1 1.17292E-1 1.78898E-1 1.63622E-1 8.63932E-2 5.6329E-2 2.19054E-2 1.66207E-2 4.01757E-2 6.65982E-2
-9999 -9999 -9999 -9999 -9999 -9999 -9999 2.67432E-1 2.94506E-1 2.85746E-1 2.84241E-1 2.98342E-1 3.77247E-1 3.4532E-1 2.52578E-1 2.61418E-1 2.32679E-1 2.26654E-1 3.23613E-1 2.73551E-1 1.70741E-1 1.30061E-1 1.86707E-1 1.76374E-1 1.60191E-1 2.27953E-1 2.85515E-1 1.53719E-1 1.82653E-1 9.65114E-2 9.49527E-2 1.10917E-1 1.42095E-1 1.07542E-1 1.06616E-1 1.10335E-1 1.3142E-1 5.33907E-2 4.30041E-2 1.6148E-1 1.23317E-1 7.72322E-2 6.33048E-2 1.29906E-1 1.42427E-1 1.55718E-1 1.95481E-1 4.66121E-1 1.87847E-1 1.32698E-1 2.29169E-1 1.81977E-1 8.61712E-2 5.76074E-2 3.82618E-2 3.97528E-2 1.84058E-2 5.05367E-2 1.02657E-1
-9999 -9999 -9999 -9999 -9999 2.82816E-1 2.4986E-1 2.59807E-1 2.47005E-1 2.50894E-1 3.08519E-1 3.24811E-1 2.65084E-1 3.72626E-1 3.31134E-1 3.04756E-1 2.84778E-1 2.90825E-1 2.48107E-1 2.14068E-1 2.01234E-1 1.31066E-1 1.63063E-1 3.78119E-1 3.39975E-1 4.22817E-1 2.67546E-1 2.04913E-1 1.88343E-1 2.19362E-1 1.44455E-1 1.34532E-1 1.89951E-1 1.56238E-1 1.84681E-1 2.04413E-1 1.17371E-1 9.14986E-2 6.3773E-2 4.9968E-2 1.83491E-1 9.85474E-2 8.28172E-2 1.10711E-1 2.15485E-1 2.03022E-1 2.90321E-1 4.84162E-1 2.64802E-1 2.58072E-1 1.62001E-1 1.15157E-1 1.87892E-1 1.22562E-1 1.1355E-1 3.9194E-2 2.31854E-2 4.38215E-2 6.75246E-2
-9999 -9999 -9999 2.86142E-1 3.48531E-1 3.00005E-1 2.38365E-1 2.38675E-1 2.47426E-1 3.94697E-1 2.4663E-1 2.56063E-1 3.52086E-1 2.96502E-1 2.5941E-1 2.76345E-1 2.4087E-1 2.17546E-1 2.41475E-1 2.60853E-1 1.6263E-1 1.4914E-1 2.96924E-1 3.5579E-1 4.26649E-1 4.72474E-1 3.02743E-1 2.31383E-1 2.4082E-1 1.70674E-1 2.30562E-1 3.16582E-1 1.60931E-1 1.96402E-1 2.59974E-1 2.34838E-1 1.90198E-1 1.56629E-1 6.88621E-2 9.64907E-2 2.07792E-1 3.18593E-1 3.34539E-1 2.15036E-1 3.94507E-1 4.09126E-1 4.29581E-1 4.33976E-1 4.01955E-1 1.75929E-1 1.16637E-1 9.13213E-2 7.38288E-2 1.19218E-1 1.37499E-1 4.87095E-2 2.67649E-2 5.70845E-2 1.30946E-1
-9999 2.29635E-1 2.03002E-1 3.04868E-1 2.16505E-1 2.44514E-1 2.38748E-1 2.39798E-1 3.17148E-1 2.44617E-1 2.43456E-1 2.67162E-1 2.41692E-1 3.46125E-1 2.74705E-1 2.52192E-1 2.44042E-1 2.564E-1 2.20485E-1 2.40105E-1 1.63796E-1 1.3125E-1 2.62929E-1 3.39169E-1 3.92652E-1 3.94014E-1 4.67826E-1 3.60626E-1 2.51768E-1 2.73305E-1 2.82568E-1 2.82584E-1 2.77375E-1 2.70096E-1 3.73597E-1 3.32159E-1 3.00754E-1 1.66543E-1 8.72748E-2 1.0754E-1 1.00299E-1 1.46278E-1 1.18713E-1 2.84653E-1 1.28948E-1 1.44445E-1 3.53116E-1 2.30865E-1 2.19208E-1 1.99192E-1 1.28193E-1 9.70375E-2 6.56033E-2 1.24953E-1 5.21872E-2 3.78671E-2 3.81366E-2 5.32713E-2 7.04792E-2
2.12345E-1 2.52414E-1 1.98429E-1 2.11387E-1 2.30406E-1 2.26237E-1 2.50657E-1 3.22285E-1 2.43888E-1 2.36683E-1 2.69332E-1 2.38729E-1 2.8058E-1 2.54139E-1 3.52188E-1 2.66941E-1 2.59991E-1 2.87885E-1 4.02908E-1 2.68001E-1 2.5653E-1 1.94192E-1 1.74266E-1 2.05426E-1 2.388E-1 4.31373E-1 3.905E-1 4.82649E-1 4.45675E-1 2.52182E-1 4.61064E-1 2.29996E-1 4.03723E-1 4.01055E-1 4.16023E-1 4.60896E-1 3.02751E-1 2.49005E-1 1.34739E-1 1.53067E-1 1.07801E-1 1.07053E-1 8.01955E-2 1.12969E-1 8.17715E-2 1.52862E-1 1.76279E-1 3.25138E-1 1.69907E-1 1.70053E-1 1.50864E-1 9.14197E-2 5.47063E-2 8.02909E-2 4.63812E-2 2.88997E-2 9.10842E-2 6.01662E-2 1.15817E-1
2.25781E-1 2.18181E-1 1.9534E-1 2.17844E-1 2.3913E-1 2.22052E-1 2.50162E-1 2.73254E-1 2.33877E-1 2.32771E-1 2.3189E-1 2.3322E-1 2.61648E-1 3.2111E-1 3.22229E-1 2.69117E-1 4.67673E-1 4.85704E-1 3.98285E-1 4.30243E-1 2.50673E-1 2.53505E-1 1.82377E-1 2.3531E-1 2.2596E-1 2.89054E-1 2.46603E-1 4.12298E-1 3.34185E-1 4.84199E-1 3.90288E-1 2.59753E-1 4.47283E-1 4.43878E-1 4.79782E-1 4.0908E-1 3.7738E-1 2.4243E-1 1.57921E-1 1.04925E-1 7.12603E-2 1.73114E-1 6.91956E-2 7.62441E-2 8.18581E-2 1.16686E-1 1.22255E-1 1.78029E-1 1.24481E-1 1.31496E-1 7.74575E-2 6.22331E-2 3.88324E-2 5.57205E-2 3.851E-2 3.87497E-2 8.42981E-2 1.50953E-1 9.72705E-2
2.07106E-1 2.92632E-1 2.09812E-1 2.38506E-1 2.32674E-1 2.48649E-1 2.22072E-1 2.24294E-1 3.06875E-1 2.39463E-1 2.34048E-1 2.48275E-1 3.12397E-1 2.99392E-1 2.80148E-1 2.71037E-1 2.76317E-1 4.64507E-1 5.05785E-1 3.91997E-1 3.72718E-1 3.62473E-1 2.43204E-1 2.30516E-1 2.38821E-1 4.40706E-1 4.03244E-1 3.92825E-1 5.04079E-1 4.82294E-1 4.02294E-1 4.61388E-1 4.57267E-1 4.84365E-1 3.7917E-1 2.72233E-1 2.75159E-1 2.34109E-1 2.20617E-1 1.43113E-1 1.62735E-1 1.42418E-1 9.82946E-2 7.89085E-2 9.87821E-2 9.76139E-2 7.9537E-2 1.24214E-1 1.1006E-1 8.18081E-2 8.37578E-2 4.46334E-2 9.4753E-2 5.57424E-2 7.22934E-2 7.09449E-2 9.03711E-2 1.66696E-1 1.03363E-1
2.87623E-1 2.37873E-1 2.8089E-1 1.9138E-1 2.10189E-1 2.10624E-1 2.82053E-1 2.0274E-1 3.06424E-1 2.43539E-1 3.01647E-1 3.03643E-1 2.45926E-1 2.87268E-1 2.57644E-1 2.61153E-1 2.541E-1 4.14482E-1 4.99526E-1 3.91282E-1 4.14703E-1 3.56841E-1 2.86775E-1 3.01831E-1 4.18849E-1 4.67449E-1 4.30226E-1 4.1881E-1 5.40622E-1 5.31697E-1 4.60831E-1 5.08398E-1 4.00853E-1 4.84358E-1 3.96711E-1 3.32226E-1 4.04449E-1 3.6969E-1 2.92636E-1 2.0157E-1 2.6524E-1 1.73981E-1 1.68294E-1 2.51899E-1 1.53873E-1 1.22506E-1 7.12534E-2 7.5587E-2 9.77525E-2 8.47568E-2 7.87584E-2 6.22159E-2 8.44909E-2 7.79916E-2 1.41784E-1 1.20077E-1 1.33177E-1 1.69214E-1 1.3649E-1
2.27257E-1 2.08274E-1 2.18963E-1 2.08727E-1 1.90841E-1 2.00593E-1 2.02435E-1 3.15654E-1 2.3055E-1 2.75077E-1 2.53062E-1 3.46544E-1 2.82627E-1 2.47125E-1 2.54905E-1 2.594E-1 3.1296E-1 4.60655E-1 4.90719E-1 4.06506E-1 4.30606E-1 3.29328E-1 4.46888E-1 4.62729E-1 5.21368E-1 -9999 4.83817E-1 4.4851E-1 5.56325E-1 -9999 -9999 -9999 4.86366E-1 5.38965E-1 4.35916E-1 4.81657E-1 4.70471E-1 4.19112E-1 2.47584E-1 2.42072E-1 2.82225E-1 2.19232E-1 2.16096E-1 2.22647E-1 1.87995E-1 1.14318E-1 9.83755E-2 8.61004E-2 1.13758E-1 1.16835E-1 1.14143E-1 1.16106E-1 1.91568E-1 1.37627E-1 1.97767E-1 1.2416E-1 2.13384E-1 1.60338E-1 1.26253E-1
1.8905E-1 1.94699E-1 2.25785E-1 2.12489E-1 1.9987E-1 2.07578E-1 2.99002E-1 2.86774E-1 2.75539E-1 2.29598E-1 2.60347E-1 2.37159E-1 2.33242E-1 2.47337E-1 2.70315E-1 3.18833E-1 2.49067E-1 3.96811E-1 4.88047E-1 4.74946E-1 4.929E-1 5.01528E-1 5.78845E-1 -9999 -9999 -9999 5.21368E-1 5.05455E-1 5.875E-1 -9999 -9999 -9999 -9999 6.38019E-1 5.6937E-1 5.97615E-1 5.08049E-1 4.11335E-1 4.0417E-1 3.12869E-1 4.47083E-1 2.58679E-1 2.66775E-1 2.31831E-1 2.22696E-1 3.00631E-1 2.29648E-1 1.56723E-1 1.90985E-1 1.40086E-1 1.65916E-1 1.87625E-1 2.1612E-1 1.3164E-1 2.50173E-1 1.42739E-1 2.27714E-1 2.03755E-1 1.43526E-1
1.76935E-1 1.93518E-1 2.33764E-1 1.96819E-1 1.93816E-1 1.94924E-1 2.87987E-1 2.4812E-1 3.03455E-1 3.11775E-1 3.18279E-1 3.11676E-1 2.49088E-1 2.90055E-1 3.18046E-1 3.41241E-1 4.37168E-1 4.20469E-1 5.22593E-1 4.82829E-1 5.34526E-1 5.10046E-1 5.356E-1 -9999 -9999 -9999 -9999 -9999 -9999 -9999 -9999 -9999 -9999 -9999 -9999 -9999 -9999 -9999 -9999 5.21368E-1 5.14009E-1 2.54775E-1 2.99819E-1 2.8707E-1 3.27751E-1 3.06069E-1 2.24233E-1 1.72656E-1 2.28853E-1 1.96783E-1 2.17256E-1 1.84534E-1 3.03373E-1 2.0856E-1 1.75006E-1 2.38965E-1 4.23469E-1 2.76207E-1 1.79411E-1
2.97092E-1 2.6278E-1 2.90006E-1 2.7252E-1 2.50357E-1 1.96657E-1 2.21527E-1 3.10147E-1 3.61435E-1 3.18174E-1 3.23036E-1 3.25414E-1 3.44453E-1 3.2446E-1 2.71236E-1 2.92977E-1 3.94443E-1 2.8279E-1 5.32057E-1 5.0714E-1 5.2628E-1 5.39373E-1 5.18254E-1 -9999 -9999 -9999 -9999 -9999 -9999 -9999 -9999 -9999 -9999 -9999 -9999 -9999 -9999 -9999 -9999 -9999 -9999 -9999 -9999 5.29389E-1 4.55956E-1 2.40546E-1 2.57858E-1 1.37986E-1 1.62685E-1 2.63423E-1 3.14763E-1 1.72319E-1 2.12176E-1 2.40978E-1 3.13816E-1 4.03095E-1 1.53426E-1 1.27647E-1 2.15601E-1
2.23389E-1 3.01489E-1 2.14334E-1 2.04441E-1 1.91366E-1 3.0107E-1 3.62423E-1 3.59693E-1 2.96553E-1 4.52531E-1 2.47989E-1 3.1904E-1 3.05241E-1 2.67096E-1 2.7838E-1 4.63367E-1 3.08898E-1 3.69561E-1 5.31082E-1 5.03844E-1 5.29562E-1 5.44434E-1 5.22556E-1 5.44944E-1 -9999 -9999 -9999 -9999 -9999 -9999 -9999 -9999 -9999 -9999 -9999 -9999 -9999 -9999 -9999 -9999 -9999 5.21368E-1 5.52488E-1 5.65983E-1 4.78129E-1 2.49052E-1 2.19586E-1 1.60428E-1 1.1957E-1 3.3119E-1 4.46722E-1 2.21264E-1 2.43537E-1 4.76172E-1 3.28851E-1 1.40014E-1 1.15703E-1 1.39864E-1 1.91252E-1
2.93308E-1 2.2184E-1 2.17826E-1 2.88954E-1 1.74598E-1 2.65013E-1 2.77976E-1 2.53566E-1 2.86582E-1 3.68027E-1 4.56881E-1 2.46025E-1 2.13411E-1 4.03664E-1 3.32143E-1 2.66337E-1 2.43291E-1 2.44707E-1 5.23551E-1 4.88635E-1 5.54815E-1 5.25668E-1 -9999 5.29389E-1 5.54815E-1 -9999 -9999 -9999 -9999 -9999 -9999 -9999 -9999 -9999 -9999 -9999 -9999 -9999 -9999 -9999 5.33681E-1 4.87555E-1 5.37456E-1 5.58221E-1 5.00775E-1 4.44844E-1 2.59052E-1 1.54283E-1 1.69915E-1 3.55276E-1 4.58405E-1 4.43903E-1 4.70925E-1 3.10712E-1 1.85647E-1 1.24204E-1 1.63963E-1 1.30045E-1 1.67178E-1
2.52504E-1 3.21623E-1 2.71622E-1 2.90405E-1 2.56682E-1 2.93633E-1 2.0367E-1 2.16803E-1 3.68831E-1 3.53762E-1 4.45848E-1 4.40585E-1 2.57319E-1 2.53383E-1 4.17412E-1 2.85815E-1 2.50247E-1 2.54647E-1 2.59498E-1 5.50185E-1 -9999 5.48644E-1 5.32669E-1 5.4151E-1 5.18747E-1 5.43936E-1 -9999 -9999 -9999 -9999 -9999 -9999 -9999 -9999 -9999 -9999 -9999 -9999 -9999 5.28093E-1 5.21524E-1 5.51653E-1 5.2448E-1 5.69418E-1 5.23419E-1 4.27534E-1 2.64054E-1 2.16438E-1 2.17703E-1 2.57114E-1 3.63662E-1 5.00155E-1 3.66356E-1 1.83715E-1 1.29804E-1 1.48759E-1 1.31916E-1 2.18544E-1 1.62033E-1
3.35209E-1 2.2585E-1 2.32369E-1 2.09833E-1 2.95321E-1 1.94517E-1 2.0134E-1 2.30063E-1 2.23824E-1 2.87905E-1 2.20624E-1 4.00888E-1 4.78245E-1 4.90648E-1 5.8942E-1 2.66948E-1 2.58147E-1 2.43899E-1 2.52105E-1 5.4631E-1 5.34464E-1 -9999 5.54815E-1 5.16086E-1 5.55519E-1 5.26161E-1 5.30246E-1 -9999 -9999 -9999 -9999 -9999 -9999 -9999 -9999 -9999 -9999 -9999 5.48644E-1 5.18518E-1 5.55449E-1 4.95924E-1 5.37394E-1 5.81714E-1 4.6796E-1 2.49287E-1 2.29027E-1 1.80702E-1 2.01854E-1 1.46192E-1 4.71965E-1 3.75821E-1 1.75706E-1 1.81635E-1 1.49566E-1 1.11607E-1 1.80605E-1 2.33407E-1 2.19452E-1
3.22468E-1 2.80017E-1 2.08403E-1 2.60567E-1 2.01088E-1 3.04426E-1 3.47196E-1 3.36307E-1 4.349E-1 3.77839E-1 3.78735E-1 3.66836E-1 3.54558E-1 3.72626E-1 3.73455E-1 2.63695E-1 2.69631E-1 2.40313E-1 4.11331E-1 5.3379E-1 5.0731E-1 5.84915E-1 -9999 5.30246E-1 5.15572E-1 5.69573E-1 5.21176E-1 5.57446E-1 -9999 -9999 -9999 5.82052E-1 5.45224E-1 5.95273E-1 -9999 -9999 5.67755E-1 5.39031E-1 5.51903E-1 5.38863E-1 5.39515E-1 4.85248E-1 5.21681E-1 4.39936E-1 4.13527E-1 2.10536E-1 1.69597E-1 1.62998E-1 1.75448E-1 2.02765E-1 4.91083E-1 3.7494E-1 1.79586E-1 2.21551E-1 2.16349E-1 1.86877E-1 2.33393E-1 2.95606E-1 4.02189E-1
3.05481E-1 1.8834E-1 2.05108E-1 2.58456E-1 2.47579E-1 2.35518E-1 2.04136E-1 3.39008E-1 3.81325E-1 3.60515E-1 2.77232E-1 3.98696E-1 2.97307E-1 4.55544E-1 3.89538E-1 5.58964E-1 3.7655E-1 3.27518E-1 3.97861E-1 3.77963E-1 5.51943E-1 5.22634E-1 6.08467E-1 -9999 5.36957E-1 5.36765E-1 5.3867E-1 5.50274E-1 -9999 -9999 -9999 5.61017E-1 5.51623E-1 5.74037E-1 -9999 -9999 5.59892E-1 -9999 5.54815E-1 5.45224E-1 5.66757E-1 5.33397E-1 3.64203E-1 2.3573E-1 1.69771E-1 1.38418E-1 2.49275E-1 2.48849E-1 2.23897E-1 2.98375E-1 5.2409E-1 3.57391E-1 2.61492E-1 2.31778E-1 2.30828E-1 2.64311E-1 2.2423E-1 2.70361E-1 4.25582E-1
2.18582E-1 2.17179E-1 1.97142E-1 2.82836E-1 1.91578E-1 1.87075E-1 1.94581E-1 3.42229E-1 3.37045E-1 2.24946E-1 2.84691E-1 4.75782E-1 3.93726E-1 2.25152E-1 3.116E-1 3.64537E-1 3.53938E-1 2.41996E-1 2.3709E-1 2.71931E-1 3.56392E-1 5.7942E-1 5.27292E-1 -9999 -9999 5.76471E-1 5.45736E-1 5.30307E-1 5.78845E-1 -9999 -9999 5.61983E-1 5.54028E-1 5.74638E-1 -9999 5.69418E-1 5.70984E-1 5.54815E-1 5.57446E-1 -9999 6.11472E-1 3.38212E-1 2.8658E-1 2.32089E-1 1.7736E-1 2.1884E-1 2.82988E-1 2.91492E-1 2.44065E-1 3.87884E-1 5.40113E-1 2.61433E-1 3.14406E-1 4.20699E-1 4.24191E-1 2.3084E-1 2.61898E-1 3.54387E-1 4.48157E-1
