outputallcorrectTI_nofloodareas_nofloodcontrols_PARETO/flood.asc
ncols         319
nrows         495
xllcorner     219017.22331753
yllcorner     4610852.5305323
cellsize      500.0
NODATA_value  -9999
[rows 338 to 363 of 495, columns 180 to 239 of 319]
2.20444E-1 3.87321E-2 3.09808E-3 2.62617E-2 1.99555E-2 1.12105E-3 5.31484E-3 2.26936E-2 4.36259E-2 1.36988E-2 1.58058E-3 5.73834E-3 4.63677E-2 4.18357E-2 1.55357E-1 2.52338E-2 3.04499E-2 4.0691E-3 1.76086E-3 4.5546E-2 6.8295E-2 5.50613E-2 4.818E-3 2.39245E-2 4.85106E-3 4.93514E-2 4.60787E-3 3.56175E-1 2.04376E-2 7.21286E0 3.16651E-2 1.07348E-3 1.38827E-2 8.64335E-4 1.30943E1 2.15002E-2 5.96713E-3 1.97409E-3 4.5968E-2 4.44619E-2 6.84057E-3 1.26644E-2 1.76269E-2 6.73006E-2 6.06879E-2 3.71562E-2 2.53674E-2 2.55599E-2 5.1134E0 1.88737E-2 2.19435E-3 3.23107E-3 6.25069E-2 5.20936E-2 1.37029E-3 3.87573E-3 5.75694E-2 5.88162E-3 3.60493E-4 3.4699E-2
3.14103E0 8.6512E-2 2.62291E-2 1.25649E-3 2.07031E-3 2.44197E-2 5.23728E-3 1.72754E-2 4.75311E-2 2.54927E-3 2.60351E-3 8.0721E-4 1.65884E-2 2.71708E-2 6.2209E-2 4.46988E-3 3.68049E-2 2.06675E-2 3.30562E-3 2.02453E-3 6.52694E-3 2.20057E-2 2.15173E-2 4.28723E-3 3.00156E-2 8.92824E-2 4.30902E-2 1.09473E-2 1.50559E-2 6.59067E0 3.55113E-3 1.26075E-2 2.55738E-2 3.23726E-3 6.80574E-2 4.54993E0 2.58922E-2 2.49354E-2 4.22821E-3 1.57334E-2 2.76531E-2 3.25096E-2 3.63241E-2 4.60338E-2 5.05987E-2 3.02839E-2 9.22305E-3 2.36981E-2 7.51665E-2 5.0207E0 6.99355E-1 7.28914E-1 1.75591E-2 6.33027E-2 6.09366E-2 5.69685E-2 2.78678E-2 5.56918E-3 3.73452E-4 5.85919E-4
2.4609E-1 1.5807E0 8.43588E-2 5.8652E-3 2.80823E-2 6.04468E-3 4.47478E-4 4.83839E-2 5.01944E-2 1.61137E-3 4.53865E-3 5.60948E-3 4.82539E-5 7.1166E-3 5.7839E-2 6.21032E-2 6.69662E-2 2.53275E-2 2.72976E-3 5.01494E-3 3.33289E-2 4.94661E-3 1.66065E-2 4.12517E-4 7.66245E-3 2.03107E-2 4.67602E-3 5.5339E-3 2.81295E-2 6.608E0 3.34726E0 7.08229E-3 2.38476E-3 6.49256E-3 8.01594E-4 5.35737E0 1.16612E1 1.02827E-3 8.78139E-3 4.66139E-2 2.42899E-2 5.36384E-2 3.94511E-2 3.63027E-2 1.53589E-2 2.54162E-2 2.60393E-2 9.1988E-3 2.35169E-3 2.96192E0 4.38656E0 2.10083E-2 2.22785E-3 2.38606E-3 6.27932E-2 5.55057E-2 1.99921E-2 9.00882E-4 5.26722E-3 4.79894E-3
2.61843E0 2.86751E0 3.23957E1 7.75332E-2 8.73274E-4 1.21443E-2 5.15136E-3 1.81487E-2 4.52192E-2 1.53056E-3 5.29534E-3 6.58623E-3 6.95851E-2 1.35136E-2 8.19867E-3 4.9465E-2 9.1551E-2 8.31133E-2 7.99015E-3 6.37011E-3 1.63894E-2 5.42617E-3 1.10336E-2 9.54624E-3 3.07962E-4 2.3009E-2 5.2422E-3 6.39135E-2 2.2396E0 1.82163E-2 6.04016E-2 3.65456E-2 1.73697E-2 4.27961E-2 2.15341E-2 6.84734E-3 5.0693E1 1.37485E-3 3.00202E-2 7.05696E-3 5.49313E-2 2.69061E-2 1.12896E-2 6.84483E-2 2.06168E-2 3.70021E-2 7.92786E-3 5.49747E-3 7.25668E-3 5.24146E-2 2.93862E-2 3.91147E0 1.86769E-3 1.14492E-2 3.36825E-3 2.36036E-2 5.6586E-2 4.23696E-2 2.80999E-2 2.29421E-2
1.63141E-1 5.96441E-2 1.05318E-3 5.01799E-1 5.46533E-2 1.65054E-2 4.9956E-3 1.29585E-2 4.01583E-2 1.03336E-3 3.55485E-3 1.52099E-4 3.28298E-3 7.57702E-3 2.95205E-2 2.83932E-2 6.38362E-2 3.10593E-2 9.30607E-2 2.25486E-2 1.87835E-3 9.94116E-2 3.88166E-2 1.57752E-2 1.38433E-2 5.1991E-3 3.99081E-3 9.32637E-3 1.56392E-2 6.41927E-2 6.55907E-1 4.08092E-3 3.84799E-2 7.43651E-3 4.2438E-2 2.36132E-3 7.60829E-1 1.2758E1 4.15759E-1 2.53596E-2 4.8771E-2 3.09115E-3 3.54048E-2 3.71259E-2 1.10991E-1 6.47851E-2 4.20717E-2 5.36193E-3 1.80946E-2 5.64521E-2 2.57415E-2 1.95037E1 4.22033E-2 3.97062E-2 1.21368E-2 5.14888E-3 5.90262E-2 5.33016E-2 4.76371E-2 4.28404E-2
1.52845E-1 6.45869E-3 1.45531E-3 1.50662E-3 2.99639E-3 5.94921E-2 5.73811E-3 1.55263E-3 3.89016E-2 7.02056E-4 6.91449E-3 3.13233E-3 3.05137E-3 1.87466E-3 8.55208E-3 7.16847E-2 1.25625E-1 2.99559E-2 1.0746E-1 8.36125E-3 3.90254E-2 2.52821E-2 3.20382E-3 9.86294E-3 4.39022E-3 4.50725E-3 3.07922E-2 4.29073E-2 4.6706E-2 5.70688E-2 3.8505E0 4.61935E-3 1.17262E-2 2.21165E-2 3.56186E-2 3.76601E-3 8.24577E-3 1.23111E-1 1.45086E-3 5.27354E-2 5.01177E-2 4.96256E-2 1.08649E-1 9.39242E-2 1.06769E-1 3.26143E-2 2.93987E-2 4.08611E-2 3.91588E-2 1.69031E-2 4.27668E-3 2.72218E0 1.05024E-3 2.66239E-3 1.29543E-2 7.17297E-3 7.65755E-3 5.17739E-2 2.88669E-3 2.91609E-3
1.49482E0 1.15565E-1 8.27741E-4 1.42693E-2 5.56763E-3 4.24113E-2 5.53663E-2 5.98131E-2 6.08473E-2 3.58118E-3 6.92876E-2 7.77184E-2 7.32951E-2 8.10383E-2 4.66075E-2 3.27613E-2 1.47564E-1 3.27714E-2 1.7742E-2 1.07441E-1 1.55922E-3 1.29921E-3 2.35848E-2 3.16394E-2 1.65619E-2 1.15809E-2 2.68426E-3 2.43752E-2 1.4321E-1 4.39716E-2 9.05306E-2 5.91561E-2 2.43799E-2 4.06957E-3 4.34271E-2 4.37713E-3 2.51394E-2 4.13729E0 1.50037E-3 3.16743E-2 1.14634E-2 9.7014E-3 3.81777E-2 3.49686E-2 9.97129E-3 5.51897E-2 9.08487E-3 4.30203E-2 2.85715E-3 1.44319E-3 2.28164E-3 1.17898E1 9.67943E-4 4.29579E-3 2.76537E-2 1.13314E-2 2.9517E-2 3.15327E-2 2.22514E-2 1.82854E-3
6.38863E-1 1.80657E0 5.84025E-3 3.14379E-3 4.33909E-2 4.25159E-2 2.6663E-3 1.91763E-3 3.55374E-3 1.48114E-1 8.00385E-2 5.12199E-2 1.17366E-2 4.06184E-3 4.21715E-2 1.08618E-1 6.21394E-2 1.72084E-1 5.36965E-2 6.24198E-2 2.15856E-2 6.05789E-3 9.92706E-3 1.80576E-2 8.19664E-3 5.4555E-3 8.09159E-3 1.68444E-2 1.38415E-2 3.73818E-2 1.48213E-1 5.6163E-2 6.48089E-2 3.94843E-2 5.89867E-3 4.1362E-3 4.21508E-1 1.70845E1 1.18544E-3 7.36623E-3 7.08588E-3 2.84896E-2 1.83879E-2 4.44861E-3 1.37996E-2 1.98166E-2 4.95103E-2 5.77629E-2 9.69016E-3 3.01049E-3 2.40342E-2 1.16086E1 6.58123E-3 6.5556E-3 6.18979E-2 3.93171E-2 3.73436E-2 3.87095E-3 6.25628E-2 3.14225E-3
4.76485E-1 5.17556E-1 2.3859E-3 3.72988E-2 2.20248E-3 3.9475E-3 2.2048E-2 2.92108E-3 8.6937E-3 3.83921E-2 2.34098E-2 1.72866E-2 7.49095E-2 1.64113E-2 2.10015E-4 9.4707E-3 8.39584E-1 1.64996E-2 6.76917E-2 5.715E-2 6.66746E-3 1.00615E-3 5.81332E-3 2.28987E-2 4.29673E-3 1.01246E-2 3.84352E-4 3.03381E-3 5.32965E-3 5.97618E-2 1.00584E-1 1.34386E-2 6.14863E-2 1.36882E-1 6.92599E-2 3.51282E-2 3.54791E-2 2.0861E1 1.20803E-1 4.52279E-2 3.94972E-2 6.30505E-3 1.44847E-2 4.33247E-3 2.66847E-2 8.26129E-2 7.9086E-3 5.90012E-2 5.18554E-2 3.75938E-3 7.0352E-3 7.89978E-2 2.69263E0 4.77119E-2 6.79255E-3 2.65299E-3 4.71842E-2 5.45668E-3 4.76088E-2 1.64021E-2
2.14916E0 1.89139E0 1.30524E1 1.58432E0 1.04585E-3 1.41676E-2 1.52193E-2 2.49682E-3 2.08151E-2 1.20849E-2 1.009E-2 3.79077E-2 5.09358E-4 2.72074E-3 2.17134E-2 4.82881E-2 8.66829E-1 1.46593E-2 1.70893E0 4.75022E-1 1.62118E-3 1.35206E-3 4.19676E-3 2.97862E-2 2.64607E-2 1.20193E-2 4.62871E-3 5.54553E-3 3.75196E-2 1.40714E-2 6.24224E-2 6.16819E-2 1.69203E-2 1.40716E-1 3.62918E-2 4.02056E-3 1.69109E-3 8.67671E-1 1.8367E1 2.24053E-2 1.23607E-3 6.56443E-3 1.17236E-3 1.34562E-2 2.22962E-2 9.23887E-2 4.70361E-2 5.52083E-2 1.09914E-2 4.38873E-3 2.42006E-3 5.26169E-3 1.99955E-1 1.25213E-1 5.3496E-3 3.52326E-3 4.48101E-3 5.22453E-3 4.73512E-2 1.09724E-1
1.72041E-1 4.30571E-1 5.81812E-2 2.18607E-3 2.53841E-2 1.02745E-2 4.22238E-2 2.34842E-3 2.95115E-2 7.17033E-2 4.91397E-3 2.65576E-2 5.09462E-2 1.10977E-3 6.34299E-5 2.99695E-3 2.67461E-2 3.13569E0 8.51742E-1 5.26145E0 1.41463E-2 2.01921E-3 2.22329E-3 9.82553E-2 7.88909E-3 1.88329E-2 2.60573E-2 1.28562E-1 2.79116E-2 5.39965E-2 5.25622E-2 1.12169E-2 4.92207E-2 1.37311E-2 4.31481E-2 4.90798E-2 4.05887E-3 6.5186E-3 1.83419E1 9.29804E-4 6.29076E-3 9.38594E-4 1.92248E-3 1.75873E-2 8.2528E-3 6.34711E-2 2.83121E-2 6.66693E-2 2.84051E-2 3.79769E-2 2.69121E-4 1.74609E-3 4.81749E-4 1.32948E-1 5.08586E-3 3.57147E-3 2.61807E-3 3.07187E-2 1.40142E-2 6.13288E-2
4.69466E0 9.69228E-1 1.52592E0 2.05521E-3 4.40661E-3 3.17325E-2 5.90543E-2 2.16655E-2 5.16856E-3 2.99224E-2 2.92271E-3 7.32762E-3 6.974E-3 1.99713E-3 2.3811E-3 8.11521E-3 9.77285E-3 5.00289E-3 5.39906E-3 1.37473E0 1.79574E-1 6.88714E-1 4.07555E-2 2.28408E-3 1.12658E-2 5.53322E-3 1.4165E-2 5.10984E-2 4.453E-2 2.32644E-2 1.154E-2 5.57673E-3 4.42058E-2 2.82053E-2 1.94555E-2 1.50879E-2 5.6041E-3 2.33253E-2 2.02395E1 9.26781E-4 1.20699E-3 1.57891E-3 9.80806E-4 1.70204E-2 4.1973E-4 2.31139E-3 1.07331E-2 1.56279E-1 7.01974E-2 4.52849E-3 1.2241E-3 1.96792E-3 6.5891E-3 2.02099E-1 1.40575E-3 1.43836E-3 1.69318E-2 3.18459E-2 6.36312E-2 1.02282E-2
1.55767E-1 3.49642E-1 1.6585E-1 1.60287E-1 2.98571E-3 4.65169E-3 4.52164E-2 7.03744E-3 4.24595E-3 4.81037E-3 2.7729E-2 2.25635E-3 2.67892E-2 1.43256E-2 2.06203E-3 2.61638E-2 9.87165E-3 1.5779E-2 4.51183E-3 1.03196E-1 2.94179E1 2.62834E-1 6.14338E-3 3.52113E-3 3.27808E-2 4.15065E-3 5.50042E-3 5.90193E-3 2.78409E-2 4.81805E-2 1.86815E-2 1.58846E-2 1.33266E-2 1.79318E-2 5.36015E-2 1.70224E-2 1.29897E-2 3.94314E-3 3.33085E0 1.19845E-1 8.57175E-4 7.22083E-3 5.16255E-3 2.11521E-3 1.415E-2 5.22261E-3 4.21964E-2 2.7704E-2 6.00387E-2 2.06574E-3 4.87023E-3 7.64182E-3 1.69975E-2 7.55924E-4 1.23921E-1 2.34814E0 4.36921E-3 5.61774E-2 5.77782E-2 4.15598E-3
1.50859E-1 3.16029E-1 4.61085E-1 5.44426E-2 2.50862E-3 1.0489E-1 2.56851E-1 1.85456E-3 7.89412E-3 5.19103E-3 6.29169E-2 2.42737E-2 3.04248E-2 2.08787E-1 1.81055E-2 6.89643E-1 1.15484E-2 9.30348E-3 5.81024E-1 1.66274E1 1.86949E0 1.77613E-2 6.90217E-3 3.02579E-2 1.42015E-2 2.71808E-2 4.46231E-2 1.01816E-1 1.29801E-1 9.96864E-3 1.43888E-2 3.56243E-2 4.05972E-2 2.50569E-2 3.70859E-2 5.43437E-2 4.84924E-2 1.42205E-2 7.93487E-2 4.80516E-1 1.2534E-1 2.70689E-2 5.01648E-3 1.06517E-3 2.47439E-2 8.17154E-3 8.48013E-2 4.92661E-2 1.9749E-2 2.06992E-3 4.66294E-4 2.00325E-5 2.20724E-2 2.23953E-5 5.53069E-3 3.71531E-4 2.20838E-1 4.37297E-2 6.66123E-2 4.49834E-3
1.50022E-1 9.44761E-1 7.95377E-1 3.05916E-1 1.88668E-1 2.29775E0 1.30398E0 2.69062E-3 2.2075E-2 2.8639E-3 4.31221E-2 1.40379E-2 2.09704E-1 1.01655E1 5.31022E-1 2.25128E-1 4.53581E-2 1.45723E-1 8.22242E0 1.97657E-1 1.11877E-3 2.91453E-3 1.2639E-2 1.89614E-2 5.20618E-2 2.41544E-2 7.14893E-2 1.47139E-2 1.44858E-1 8.12044E-2 1.57814E-2 5.32146E-2 1.31107E-2 3.0211E-2 2.80699E-2 9.82908E-3 5.14542E-2 2.19726E-2 1.42005E-2 3.57392E-3 2.80986E-2 1.23501E-1 6.57512E-3 5.66592E-3 3.64429E-3 4.62665E-2 9.75354E-2 8.39886E-2 5.85727E-2 7.07305E-2 4.56919E-3 3.35018E-3 2.39712E-2 7.44865E-5 6.9923E-4 1.55597E-3 5.13388E-2 2.25297E-1 2.35352E-1 6.79087E-2
4.37293E-1 1.21789E0 5.94687E0 2.472E-1 2.5553E-1 2.36917E0 1.04172E-1 2.09519E-1 9.8342E-1 2.56602E-3 4.96908E-1 7.85642E-2 1.33312E1 2.73235E0 4.27672E-1 3.89017E0 1.99951E-1 1.40329E-2 8.36223E-2 1.56963E1 9.99876E-4 2.92605E-2 3.09419E-2 1.53901E-2 5.11557E-3 3.88923E-3 6.26435E-2 3.2252E-2 3.01609E-2 5.27304E-2 5.89867E-2 2.25011E-2 2.54403E-2 3.11735E-2 1.29936E-2 1.01853E-1 1.09729E-1 9.15345E-2 2.8527E-2 2.42105E-2 7.64287E-3 2.58681E0 1.15909E-3 6.33609E-3 7.54759E-3 5.54391E-2 6.02087E-2 7.86583E-3 1.34631E-3 1.96289E-3 8.41631E-2 2.13521E-2 9.82642E-3 5.07062E-2 2.70254E-3 2.59928E-2 7.42332E-3 1.14531E-2 5.36144E-2 2.26359E-1
3.49197E-1 7.97428E-1 5.72817E0 2.87025E-1 2.57451E0 1.69103E-1 2.05526E-1 4.09449E-1 2.51303E0 4.81992E0 7.07695E-2 1.02766E0 2.90034E-1 3.60514E0 1.9545E0 5.29116E-1 2.31528E-1 9.78673E-2 2.68733E0 3.40579E0 2.63076E-2 2.11038E-3 4.47015E-3 2.63425E-2 3.03371E-3 5.17904E-1 5.46654E-3 6.21007E-2 3.08612E-2 6.13566E-2 1.81781E-2 1.1295E-2 5.37855E-2 6.30634E-2 6.61649E-2 1.75649E-2 1.29399E-2 6.29013E-2 3.45102E-2 2.94019E-2 3.99643E-2 2.60042E0 2.07666E-2 2.40341E-3 5.75459E-2 2.15529E-2 1.7662E-3 8.04753E-2 5.74639E-2 1.84832E-3 5.94814E-2 2.53666E-2 4.90451E-2 4.24634E-3 3.39644E-2 3.48058E-3 3.91347E-5 8.41837E-5 3.3995E-3 4.97934E-3
6.873E-1 3.70488E0 9.84742E0 8.65233E0 2.8292E-1 3.11026E-1 6.28422E-1 6.25531E-1 1.80081E-1 5.09249E0 2.49651E0 3.34817E0 3.7528E0 7.87301E-1 1.16845E0 3.96606E-1 4.7536E-1 8.01963E-1 3.14862E0 1.62348E-1 1.69093E-3 1.94473E-3 1.35377E-2 4.09249E-3 7.27902E-3 1.23658E0 2.9653E-1 8.2963E-3 1.29228E-2 4.36823E-2 1.24319E-2 5.3631E-3 6.65206E-2 1.97908E-2 2.5088E-2 1.02564E-2 3.08721E-2 5.607E-2 3.82663E-2 7.04472E-2 3.58842E-1 1.99391E-1 5.60986E-2 5.81773E-2 4.0573E-2 1.55732E-3 1.4174E-2 9.24666E-4 5.73614E-3 1.34031E-2 4.11453E-3 2.1641E-2 7.33627E-2 2.95493E-2 6.05641E-3 9.46157E-4 1.33863E-3 1.48446E-2 4.50664E-2 4.42536E-2
4.4871E-1 3.22305E-1 2.06066E-1 1.59078E1 1.88076E-1 6.58328E-1 8.64272E-1 2.99451E-1 7.43605E0 3.15723E0 1.91265E-1 1.34511E0 4.47742E-1 5.31394E-1 5.17578E-1 2.36518E-1 1.99808E-1 3.15292E0 2.91653E-1 8.07382E-3 2.08959E-1 6.56962E-3 4.293E-3 2.64585E-3 2.8091E-1 5.28093E0 2.67524E-2 4.02765E-1 4.98061E-2 1.27111E-2 1.0197E-2 5.26971E-3 6.7182E-2 6.19063E-2 6.38061E-2 4.44114E-2 2.5145E-2 3.04283E-2 4.3066E-2 5.61928E-3 2.69798E-2 1.91419E0 1.04635E-3 1.42925E-3 2.38421E-3 2.9244E-2 6.5597E-2 5.57312E-3 9.74819E-4 5.01225E-3 2.18768E-2 1.17429E-3 3.76802E-2 2.73218E-3 2.96075E-3 2.08921E-3 5.50541E-3 1.68573E-2 6.44308E-2 2.89925E-3
3.23033E-1 3.58377E-1 1.94289E-1 6.98886E0 2.16104E0 3.61946E0 3.13388E1 3.85731E1 2.5793E1 1.68647E-1 2.49126E-1 3.98142E-1 6.82167E-1 5.73444E-1 7.06617E-1 3.46237E0 3.72381E0 1.62148E-1 7.97092E-3 4.61343E-2 1.76631E0 6.79369E-3 2.14488E-2 1.13414E-1 1.45481E-2 2.66746E-2 3.43315E0 1.26508E-2 1.64869E-2 2.00208E-1 4.68824E-3 5.27632E-3 1.32333E0 2.7283E-2 5.39845E-2 5.12959E-2 4.13905E-2 2.95404E-2 6.96443E-2 9.85859E-3 9.22885E-2 1.7883E-2 1.07664E-3 1.63933E-2 1.12486E-1 3.03784E-3 1.32673E-3 5.23196E-3 1.48075E-2 2.5312E-2 1.81224E-2 1.93384E-2 5.9012E-2 1.41051E-2 1.75825E-2 7.52574E-4 8.47847E-4 1.13242E-1 3.18802E-3 5.09845E-3
4.72608E-1 1.91765E-1 1.78344E0 3.18935E1 4.82617E1 1.66276E1 3.67564E-1 7.02788E-1 1.12773E0 2.69899E1 2.55059E1 2.77338E1 2.51595E1 4.58866E0 3.66401E0 1.67037E-1 4.08018E-1 1.96302E-1 9.18204E-2 8.47472E0 1.97781E-1 8.46478E-3 8.46391E-3 5.00169E0 1.30025E-1 3.97327E0 1.95378E-1 1.0368E-1 3.41741E-1 1.75826E-1 5.72356E-1 4.51206E0 1.43736E-2 8.79994E-2 2.66136E-2 1.48976E-2 5.02965E-2 3.81226E-2 1.3596E-2 4.72167E-3 2.52694E-3 1.24701E-1 6.04912E-3 2.12624E-2 9.07546E-2 2.45332E-3 1.79869E-2 2.64743E-2 1.78761E-2 2.26603E-2 7.42853E-2 2.98718E-2 1.56706E-1 3.48845E-2 1.82179E-2 1.31394E-2 3.4836E-2 3.29461E-3 6.75497E-3 5.1169E-3
2.12979E-1 3.33332E-1 4.31441E0 5.66441E1 9.0728E0 3.64546E-1 4.02619E-1 8.08919E-1 2.08177E0 6.07773E-1 1.83248E0 3.04576E0 2.25458E0 6.10619E0 3.78176E-1 1.09446E0 3.9475E-1 4.1873E-1 2.84459E-1 7.88388E0 4.17133E-1 2.67535E-1 1.01733E-1 4.22057E0 1.14576E-1 1.26181E1 8.66236E0 4.67297E1 2.68028E1 3.96009E0 1.17828E-2 1.07298E-2 3.73385E-2 1.12495E-2 5.87291E-2 7.7736E-2 2.45024E-2 8.24962E-3 3.75768E-2 5.38779E-3 3.96242E-2 1.31855E-1 4.15198E-2 1.07569E-1 2.4435E-2 9.92158E-2 1.82332E-2 2.76321E-2 1.82641E-2 2.691E-2 5.96839E-3 2.35788E-2 1.90637E-2 1.06969E-1 1.78861E-2 3.30029E-2 6.01661E-2 1.07074E-3 2.64392E-3 7.38018E-3
3.55864E-1 2.02218E0 1.43783E1 8.18081E0 9.94875E-1 1.17948E0 2.56754E0 2.25513E-1 1.53468E-1 4.09424E0 3.21065E-1 4.04843E-1 3.95869E0 1.58638E0 4.59927E0 5.31411E-1 4.85364E0 5.37387E0 1.17828E1 5.33561E0 5.14281E0 5.85888E0 4.6417E0 6.13945E-1 3.53417E0 8.58598E0 1.49866E1 1.90029E-1 1.44378E-1 1.77082E0 2.52718E-2 1.51175E-2 1.23382E-2 5.02919E-3 4.0384E-2 4.80561E-3 5.75176E-2 6.99921E-3 6.53028E-3 1.8091E-4 3.31478E-2 1.20477E-1 2.99878E-2 6.10903E-2 6.87268E-3 4.52789E-3 3.73074E-3 1.18743E-2 1.45722E-2 6.56142E-2 1.43557E-2 1.314E-2 1.20885E-2 7.65153E-3 1.31621E-1 4.47888E-2 1.44943E-3 2.91937E-3 3.88736E-3 1.51739E-2
1.27433E0 1.89495E1 1.53676E0 1.2767E1 6.23813E0 6.57891E0 7.44054E0 3.35636E0 6.16713E-1 1.77639E-1 2.21102E0 5.57031E-1 4.66966E-1 1.50761E-1 1.50708E-1 4.1518E0 6.84926E-1 1.76155E-1 6.03481E-1 7.48405E-1 8.69339E-2 3.89743E-1 2.69728E0 1.08676E1 1.09771E0 6.66225E-2 1.05467E-1 1.15136E1 1.89272E-1 2.68763E-2 1.42399E-2 2.25057E-2 3.67759E-2 1.94245E-2 4.25484E-3 3.97533E-2 2.35368E-3 2.42335E-2 3.49502E-3 3.55322E-4 1.70365E-4 1.46524E-3 1.2231E-1 4.87261E-2 1.3937E-2 5.54023E-3 2.9377E-2 6.46382E-3 6.99845E-2 1.64733E-2 5.22821E-3 1.72182E-3 2.10153E-5 5.62973E-6 1.50755E-3 4.43595E-2 1.72027E-3 5.18468E-2 2.86514E-3 3.15382E-2
1.18295E0 3.19816E1 5.56484E-1 1.53336E-1 1.42849E-1 3.32776E-1 5.87506E0 2.19551E0 2.65095E-1 2.79397E-1 7.31159E-1 1.82174E-1 1.87848E-1 1.75363E0 8.36088E-1 4.89277E-1 2.02218E-1 4.57572E-1 3.75803E-1 1.31898E-1 1.64618E-1 1.05837E-1 5.49155E-1 4.41306E0 7.41177E-2 4.98532E-1 2.54552E-1 1.81148E-2 3.91861E0 2.76379E-2 1.3386E-2 4.95282E-2 2.71112E-2 1.67351E-2 2.26222E-3 2.22199E-3 2.56523E-3 2.55164E-3 4.70142E-2 2.52172E-2 2.30961E-2 2.66685E-3 4.8891E-2 2.75768E-1 1.70539E-3 1.00875E-1 4.34174E-2 9.32294E-3 3.55006E-2 5.49457E-3 9.95149E-3 1.18567E-2 4.98766E-3 5.40377E-3 2.69307E-3 3.5562E-2 3.05876E-3 3.70767E-3 1.51975E-2 1.93082E-2
1.46005E1 1.58483E0 1.69506E-1 1.74946E-1 1.98923E0 1.09174E-1 1.33524E-1 6.86015E0 1.41886E1 1.68657E-1 2.00851E-1 7.11152E0 7.35553E0 7.2704E0 7.6759E-1 3.58535E-1 3.48318E-1 5.0653E-1 4.70969E-1 8.59439E-1 1.80197E-1 2.40616E-1 1.26356E0 4.77457E0 4.93213E-1 3.68789E-1 4.84976E-1 2.77032E-1 2.08045E-1 2.34295E-1 1.08333E0 5.85202E-2 4.58038E-3 2.53577E-3 2.26378E-2 2.34707E-2 6.64514E-2 3.25665E-3 5.94368E-3 7.07685E-2 8.11024E-2 3.15632E-2 4.36761E-2 2.38483E-1 3.80489E-2 1.85231E-2 4.76237E-3 7.39331E-2 6.13943E-3 6.87133E-4 2.58334E-2 1.00866E-2 2.0661E-2 9.09213E-4 1.54471E-3 2.61793E-2 5.04574E-3 1.16989E-4 1.92761E-2 4.21927E-3
