outputallcorrectTI_nofloodareas_nofloodcontrols_PARETO/flood.asc
ncols         319
nrows         495
xllcorner     219017.22331753
yllcorner     4610852.5305323
cellsize      500.0
NODATA_value  -9999
[rows 26 to 51 of 495, columns 60 to 119 of 319]
-9999 7.33149E-3 2.54958E-3 2.09847E-2 2.05921E-2 1.62678E-2 1.90466E-2 1.58464E-3 6.55291E-3 1.71096E-3 7.25829E-4 1.53643E-3 1.84451E-3 2.03248E-2 2.94858E-2 5.62509E-3 1.2383E-2 3.58809E-3 8.37972E-3 2.71278E-2 3.15937E-2 4.90552E-2 4.87823E-2 1.48428E-1 4.37254E-2 6.05037E-2 6.17171E-2 2.13916E-2 7.37707E-3 4.60571E-2 1.38231E-3 5.79054E-3 1.45439E-3 7.30899E-3 2.786E-3 3.61794E-3 2.11595E-2 6.20595E-2 7.91513E-3 2.68488E-3 2.91364E-3 3.40303E-2 7.82873E-2 7.47527E-2 -9999 -9999 -9999 -9999 -9999 -9999 -9999 -9999 -9999 -9999 -9999 -9999 -9999 -9999 -9999 -9999
-9999 4.04402E-2 4.12901E-3 8.59126E-3 3.3284E-3 1.69539E-2 1.41886E-3 1.67442E-3 1.22014E-2 2.41461E-2 1.03067E-2 2.23022E-2 4.29497E-2 1.29637E-2 2.32074E-2 2.31425E-2 2.46129E-3 6.60338E-3 2.82129E-3 7.03866E-3 2.58088E-2 3.07298E-2 4.22494E-2 1.35772E-1 3.29104E-3 2.42301E-2 2.15243E-2 4.84698E-2 4.97114E-2 1.04979E-2 4.27589E-2 6.40175E-3 3.48077E-3 5.24948E-3 4.49595E-2 4.74505E-2 4.57376E-2 6.57882E-2 2.88242E-2 2.67933E-2 7.34051E-2 4.29096E-2 1.29726E-2 2.40592E-3 -9999 -9999 -9999 -9999 -9999 -9999 -9999 -9999 -9999 -9999 -9999 -9999 -9999 -9999 -9999 -9999
-9999 1.35419E-2 2.7951E-2 2.46436E-2 3.67855E-2 7.64477E-3 2.37058E-3 3.64451E-3 3.6385E-3 2.45101E-2 2.81358E-3 1.75495E-2 4.41991E-3 4.85317E-3 3.37857E-3 5.01845E-2 2.12482E-3 3.06674E-3 5.22573E-3 2.1684E-4 1.88813E-3 2.17514E-2 2.8967E-2 8.08154E-2 1.47502E-2 3.70588E-3 4.95289E-3 1.67614E-2 3.12157E-2 3.12442E-3 1.14994E-1 2.32475E-2 1.04435E-2 8.85029E-3 1.03016E-2 1.3653E-2 8.59877E-3 1.19629E-2 7.3723E-2 4.2746E-2 1.83313E-2 6.35903E-3 7.06365E-3 1.06227E-2 4.3457E-2 -9999 -9999 -9999 -9999 -9999 -9999 -9999 -9999 -9999 -9999 -9999 -9999 -9999 -9999 -9999
-9999 3.60385E-3 3.0608E-3 3.02695E-3 2.214E-2 2.51804E-2 8.58473E-3 1.64906E-2 3.36814E-3 2.81117E-2 2.67894E-2 2.64079E-3 5.34469E-3 2.64127E-2 3.91094E-3 1.29699E-1 4.90543E-3 7.77205E-3 7.39066E-3 4.11549E-3 4.7588E-4 9.46075E-5 7.71008E-4 7.01474E-2 2.58347E-2 1.76811E-2 2.44507E-3 2.55921E-3 3.32692E-3 1.04358E-3 1.67041E-2 5.46008E-3 2.84877E-3 1.63938E-2 1.42035E-2 2.73539E-2 2.95666E-2 4.0726E-2 2.32928E-2 4.73765E-2 8.25835E-3 1.83414E-2 1.31738E-2 4.20764E-3 2.5245E-2 1.46969E-2 -9999 -9999 -9999 -9999 -9999 -9999 -9999 -9999 -9999 -9999 -9999 -9999 -9999 -9999
7.65135E-2 5.92554E-2 2.77643E-2 3.9466E-2 2.43947E-2 5.75071E-3 4.93099E-2 7.34394E-3 4.19629E-3 4.49041E-2 4.07298E-2 4.52245E-3 1.50245E-2 3.41616E-2 4.25505E-3 1.21246E-1 4.62256E-3 2.95867E-2 2.42752E-2 7.18013E-3 2.93169E-3 5.46785E-3 2.55235E-3 1.82631E-2 8.12981E-2 2.21505E-2 1.8132E-2 3.6829E-3 2.62765E-2 5.84896E-3 2.55981E-2 3.97313E-2 6.10081E-2 3.58541E-3 1.79306E-2 2.79801E-2 1.909E-2 3.98718E-2 1.0348E-2 9.23714E-2 2.93179E-2 2.80443E-2 5.1762E-3 2.56375E-2 5.12729E-2 1.39695E-2 6.13809E-3 -9999 -9999 -9999 -9999 -9999 -9999 -9999 -9999 -9999 -9999 -9999 -9999 -9999
4.03204E-2 2.86911E-2 6.74102E-3 2.62301E-3 1.6208E-2 2.53896E-2 5.04763E-2 3.55635E-3 5.20906E-3 6.30651E-2 2.8423E-3 2.4094E-2 1.49195E-2 2.13018E-2 3.51491E-2 6.33466E-2 1.80792E-2 2.41363E-2 4.52324E-2 2.55754E-2 1.68333E-2 1.74345E-2 1.17656E-3 2.332E-3 9.04288E-2 5.62833E-3 1.39449E-2 1.64957E-2 5.67601E-3 2.15329E-2 4.57289E-2 1.03524E-2 6.38057E-2 2.02968E-2 4.14091E-2 6.48547E-3 1.75927E-2 7.69169E-3 2.91061E-2 2.58314E-2 1.6422E-2 3.16285E-2 1.73478E-2 6.62454E-2 7.99467E-2 1.2348E-2 1.40407E-2 2.63216E-2 3.62245E-2 -9999 -9999 -9999 -9999 -9999 -9999 -9999 -9999 -9999 -9999 -9999
1.49772E-3 2.33381E-3 4.2335E-3 5.01136E-3 4.77266E-3 4.7604E-2 4.73766E-3 2.46247E-2 2.7993E-2 6.42133E-2 5.28794E-2 6.96192E-2 4.82538E-2 4.77545E-3 7.39034E-2 6.66695E-2 1.52945E-2 4.33546E-3 6.45212E-2 5.58766E-2 5.41205E-2 1.85605E-2 5.5352E-3 2.55517E-3 1.24484E0 4.89348E-4 1.39861E-3 4.7031E-3 3.18148E-3 2.86632E-2 5.68125E-2 3.68844E-2 1.88814E-2 2.96909E-3 5.03433E-3 7.83789E-4 1.87813E-2 4.07221E-4 8.10265E-3 1.06434E-2 5.70428E-3 7.05354E-2 4.27289E-2 3.09922E-3 6.42267E-2 2.01547E-2 1.57977E-2 4.2042E-2 4.05565E-3 5.7052E-2 -9999 -9999 -9999 -9999 -9999 -9999 -9999 -9999 -9999 -9999
1.51796E-2 1.28875E-2 5.20776E-3 1.98409E-2 2.57924E-2 6.42855E-2 6.28818E-2 5.99202E-2 4.84623E-2 3.5061E-3 9.68754E-3 1.44028E-1 4.77636E-2 5.0174E-2 3.39422E-2 6.67536E-2 5.55507E-3 2.60845E-2 2.30509E-2 1.10291E-1 1.65188E-1 7.77923E-3 8.87435E-3 8.22893E-3 9.5716E-1 6.76343E-3 1.43558E-3 2.96176E-3 2.35329E-2 5.15489E-3 6.04169E-2 3.69951E-2 2.82912E-2 2.67026E-2 2.28323E-2 1.47027E-2 2.28116E-2 1.47039E-2 2.89234E-2 5.10639E-2 5.25347E-3 6.16075E-2 1.89948E-3 1.86006E-4 2.74061E-3 6.64933E-2 4.2486E-2 2.57192E-2 7.19898E-4 5.77097E-2 1.87665E-2 -9999 -9999 -9999 -9999 -9999 -9999 -9999 -9999 -9999
3.72022E-3 3.85751E-2 5.78501E-2 5.74843E-2 5.7006E-2 2.47467E-2 2.04179E-3 2.88062E-2 6.06303E-3 2.37794E-3 2.16646E-2 1.18494E-1 7.27035E-2 2.53334E-2 1.97523E-2 3.06576E-2 6.69051E-2 2.55971E-2 2.2208E-2 4.7136E-2 1.14242E-1 4.28554E-2 3.00335E-2 4.53397E-3 9.90733E-1 1.25964E-3 1.73428E-2 1.95242E-2 3.11491E-2 5.91421E-2 1.88786E-2 1.63489E-3 1.68253E-3 1.06751E-2 1.53548E-2 5.01594E-3 1.01315E-2 2.2345E-2 2.68808E-2 5.26214E-3 7.15336E-2 5.39046E-2 9.93137E-4 4.95442E-3 6.81977E-3 1.37443E-2 3.39155E-2 2.19524E-2 4.35712E-2 7.1078E-3 1.1844E-3 4.56164E-3 -9999 -9999 -9999 -9999 -9999 -9999 -9999 -9999
2.98157E-3 9.90246E-2 2.46632E-2 1.14521E-3 8.71383E-4 5.9043E-3 1.19093E-3 2.66838E-2 1.62371E-3 1.15351E-2 2.12392E-2 6.32348E-2 1.57014E-1 7.01182E-2 5.2561E-2 2.36434E-2 6.75793E-2 1.46709E-2 3.35745E-3 2.23397E-2 6.98772E-2 3.04721E-2 2.74418E-2 5.34867E-3 1.6418E0 7.0469E-3 2.10993E-2 5.77972E-2 5.95386E-2 4.03614E-2 2.17333E-2 6.76946E-3 3.01249E-3 3.89345E-3 2.49412E-2 2.52503E-2 4.09486E-3 7.82109E-3 1.05897E-2 4.17558E-3 5.10405E-2 1.76434E-2 1.42748E-3 6.10635E-3 7.07826E-3 5.30178E-2 6.30495E-2 4.16046E-2 1.20226E-3 1.61054E-2 1.29602E-3 6.06766E-3 2.52497E-2 -9999 -9999 -9999 -9999 -9999 -9999 -9999
6.08805E-2 2.67532E-3 1.27094E-3 5.954E-3 1.07289E-3 1.88511E-3 9.96465E-5 1.73381E-2 1.39857E-2 4.98997E-3 8.11232E-3 2.29426E-2 5.65863E-3 6.30727E-2 1.63212E-1 5.51342E-2 6.69378E-2 2.41318E-2 3.7259E-3 2.42655E-2 4.538E-2 7.32629E-2 6.77411E-2 1.27E-2 1.84043E0 4.73864E-1 1.4122E-1 2.0945E-2 1.92708E-2 1.79098E-3 2.22875E-2 4.29277E-3 6.62083E-2 2.12734E-2 3.73591E-2 2.77416E-2 1.88314E-2 3.3928E-3 1.89926E-2 8.24706E-3 3.71401E-2 6.76457E-3 4.29209E-3 5.27803E-3 2.69498E-2 2.26326E-3 2.4512E-3 5.25454E-2 1.63256E-3 2.03706E-3 3.06785E-3 5.32731E-3 2.07859E-2 5.92873E-2 -9999 -9999 -9999 -9999 -9999 -9999
1.62946E-3 4.37772E-2 2.22282E-2 1.76561E-2 6.26035E-3 2.53558E-3 6.01791E-4 3.77137E-3 4.09396E-3 7.74575E-3 2.89614E-3 4.90744E-3 5.51732E-3 5.00459E-2 2.65803E-2 2.50078E-2 5.83965E-2 1.1432E-2 5.70513E-4 3.01132E-4 2.06313E-3 3.81017E-2 2.67881E-2 5.91743E-2 7.08181E0 1.25195E0 2.27872E-3 3.59551E-3 4.48563E-3 9.79291E-3 1.66091E-2 1.30876E-2 4.3769E-3 4.58131E-2 6.5882E-2 2.51717E-2 3.19946E-2 2.55141E-3 1.95532E-2 3.27465E-4 9.84118E-3 1.52074E-3 3.59241E-3 3.66086E-4 3.62494E-2 3.08128E-3 2.59213E-2 5.43507E-2 6.76343E-3 4.02866E-3 1.41229E-2 3.03168E-3 3.10419E-3 9.54074E-2 3.64558E-3 -9999 -9999 -9999 -9999 -9999
1.62717E-3 1.78116E-3 4.04609E-2 1.84647E-2 6.38475E-3 1.92355E-3 1.73928E-2 7.20175E-3 2.48091E-2 7.20866E-2 1.84344E-2 3.95595E-2 3.63326E-3 2.57228E-2 1.97332E-2 5.95659E-2 3.83404E-3 1.34509E-2 4.12524E-3 1.23779E-2 1.34868E-2 2.35223E-2 3.13633E-3 9.27145E-4 2.3891E-3 2.54259E0 3.33285E-3 1.69535E-3 1.60874E-2 1.61941E-2 3.03879E-3 7.70106E-3 2.29913E-2 8.15416E-2 2.72954E-2 3.88253E-2 3.29113E-2 4.63607E-3 3.30218E-3 2.09707E-2 6.97868E-3 1.90559E-3 6.01478E-3 1.11552E-2 6.06614E-3 7.6384E-5 8.20861E-4 4.68808E-2 1.71912E-2 1.08795E-2 2.62913E-3 2.22051E-2 3.97589E-3 8.66356E-2 8.81442E-3 8.76648E-3 -9999 -9999 -9999 -9999
6.32531E-3 3.76512E-3 4.02759E-2 1.96395E-2 6.59894E-3 2.28472E-3 1.28146E-2 1.87461E-3 6.80896E-3 4.35623E-2 5.06198E-2 4.53671E-2 7.74691E-3 6.2387E-2 1.55118E-1 2.34824E-2 1.05295E-2 2.41193E-2 8.58541E-2 7.76395E-2 1.29545E-2 1.91921E-2 1.75394E-2 1.39373E-2 1.20081E-2 2.18916E-3 7.64136E0 1.73361E-2 1.83756E-2 4.95663E-3 3.77205E-3 2.98029E-2 5.53622E-2 6.52436E-3 1.74636E-3 8.63085E-3 1.25411E-2 2.5282E-2 1.84711E-2 4.23884E-2 9.2996E-4 1.5268E-3 4.69885E-4 1.48976E-3 6.97795E-4 6.7861E-3 9.79269E-3 3.10536E-3 4.62316E-2 1.6597E-2 7.97744E-3 6.40928E-2 9.88612E-2 1.04298E-1 3.98082E-2 3.93088E-2 -9999 -9999 -9999 -9999
6.85416E-3 1.82965E-2 3.42314E-3 2.64607E-2 7.08135E-3 9.92706E-3 3.87381E-3 2.26426E-2 3.09036E-2 4.12211E-2 5.28559E-2 1.07881E-1 1.05081E-1 7.82788E-2 1.5504E-1 3.54624E-3 5.39013E-3 2.09885E-2 1.16264E-1 1.49569E-1 1.38607E-1 8.94144E-2 2.51691E-2 4.22276E-2 1.24728E-2 2.9285E-3 2.64846E1 1.9138E0 2.1194E-2 1.22502E-2 3.07784E-2 6.03516E-2 3.00415E-2 2.27083E-2 1.7231E-3 3.41094E-3 2.40698E-2 6.37553E-2 4.16058E-3 5.42483E-2 5.61901E-3 1.80409E-2 6.6856E-3 1.38955E-3 7.4846E-3 4.40106E-5 1.7583E-3 3.08305E-2 1.17656E-2 4.84914E-3 2.96826E-2 4.15807E-3 3.17035E-3 3.7645E-3 1.04412E-1 6.38714E-2 1.07791E-2 -9999 -9999 -9999
5.60062E-3 1.83933E-3 3.1718E-3 2.86493E-3 2.72273E-3 2.52784E-2 2.51533E-2 1.15291E-2 1.69699E-4 1.41931E-3 1.67218E-4 2.37895E-3 2.58402E-2 1.56853E-1 6.51311E-2 4.02235E-3 6.92212E-3 3.33536E-2 4.23057E-3 1.95155E-2 8.69134E-2 1.8925E-1 5.16804E-2 5.31037E-3 5.00615E-3 7.67217E-3 1.16421E0 5.8398E0 1.26961E-2 2.725E-2 1.45053E-1 4.45966E-3 2.47049E-2 2.9532E-3 5.92815E-2 5.11145E-3 7.56596E-2 2.80166E-2 5.11049E-3 6.24239E-2 1.98687E-2 1.08652E-3 6.82816E-3 8.55141E-4 3.61532E-3 2.99895E-3 9.43055E-3 6.96598E-3 5.07774E-3 1.14808E-2 4.8807E-3 1.44789E-2 2.269E-2 2.69412E-2 1.04025E-1 2.95157E-2 4.59273E-3 4.53889E-3 -9999 -9999
1.46869E-3 1.83773E-3 2.48922E-3 1.80672E-2 5.00755E-3 2.4157E-2 5.32772E-3 4.75379E-3 3.45967E-3 2.7738E-3 3.99543E-3 6.9812E-4 9.30259E-3 6.6158E-2 1.79412E-1 1.37735E-1 1.17804E-1 7.73126E-2 5.47878E-3 7.8564E-2 5.72087E-2 6.26195E-2 1.96695E-1 1.63056E-1 9.05402E-3 8.46968E-3 7.74202E0 5.53183E-3 5.53745E-3 3.26137E0 8.0648E-2 2.07932E-2 4.2416E-3 4.7919E-3 2.5131E-2 2.45697E-2 4.42319E-3 9.2274E-2 5.25913E-3 5.7339E-2 1.97404E-2 1.71709E-2 1.36303E-2 5.85941E-3 1.87121E-3 7.74418E-3 2.14458E-3 1.08128E-3 7.40322E-5 3.25378E-3 5.34604E-3 8.43471E-3 2.98324E-2 3.39325E-2 5.14948E-3 1.05168E-1 2.66085E-2 4.45223E-2 -9999 -9999
2.84029E-2 2.58137E-2 2.20145E-2 1.60403E-3 2.11107E-2 2.7211E-2 3.43001E-2 6.31493E-2 4.67312E-2 4.92459E-2 1.06999E-1 6.84386E-2 6.06966E-2 1.1252E-2 2.61079E-2 6.11608E-2 6.99627E-3 7.53652E-2 5.45724E0 1.02939E-1 7.01109E-2 2.02006E-2 1.01311E-2 1.52824E-2 1.54668E-1 1.41468E0 2.20137E1 1.09354E1 1.57225E1 1.99576E0 6.40013E-2 4.23243E-3 1.41793E-2 2.62072E-2 2.08537E-2 2.62515E-2 5.17665E-3 4.732E-2 5.55143E-2 4.25176E-3 2.59511E-3 7.07355E-3 2.22512E-2 2.87585E-2 1.99969E-3 2.15904E-3 2.90973E-3 5.4826E-3 2.57415E-3 3.12282E-3 2.32736E-2 3.14509E-2 6.48367E-2 1.58355E-2 6.27154E-2 6.2492E-2 3.84589E-2 2.07842E-3 2.86687E-3 -9999
2.75014E-2 2.51839E-2 2.37238E-2 6.62881E-3 1.3122E-2 5.22335E-3 2.61094E-2 1.47651E-3 3.20105E-5 1.12728E-2 6.52893E-3 5.79309E-3 1.20429E-3 4.43815E-2 4.46045E-2 2.72786E-2 5.10131E-3 2.40212E-2 5.00311E0 5.50256E-2 7.34168E-2 5.27548E-3 4.56459E-2 5.45315E-2 2.96947E-2 6.4528E-3 5.60786E-3 1.24152E1 5.12501E1 9.7017E-1 6.46441E-2 4.44953E-2 7.06295E-2 7.77384E-2 8.1407E-2 1.19278E-2 1.35595E-2 6.8389E-2 1.70023E-2 4.39692E-3 3.33425E-2 4.3144E-2 1.00951E-3 1.73476E-3 7.60689E-3 2.08066E-2 1.76415E-3 1.95614E-3 7.20325E-3 7.44001E-3 2.70772E-2 3.7334E-2 5.4761E-3 4.05282E-2 3.7943E-3 4.23379E-3 4.98261E-2 1.84043E-3 5.92628E-3 2.77724E-2
2.00947E-2 1.65951E-2 1.3847E-3 6.87545E-3 4.05913E-3 9.73434E-4 2.31785E-2 2.1096E-3 6.39499E-5 1.88738E-2 5.26174E-3 7.14299E-4 1.38317E-4 2.26409E-2 7.10672E-2 2.72413E-2 5.12755E-3 2.49874E-2 9.9026E-1 4.60518E0 4.48809E0 5.75005E-2 3.80916E-2 5.65434E-2 8.36861E-2 6.11319E-3 6.12321E-2 8.6512E-2 8.83781E1 2.77857E-1 2.20902E-2 2.52711E-2 1.0393E-1 1.08609E-1 7.3973E-2 1.4844E-2 1.45644E-2 5.95619E-2 1.2568E-2 5.09514E-3 1.01416E-2 5.3751E-2 5.93375E-3 2.11511E-3 2.99345E-2 2.82648E-2 1.74939E-2 3.46736E-3 5.04447E-3 2.77562E-2 3.46518E-2 2.40024E-3 1.27908E-4 4.25887E-3 1.38368E-2 3.34741E-2 2.80094E-2 2.05847E-3 7.53085E-3 9.85126E-3
5.95783E-3 1.08812E-3 1.55872E-3 2.06276E-3 3.72991E-3 1.03448E-2 5.10128E-3 2.66233E-3 9.80482E-5 1.63245E-2 1.09689E-3 1.51024E-3 7.22163E-3 7.32721E-2 1.4159E-1 1.52179E-1 6.43425E-2 1.51257E-1 5.29274E0 5.03278E-2 4.81497E-2 4.48996E-2 2.52237E-2 4.37291E-2 2.53334E-2 1.05227E-3 3.79982E-3 5.29516E-3 3.57199E1 8.41696E1 2.62058E-1 1.68704E1 6.79065E0 2.69797E0 2.18913E-2 9.21713E-2 6.86304E-2 2.1434E-2 1.76039E-3 5.1094E-3 4.56351E-3 6.08768E-2 1.83711E-2 1.96205E-3 1.75842E-2 5.73234E-2 1.94548E-2 1.6554E-3 2.01466E-2 7.2775E-5 1.82058E-2 2.99773E-3 3.3156E-3 2.48863E-2 3.74106E-2 1.03437E-2 2.23889E-2 9.83653E-3 1.66695E-2 5.7081E-3
6.15513E-3 1.55268E-3 6.93601E-3 1.65669E-3 1.89619E-2 1.79301E-3 2.13866E-3 2.44161E-3 7.95504E-3 2.41526E-3 2.11367E-3 6.55788E-3 2.98531E-2 2.71404E-2 4.58923E-4 5.82605E-2 2.35087E-2 2.61648E-2 5.31475E0 1.5361E-1 4.34503E-2 6.39363E-2 7.30654E-2 2.49375E-2 1.37938E-2 2.66899E-2 2.59008E-2 1.59593E-1 1.04989E0 8.48345E1 2.69787E1 8.37278E-2 4.57034E-3 3.50077E-2 2.14959E-2 5.69521E-2 1.57894E-1 4.5301E-3 3.2594E-3 1.96271E-2 6.14812E-2 2.94456E-3 2.10249E-2 1.67948E-3 5.35519E-3 5.67224E-2 1.84627E-3 1.21886E-3 2.0872E-3 2.51241E-2 4.16707E-3 5.00344E-3 8.45605E-3 2.68155E-2 1.95699E-3 2.70666E-2 1.21422E-2 1.16122E-2 4.47332E-3 2.84037E-2
1.55838E-3 2.55054E-2 7.09679E-3 2.88763E-2 1.73488E-2 6.94069E-3 2.26936E-2 6.99839E-3 4.70639E-3 5.49556E-3 8.22386E-3 1.08301E-2 4.46516E-5 1.61018E-2 1.14402E-2 4.863E-3 6.28126E-2 7.82328E-2 3.87877E-1 8.29772E0 5.2943E-3 3.76516E-2 6.45412E-2 2.35484E-2 1.7482E-2 5.05316E-3 2.56777E-2 2.38568E-1 1.54445E0 4.6407E1 4.61518E0 1.79749E-1 1.00083E-2 1.56436E-2 1.3508E-2 1.64141E-2 2.75742E-2 5.5648E-2 5.34658E-2 5.35905E-2 1.35735E-3 9.47805E-4 2.49945E-3 4.8558E-3 5.08639E-3 5.13171E-2 2.16071E-2 6.10928E-3 1.1441E-3 2.3036E-3 4.33654E-3 5.09445E-3 1.13805E-2 1.29441E-3 1.64308E-4 4.87568E-3 1.10523E-2 3.51683E-3 1.8594E-2 1.263E-2
2.32777E-3 2.65019E-2 2.78085E-2 2.30522E-3 3.86926E-2 2.9574E-2 6.66517E-3 2.39748E-3 3.71181E-3 7.90641E-3 1.21497E-4 3.1415E-3 3.20164E-3 2.77128E-3 3.15265E-3 8.46344E-3 9.0804E-2 1.13045E-1 3.83953E0 1.54402E0 2.57065E1 1.94136E-1 1.9504E-2 6.02999E-2 2.48145E-2 2.58904E-2 7.02503E-2 8.93633E-2 2.27917E-1 1.31689E1 1.078E1 2.62929E-1 5.16751E-3 1.97166E-2 7.65998E-2 5.90957E-3 1.58677E-1 3.20614E-2 2.50993E-2 1.67113E-3 5.64094E-3 1.11235E-3 5.19405E-3 2.6297E-2 4.87481E-3 4.49106E-3 6.43578E-2 7.31092E-3 2.06138E-3 2.30904E-2 1.76243E-3 9.11175E-4 2.21254E-3 4.42806E-3 8.22237E-3 2.73472E-2 3.11495E-2 3.86285E-2 5.86487E-2 3.79545E-2
4.40619E-2 4.79389E-2 4.44326E-2 3.68206E-2 1.86585E-3 2.41901E-3 2.08914E-2 1.77588E-2 5.03677E-3 5.04529E-3 3.56213E-3 2.92458E-2 2.21382E-4 3.65179E-3 7.84907E-3 1.16747E-2 3.61067E-3 6.41567E-2 1.38831E-2 1.19545E0 5.54766E0 2.46471E1 7.87198E-1 1.81465E-2 2.4469E-2 5.34943E-3 2.8401E-2 3.74712E-1 9.35125E0 1.26563E1 1.73303E0 1.94319E-1 5.06477E-2 1.56551E-2 9.54356E-2 4.65652E-2 1.3776E0 2.67649E-2 3.88515E-3 1.68318E-2 8.29975E-4 1.67322E-3 4.59657E-3 7.70165E-3 4.54591E-2 4.3023E-3 4.95538E-3 5.32954E-2 2.95669E-2 6.52325E-3 1.02804E-3 2.91638E-3 5.17924E-3 3.4383E-3 3.60761E-3 3.80411E-3 6.03011E-3 3.67838E-2 6.41503E-3 7.16083E-2
1.4157E-3 3.86266E-3 5.49769E-3 2.9234E-2 2.642E-2 2.44646E-2 1.80739E-3 7.05704E-3 1.33242E-2 4.7551E-3 1.55876E-2 5.41158E-3 3.07612E-2 4.98552E-3 4.68384E-4 2.60896E-3 2.26244E-2 5.79687E-2 4.70451E-2 2.43945E-2 2.37373E-1 2.5981E1 2.52611E1 1.06153E-1 1.73124E-1 7.89755E-1 2.67288E-2 9.33362E-1 2.16905E0 3.88604E1 4.90744E0 1.84216E-1 5.75857E-2 2.78973E-2 6.18305E0 1.54237E0 7.7049E-3 1.17651E-2 9.98362E-3 2.57853E-2 1.86733E-2 1.54948E-3 2.84686E-3 1.40023E-3 3.02879E-3 3.03778E-2 5.78661E-2 4.1038E-2 3.57471E-2 2.34507E-2 5.77316E-2 2.79064E-3 5.23289E-3 2.3286E-2 5.10518E-3 5.69236E-2 4.36341E-2 5.6896E-3 4.33256E-2 9.65226E-4
