outputallcorrectTI_nofloodareas_nofloodcontrols_PARETO/flood.asc
ncols         319
nrows         495
xllcorner     219017.22331753
yllcorner     4610852.5305323
cellsize      500.0
NODATA_value  -9999
[rows 338 to 363 of 495, columns 240 to 299 of 319]
4.32795E-2 2.632E-2 2.20613E-2 6.43464E-3 1.22314E-3 1.88033E-2 2.0327E-2 7.20393E-3 1.9504E-3 2.50671E-2 7.24438E-3 3.80493E-3 4.45685E-3 1.29827E-1 1.45308E-1 1.7132E-1 6.53854E-2 8.6625E-2 8.72691E-2 3.23129E-2 1.29519E-3 2.36486E-2 4.87633E-4 2.20413E-5 5.08301E-3 1.37896E-2 1.5931E-4 1.32422E-3 2.61487E-2 2.56242E-2 6.32486E-2 1.12769E-2 4.34042E-2 4.57804E-3 1.5195E-2 6.51416E-3 2.78912E-2 1.819E-2 7.29547E-2 2.90029E-2 -9999 -9999 -9999 -9999 -9999 -9999 -9999 -9999 -9999 -9999 -9999 -9999 -9999 -9999 -9999 -9999 -9999 -9999 -9999 -9999
1.4158E-2 2.97707E-2 2.97585E-2 6.52176E-2 1.80133E-2 5.07233E-3 2.4484E-3 6.89499E-3 7.70405E-3 6.96193E-3 4.27485E-2 2.59255E-2 6.90457E-2 1.57585E-1 1.45125E-1 1.395E-1 5.23601E-2 5.01302E-2 1.2639E-1 1.03606E-1 6.7679E-2 1.75351E-2 1.05129E-2 2.56874E-4 4.09773E-5 6.4384E-3 9.64957E-4 1.50784E-2 1.20771E-4 2.26848E-2 3.28364E-2 3.59886E-2 8.81111E-4 1.87183E-3 1.56239E-2 4.36256E-4 1.48092E-2 6.88373E-2 7.55975E-2 4.28266E-2 1.00081E-2 -9999 -9999 -9999 -9999 -9999 -9999 -9999 -9999 -9999 -9999 -9999 -9999 -9999 -9999 -9999 -9999 -9999 -9999 -9999
6.21684E-2 1.35156E-2 2.76823E-3 6.7681E-3 1.68578E-3 5.01856E-3 1.7922E-3 7.46901E-3 2.45227E-2 9.36459E-2 1.56352E-1 1.10822E-1 9.56017E-2 1.81137E-1 1.56344E-1 2.67121E-3 3.33122E-2 1.65485E-2 2.82468E-2 9.50951E-2 5.10637E-2 2.77053E-3 1.76084E-2 5.54122E-3 6.82849E-3 4.90171E-3 1.02623E-4 6.13431E-3 1.20518E-2 7.53609E-5 1.804E-2 3.28709E-2 8.9994E-4 2.8179E-5 8.30272E-3 2.82833E-2 4.09384E-2 1.86951E-2 6.88834E-2 2.73327E-2 2.67115E-2 -9999 -9999 -9999 -9999 -9999 -9999 -9999 -9999 -9999 -9999 -9999 -9999 -9999 -9999 -9999 -9999 -9999 -9999 -9999
4.70729E-3 5.09627E-3 3.13076E-2 6.01367E-3 2.22264E-3 3.53045E-3 2.6076E-2 4.77611E-3 3.23024E-2 1.59791E-1 1.62038E-1 1.39938E-1 1.4716E-1 1.75368E-1 1.5757E-1 2.89646E-3 3.40728E-3 6.90825E-3 1.27218E-3 6.26341E-4 6.16021E-3 1.53248E-1 3.90227E-3 6.63056E-2 2.44189E-2 2.61571E-2 2.45444E-2 1.67629E-4 5.95321E-3 2.42869E-3 2.52679E-2 9.26812E-4 2.24445E-3 7.04766E-4 5.50461E-3 2.04319E-2 5.23512E-2 3.8191E-2 5.63057E-2 6.35732E-2 6.59049E-2 3.4055E-2 -9999 -9999 -9999 -9999 -9999 -9999 -9999 -9999 -9999 -9999 -9999 -9999 -9999 -9999 -9999 -9999 -9999 -9999
2.49596E-2 1.62407E-2 5.96401E-3 4.67107E-4 1.95934E-3 3.41144E-3 5.14734E-3 5.02556E-2 7.86714E-2 1.97978E-3 6.26869E-2 1.5437E-1 1.50686E-1 1.76894E-1 1.61682E-1 1.79126E-2 1.76576E-2 5.00081E-3 1.59042E-2 8.87795E-3 1.68082E-4 6.81339E-3 1.25766E-2 9.01256E-2 7.37722E-2 6.46136E-2 3.84143E-3 9.18342E-3 1.62533E-4 9.26969E-3 5.4229E-3 2.12694E-2 1.21205E-4 4.4664E-5 7.81599E-4 9.93434E-4 4.77707E-2 3.30861E-2 5.62261E-2 1.48031E-2 1.14532E-1 4.46481E-2 -9999 -9999 -9999 -9999 -9999 -9999 -9999 -9999 -9999 -9999 -9999 -9999 -9999 -9999 -9999 -9999 -9999 -9999
2.99844E-2 2.60453E-2 2.52122E-2 2.50785E-2 9.19348E-4 7.14169E-3 5.86504E-2 5.05558E-2 1.27819E-2 8.60555E-4 2.02054E-3 3.21765E-2 1.56166E-1 1.7519E-1 1.49795E-1 4.0319E-3 1.8862E-2 3.87594E-3 6.17209E-2 2.70461E-3 3.54718E-2 5.10376E-3 3.55411E-2 5.67568E-2 1.57302E-1 1.11199E-1 2.0511E-2 4.66536E-3 6.93263E-3 6.78546E-3 9.13655E-4 1.66463E-3 1.39612E-2 9.93183E-4 5.68818E-3 7.22186E-3 4.17873E-3 6.0331E-3 5.74488E-2 2.68667E-2 1.13543E-1 6.74205E-2 7.37404E-2 -9999 -9999 -9999 -9999 -9999 -9999 -9999 -9999 -9999 -9999 -9999 -9999 -9999 -9999 -9999 -9999 -9999
3.14213E-3 1.96774E-2 1.89923E-2 4.81198E-3 1.07008E-2 6.76768E-2 6.18226E-3 2.49554E-3 2.06261E-3 3.65563E-3 5.28066E-3 3.6698E-3 2.45746E-2 1.72789E-1 1.19625E-1 5.38819E-2 7.03912E-2 5.58552E-2 2.84921E-2 1.90815E-2 4.38363E-3 1.79303E-2 2.50214E-3 1.66343E-1 5.9196E-2 1.25563E-1 7.3289E-2 2.04334E-2 4.79087E-3 1.04154E-2 4.98788E-3 7.62711E-2 4.63881E-3 1.10758E-3 4.65538E-3 2.37331E-2 3.16456E-2 5.05484E-2 5.86266E-2 2.97752E-2 1.12551E-1 2.39438E-2 2.51747E-2 7.34629E-2 -9999 -9999 -9999 -9999 -9999 -9999 -9999 -9999 -9999 -9999 -9999 -9999 -9999 -9999 -9999 -9999
7.73626E-3 2.701E-2 1.6666E-3 2.84607E-2 7.30502E-4 5.62683E-2 1.70706E-2 2.30157E-2 6.54707E-3 3.05183E-3 5.70707E-2 5.23911E-3 1.43508E-2 5.79122E-2 1.84706E-1 1.74933E-1 4.94974E-2 2.55883E-2 3.11665E-2 2.20505E-2 2.02613E-2 1.353E-1 1.46326E-1 1.54201E-1 1.68777E-2 6.57356E-2 2.78762E-2 2.49609E-3 2.86509E-3 1.08197E-2 3.76987E-3 7.96876E-2 2.03872E-2 4.53825E-3 3.1782E-4 1.24074E-3 2.78579E-2 2.65414E-2 5.67132E-2 5.68991E-2 3.3252E-2 1.06719E-1 8.90018E-3 1.30278E-2 4.7067E-2 -9999 -9999 -9999 -9999 -9999 -9999 -9999 -9999 -9999 -9999 -9999 -9999 -9999 -9999 -9999
8.28968E-2 3.28724E-3 7.69987E-3 5.22676E-2 5.08459E-2 2.30981E-3 5.86189E-2 1.45806E-1 3.00365E-3 7.31651E-2 2.14469E-2 2.4384E-2 7.99387E-2 5.02666E-2 1.09503E-1 7.56771E-2 1.81364E-1 1.70074E-1 2.27769E-2 2.44817E-2 1.544E-1 6.46788E-2 1.33455E-2 1.32952E-2 6.29609E-2 1.60853E-1 1.31447E-1 7.56459E-2 2.05401E-2 3.48702E-3 3.54993E-3 8.66812E-2 5.79404E-2 3.58092E-3 5.32994E-3 1.00261E-2 2.81904E-3 3.03238E-2 6.4493E-3 5.66012E-2 1.10953E-2 3.19691E-2 6.24877E-2 3.09078E-3 7.84338E-3 -9999 -9999 -9999 -9999 -9999 -9999 -9999 -9999 -9999 -9999 -9999 -9999 -9999 -9999 -9999
1.32225E-2 3.09686E-2 9.37246E-2 1.71732E-2 5.41575E-3 1.13737E-3 1.05153E-2 1.19492E-2 1.4485E-1 1.35463E-1 7.83702E-2 7.95816E-2 1.22881E-1 1.17233E-1 5.67612E-2 6.44334E-2 2.53658E-2 7.67366E-2 1.84754E-1 3.46053E-2 6.47764E-2 1.09955E-2 1.07565E-1 2.11881E-2 2.01973E-2 5.58094E-2 1.73262E-1 1.07619E-1 5.70704E-2 4.46317E-3 2.12091E-2 4.71471E-2 3.99283E-3 1.21143E-2 7.89397E-4 1.55314E-3 1.43634E-2 8.37042E-3 3.23215E-2 1.28137E-2 4.66323E-2 5.25818E-2 6.20956E-2 2.28023E-3 1.16939E-2 5.18382E-2 -9999 -9999 -9999 -9999 -9999 -9999 -9999 -9999 -9999 -9999 -9999 -9999 -9999 -9999
1.54438E-2 6.79502E-2 2.31905E-2 9.81914E-3 5.96463E-4 5.4703E-3 1.11603E-3 4.15548E-3 1.1446E-2 1.35646E-1 6.13182E-2 1.44095E-2 1.53885E-1 1.67035E-1 1.31494E-1 6.39764E-2 1.30695E-1 1.4769E-2 2.78744E-2 1.75409E-1 5.74332E-2 4.32761E-3 2.86932E-2 5.02438E-2 1.16006E-1 6.88258E-2 6.04468E-2 2.88617E-2 1.89326E-2 2.03105E-2 3.93111E-3 1.35608E-1 2.51755E-2 5.25325E-2 2.41951E-3 9.36294E-4 3.01074E-2 1.53044E-3 4.59607E-2 2.57526E-2 3.1291E-2 4.37147E-2 6.17635E-2 7.25611E-4 1.02126E-2 7.73973E-3 -9999 -9999 -9999 -9999 -9999 -9999 -9999 -9999 -9999 -9999 -9999 -9999 -9999 -9999
4.18709E-2 6.75328E-2 4.26312E-3 6.07175E-2 2.88453E-2 2.31454E-2 2.00424E-2 1.89256E-2 9.94531E-3 2.62064E-3 6.13882E-2 1.30908E-1 2.48654E-2 6.46107E-2 1.10764E-1 7.89297E-2 1.00313E-2 6.91216E-2 4.44397E-3 7.51806E-2 4.5159E-2 7.49663E-2 5.00279E-3 4.30637E-2 5.71183E-2 6.80266E-2 3.11533E-2 4.87135E-3 4.02273E-3 1.86483E-2 9.48864E-3 2.50312E-2 1.49113E-1 6.59099E-3 7.54968E-3 3.27298E-5 2.33606E-3 7.67468E-3 5.01006E-3 1.67109E-2 3.33193E-3 6.53169E-2 9.86864E-2 7.64961E-4 1.42805E-3 1.44791E-4 3.3819E-2 -9999 -9999 -9999 -9999 -9999 -9999 -9999 -9999 -9999 -9999 -9999 -9999 -9999
1.41404E-2 6.87082E-2 7.60879E-2 7.09229E-3 6.85182E-3 7.05313E-4 7.40466E-4 1.95597E-3 2.18542E-3 1.66345E-2 3.26736E-3 1.53815E-3 1.73394E-2 1.16205E-3 1.57662E-2 7.83552E-2 2.02513E-2 3.06214E-3 9.69729E-3 9.52519E-4 7.95048E-2 5.56512E-3 2.13845E-2 7.78897E-3 3.14868E-3 5.38213E-2 4.93266E-2 2.68169E-2 9.99039E-3 5.78453E-3 5.06252E-3 2.39018E-2 1.62272E-1 3.25639E-2 1.31973E-3 7.57914E-4 4.20951E-5 5.9278E-3 2.52353E-4 6.50524E-3 2.93419E-2 5.43366E-3 6.06556E-2 4.25832E-3 1.73014E-3 1.76474E-4 3.32033E-3 -9999 -9999 -9999 -9999 -9999 -9999 -9999 -9999 -9999 -9999 -9999 -9999 -9999
5.83411E-3 1.04054E-1 6.58434E-2 4.21172E-2 1.91934E-3 1.99806E-2 5.71856E-3 6.93594E-3 1.23689E-3 2.06629E-3 1.31473E-3 4.17737E-3 4.10251E-3 2.1523E-3 2.98637E-3 1.32768E-2 4.5928E-3 2.32328E-2 5.02996E-3 4.10655E-3 1.96879E-2 8.20953E-2 7.98907E-2 2.85983E-2 2.81434E-2 2.23919E-3 2.65739E-2 4.70965E-3 5.1491E-3 2.19512E-2 3.4847E-3 6.66654E-2 1.5694E-1 2.15126E-2 5.68921E-3 2.69263E-3 6.33322E-2 5.76359E-5 5.48455E-3 1.65716E-2 3.14124E-3 1.63382E-2 6.18793E-2 5.18204E-4 5.74496E-3 1.02006E-2 1.24915E-2 -9999 -9999 -9999 -9999 -9999 -9999 -9999 -9999 -9999 -9999 -9999 -9999 -9999
6.41049E-2 1.56547E-2 2.83843E-2 7.25137E-2 5.89502E-2 4.15584E-2 2.47618E-2 1.82803E-3 1.36305E-2 3.15976E-2 5.06469E-3 4.11833E-4 1.45892E-3 1.8731E-3 3.18671E-3 3.20512E-3 8.08599E-3 1.4824E-3 6.92129E-3 1.37103E-3 3.80585E-3 1.46866E-2 4.41473E-3 7.65461E-2 7.0187E-3 1.91479E-2 6.99973E-3 2.16276E-2 4.18015E-3 5.74557E-2 1.43705E-1 1.49387E-1 1.33123E-1 2.74168E-2 5.56908E-3 2.19716E-3 2.08197E-2 7.13796E-5 1.58552E-3 3.2653E-2 2.68658E-4 3.89608E-3 6.00833E-3 5.81656E-2 2.47267E-4 8.65878E-3 1.03665E-2 1.59058E-3 -9999 -9999 -9999 -9999 -9999 -9999 -9999 -9999 -9999 -9999 -9999 -9999
2.3623E-1 6.70591E-2 1.14992E-1 7.62923E-3 1.40648E-2 2.20949E-3 4.02777E-3 7.25159E-3 3.10892E-2 2.60617E-2 2.79055E-2 9.58724E-3 2.76714E-2 4.39166E-4 2.58415E-2 2.65309E-2 2.73498E-2 1.17582E-2 6.31333E-2 6.36234E-3 6.54785E-3 1.40326E-2 1.6062E-3 7.00509E-2 5.86988E-2 5.63361E-2 5.77127E-2 6.65407E-2 1.44424E-1 2.78192E-2 4.98716E-2 9.96354E-2 6.33156E-2 9.83726E-4 1.88276E-2 1.87642E-3 4.5215E-3 1.57628E-4 1.22604E-3 3.92667E-2 2.19258E-4 1.64469E-5 1.79544E-2 6.36062E-2 3.8896E-3 1.23952E-3 2.31951E-3 1.33681E-2 -9999 -9999 -9999 -9999 -9999 -9999 -9999 -9999 -9999 -9999 -9999 -9999
1.21242E-1 2.3811E-1 4.65421E-2 2.96647E-2 1.96067E-2 3.08529E-3 2.17818E-2 2.46566E-2 2.80887E-2 3.20629E-2 1.86993E-2 6.08136E-2 1.05644E-2 2.76383E-2 3.10489E-2 6.95072E-3 3.22835E-2 6.45068E-3 2.85951E-2 2.94704E-2 1.99074E-3 6.37959E-3 1.73305E-1 5.69983E-2 9.61473E-4 3.70701E-2 4.87107E-3 1.57284E-2 2.90045E-3 3.10044E-3 1.91759E-2 1.03006E-1 4.18434E-2 5.69705E-3 1.17298E-3 1.83752E-2 1.99487E-2 1.35646E-2 1.03064E-3 3.6353E-2 2.52233E-3 2.66621E-3 7.91916E-4 9.4446E-2 1.82264E-2 5.07749E-3 5.6962E-3 5.27506E-4 -9999 -9999 -9999 -9999 -9999 -9999 -9999 -9999 -9999 -9999 -9999 -9999
2.20617E-2 1.16614E-1 2.27057E-1 3.40002E-3 1.82696E-2 2.51171E-2 4.69203E-2 8.37281E-3 5.64239E-3 8.60583E-2 3.13698E-3 2.81447E-2 6.23569E-3 7.83835E-3 3.745E-2 3.97881E-2 3.91198E-2 4.22369E-2 8.28341E-3 7.45658E-2 1.77492E-2 4.13531E-2 1.682E-1 3.18924E-2 6.37122E-3 1.49967E-2 1.61477E-1 1.23659E-1 1.8264E-2 5.10883E-3 3.96748E-3 7.72037E-2 4.27966E-2 5.46477E-3 7.77981E-4 3.78272E-2 2.21322E-2 1.46776E-2 2.6545E-5 3.46053E-2 7.91737E-5 6.24473E-3 2.0501E-2 2.04447E-2 5.86885E-2 2.65602E-2 2.0643E-2 3.05458E-4 1.35985E-3 1.54066E-2 -9999 -9999 -9999 -9999 -9999 -9999 -9999 -9999 -9999 -9999
4.59246E-3 4.45084E-2 2.3588E-1 2.75265E-3 2.84335E-2 2.51351E-2 6.21921E-2 5.67326E-3 5.70427E-2 5.44184E-3 5.10658E-3 4.05297E-2 3.18427E-2 2.99156E-2 3.17432E-2 6.32934E-2 1.29277E-2 2.13232E-2 4.88421E-2 5.64136E-3 9.87899E-2 1.19234E-1 5.4549E-4 3.87712E-4 1.53406E-2 2.10085E-2 3.34637E-2 2.05228E-2 1.50711E-3 6.18776E-3 7.48579E-3 6.86263E-2 5.09799E-2 2.64251E-2 6.30459E-2 1.80858E-3 1.86029E-2 5.19028E-2 7.3869E-5 3.30789E-2 1.32052E-4 1.60054E-3 7.30089E-4 2.12584E-2 6.01766E-2 5.79499E-3 8.18342E-4 1.5487E-2 3.86096E-3 2.7418E-3 3.09267E-3 2.44769E-2 -9999 -9999 -9999 -9999 -9999 -9999 -9999 -9999
2.35525E-2 6.71145E-2 1.00523E-1 1.29551E-1 3.83276E-2 3.84463E-3 5.32888E-3 4.51801E-2 5.2737E-2 2.58061E-2 3.98719E-3 5.36915E-2 4.13485E-3 5.78453E-3 6.36633E-2 2.99163E-2 4.43628E-3 5.85514E-3 3.07465E-2 6.14233E-2 1.39776E-1 7.1571E-3 5.72557E-3 6.36705E-4 5.93092E-3 1.05186E-3 1.21074E-3 6.35144E-3 2.19867E-3 3.16057E-3 6.71541E-3 6.23441E-2 4.58349E-3 1.63194E-3 6.02835E-3 1.07879E-2 2.76958E-3 4.36822E-2 4.06101E-4 2.93323E-2 3.5715E-4 5.43099E-5 3.0042E-3 5.42093E-3 5.19155E-2 6.30804E-3 1.1309E-3 1.66306E-2 4.96348E-3 5.04861E-4 2.22372E-4 2.3527E-6 6.46343E-3 6.96331E-3 -9999 -9999 -9999 -9999 -9999 -9999
1.19562E-4 3.0786E-3 3.75711E-2 1.23694E-1 2.38768E-1 1.00991E-2 2.64171E-2 2.06496E-1 2.09434E-1 3.6901E-2 5.10258E-2 5.29251E-3 4.38781E-3 6.04311E-2 2.62951E-2 2.03482E-3 4.14034E-3 7.42497E-3 5.10245E-3 2.72118E-2 1.43356E-1 7.0748E-2 6.01078E-2 1.75227E-2 5.41503E-3 2.44503E-2 9.62496E-4 2.37288E-2 2.28063E-2 2.56353E-3 7.08537E-3 8.66E-2 2.80038E-2 2.34254E-2 6.19781E-3 2.42128E-2 2.82852E-2 4.58831E-2 3.13648E-4 2.94986E-2 1.16353E-2 8.62273E-3 2.52956E-5 4.52677E-4 4.14236E-2 5.35701E-2 5.18587E-2 5.30114E-2 2.58557E-2 2.30111E-4 1.33382E-3 2.2012E-4 5.16049E-4 1.27294E-3 2.61438E-2 -9999 -9999 -9999 -9999 -9999
7.91386E-3 6.12473E-2 4.31637E-2 3.74195E-3 4.94479E-2 2.28182E-1 2.33702E-1 1.04384E-1 1.81022E-2 2.2933E-1 1.4078E-1 2.07825E-1 1.29024E-1 3.36465E-3 1.88746E-3 4.42796E-3 1.5289E-2 3.53327E-3 7.70629E-3 2.80195E-2 1.22941E-1 3.85451E-2 3.51782E-3 3.83322E-2 2.52843E-2 6.324E-3 2.87282E-2 2.64038E-3 1.30038E-2 6.49883E-4 9.72658E-4 1.65627E-2 1.06183E-1 7.86653E-2 1.93028E-2 2.92232E-2 9.64156E-3 2.54118E-3 3.48291E-2 1.53359E-2 8.31995E-3 4.69281E-3 6.70805E-3 6.85852E-3 4.47155E-2 3.03584E-2 1.50763E-3 2.35865E-3 4.28357E-2 2.62581E-2 2.79337E-4 1.19592E-3 2.15803E-2 2.05542E-4 7.29863E-5 1.34319E-3 2.20764E-2 2.54431E-2 -9999 -9999
6.1828E-2 3.90142E-3 5.41456E-2 3.48057E-3 2.94794E-3 2.30693E-3 6.0874E-2 7.25349E-3 5.94954E-2 2.86925E-3 1.17243E-2 7.62386E-2 5.15215E-3 2.78146E-1 1.80821E-3 7.41105E-3 8.16723E-3 2.22657E-2 1.2963E-1 1.28204E-1 4.46665E-3 9.97129E-3 1.11479E-2 6.07734E-2 2.37031E-2 6.73164E-3 5.98782E-3 1.33166E-2 1.87233E-2 2.62929E-2 2.00722E-4 2.15769E-5 6.79439E-3 1.08323E-1 3.59989E-2 6.24002E-3 2.64592E-2 5.79465E-4 4.85557E-2 4.74851E-3 2.56376E-2 2.75632E-2 2.8017E-2 1.52798E-2 5.91558E-4 4.37112E-2 2.69239E-2 2.64947E-2 2.12283E-2 4.60159E-2 2.62032E-2 5.34417E-3 1.55508E-3 3.83263E-3 2.20364E-2 1.14725E-4 5.07254E-5 1.38672E-3 5.04895E-3 -9999
4.11391E-2 5.52677E-3 5.69607E-2 2.52844E-2 2.88076E-2 9.31535E-3 5.63951E-2 9.36838E-3 4.00888E-2 2.16E-2 2.20174E-4 1.96292E-2 4.94874E-2 2.65581E-2 1.28583E-1 6.75686E-3 3.95699E-3 1.27681E-1 4.66466E-2 1.15758E-2 9.34995E-2 2.82037E-2 9.18567E-2 5.06452E-3 1.29031E-2 4.04743E-4 4.77192E-4 2.97278E-2 1.54094E-2 3.02255E-2 3.46584E-3 2.94558E-3 6.48444E-3 1.10026E-1 3.84904E-2 6.6866E-3 2.6823E-2 2.63285E-2 1.97597E-3 1.01673E-2 2.4085E-3 3.19517E-3 2.60841E-3 5.54547E-3 1.51468E-3 3.54514E-2 2.51853E-3 3.55255E-3 3.73762E-3 3.0588E-3 5.05507E-2 2.03486E-2 2.03532E-2 2.18417E-2 1.27758E-3 2.89782E-3 3.59053E-3 4.83802E-3 1.61845E-4 3.50379E-3
4.3728E-3 2.75152E-2 3.87068E-2 4.30189E-2 5.42539E-3 3.34102E-2 5.68596E-2 2.73806E-3 9.6467E-3 2.7217E-2 6.42773E-3 2.44921E-3 2.3959E-2 3.52349E-3 4.16951E-3 1.34953E-1 2.08437E-1 5.11296E-2 2.79553E-2 3.11232E-2 1.59332E-2 9.90064E-2 2.57492E-2 8.66216E-2 1.93399E-2 2.92063E-2 3.92236E-4 6.38255E-3 2.04886E-2 1.28241E-2 3.18112E-2 5.43011E-3 6.59155E-3 1.05028E-1 6.69739E-3 4.63781E-4 9.44171E-3 2.5455E-2 2.84066E-2 2.01892E-3 9.83365E-3 2.14532E-4 2.09876E-4 9.84549E-5 4.01042E-5 5.39857E-4 4.69621E-2 5.41615E-2 2.72842E-2 2.0869E-2 1.08823E-2 5.0469E-2 4.33914E-3 5.25934E-3 3.2789E-2 6.43924E-3 5.63117E-3 6.52584E-3 3.79241E-3 1.31176E-2
1.78478E-2 1.16412E-2 1.96899E-2 2.53965E-2 1.10411E-2 3.30574E-3 1.03929E-1 1.59962E-3 9.32116E-3 5.15193E-3 2.80214E-2 1.29292E-2 5.00081E-3 1.46914E-2 4.22521E-2 4.25348E-3 1.26064E-1 2.84889E-2 5.8368E-3 1.04845E-2 2.47754E-2 4.66083E-3 7.4131E-3 2.34063E-2 5.35726E-2 3.23328E-2 1.77017E-2 1.30212E-3 2.28991E-2 1.74912E-2 1.53416E-2 4.44526E-2 2.14032E-3 1.02498E-1 2.55382E-3 6.12979E-2 2.86094E-2 2.78943E-2 1.29721E-2 3.10396E-2 2.81686E-2 1.41054E-2 1.17221E-3 3.45119E-3 5.20403E-3 1.54464E-4 2.63123E-3 1.11519E-2 3.06801E-2 1.73344E-2 4.14268E-3 5.31659E-2 3.43852E-3 4.8084E-3 2.61787E-2 6.33965E-2 5.92152E-2 6.19871E-2 6.94306E-2 6.54522E-2
