outputallcorrectTI_nofloodareas_nofloodcontrols_PARETO/flood.asc
ncols         319
nrows         495
xllcorner     219017.22331753
yllcorner     4610852.5305323
cellsize      500.0
NODATA_value  -9999
[rows 208 to 233 of 495, columns 0 to 59 of 319]
5.96666E-2 4.10155E-3 4.47877E-2 3.69101E-2 2.74733E-2 2.81042E-2 2.94223E-2 5.07349E-3 6.92804E-3 1.50316E-3 1.67398E-2 3.237E-3 6.67113E-3 1.81362E-3 1.95919E-3 2.54668E-3 2.17692E-2 6.88623E-2 2.82378E-2 3.02539E-2 1.42133E-1 6.46943E-2 1.60187E-1 6.47359E-2 2.27278E-2 2.20675E-2 1.88606E0 2.00071E1 6.54741E-2 5.10787E-2 5.07925E-2 6.13174E-2 6.65894E-2 7.5281E-3 3.92096E-2 4.52955E-3 2.9309E-2 1.42476E-2 5.3446E-3 2.36015E-2 7.94844E-2 2.70637E-2 1.85815E0 2.13194E-2 3.67724E-2 1.65055E-2 2.25997E-1 1.00943E-2 2.53515E0 3.12876E-2 1.4225E-3 1.05976E-2 7.97877E-3 2.52203E-2 2.71463E-1 5.33524E-2 1.10072E-3 2.69904E-3 1.81258E-3 1.26243E-1
4.95861E-2 3.83323E-2 2.5586E-2 1.11017E-3 1.80572E-2 6.08475E-3 2.35163E-3 2.92619E-2 1.87654E-2 2.38747E-3 5.66844E-3 7.43252E-3 7.75461E-3 2.64131E-2 3.23656E-2 4.25708E-2 5.42068E-2 2.21534E-2 5.94156E-2 5.80039E-2 3.60311E-2 9.45012E-3 2.73211E-2 1.83477E-1 1.6291E-1 2.81143E-2 2.14086E1 2.3204E1 4.03793E-3 2.16202E-2 1.60463E-1 2.96738E-2 3.51849E-3 5.17042E-3 7.30827E-2 6.63732E-2 9.42453E-3 2.93957E-2 5.01365E-3 2.70781E-2 1.58345E0 3.6156E-2 3.20096E0 1.35598E-2 8.13456E-2 1.6626E-1 5.00301E0 1.21531E0 3.84095E0 7.55572E-2 1.96997E-2 1.17492E-2 3.76007E-3 1.1697E-1 6.05066E-2 1.78458E-2 3.81361E-3 5.73571E-3 3.01397E-2 9.40131E-1
4.02269E-2 2.5744E-2 2.00775E-2 6.04267E-3 8.4184E-4 1.28809E-3 1.80578E-2 2.053E-2 3.88572E-3 3.54828E-3 3.15419E-3 2.24184E-3 1.58882E-3 6.99423E-3 2.85486E-2 3.3434E-2 2.59885E-2 9.71585E-2 2.87142E-2 6.64217E-4 1.13588E-2 4.06619E-2 8.90936E-2 2.52066E-2 2.70612E-2 2.17038E0 2.66686E-2 5.62668E0 2.13482E-1 1.55962E-2 5.92769E-1 5.12818E-3 3.08877E-3 3.80864E-2 4.88318E-2 4.13467E-2 2.65949E-2 4.45499E-3 4.39736E-2 1.39787E-2 1.87617E0 5.9239E-2 1.51446E-1 5.83351E1 4.01596E0 4.39433E0 3.20811E-1 2.59175E-2 4.76342E-2 8.41028E-2 5.80787E-2 1.58039E-2 5.13523E-3 6.30623E-2 1.6846E-2 5.00017E-3 5.30164E-3 1.7309E-2 7.06166E-4 5.02258E-3
2.55693E-2 1.34594E-3 2.10236E-2 6.89392E-3 1.54082E-3 2.77814E-3 2.4941E-3 2.6072E-2 3.5705E-3 1.71491E-2 3.76675E-3 7.80593E-3 2.53983E-2 2.82341E-2 2.68345E-2 6.94132E-3 2.54881E-2 7.02589E-2 1.03303E-1 1.08003E-1 8.45954E-2 3.6885E-4 2.20865E-2 8.09439E-3 3.78946E-2 2.45912E-2 2.39629E-2 1.57857E0 5.40216E0 7.66048E-2 9.44357E-1 2.31562E-1 4.27101E-3 2.77746E-2 7.05879E-2 4.37981E-2 6.10028E-2 2.7709E-2 7.83573E-1 2.33849E-1 1.71616E-1 3.24302E0 5.87475E0 5.16411E1 4.30296E-1 1.89849E-1 3.97071E-1 5.42859E-2 5.2578E-2 5.04702E-2 2.97881E-3 4.74698E-2 3.42287E-2 1.43824E-1 1.73328E-2 1.85951E-2 7.09623E-4 8.64772E-2 9.80099E-2 3.57023E-2
2.75525E-2 6.01811E-3 9.97615E-3 2.14002E-2 2.82436E-3 2.47534E-2 1.96333E-3 3.33595E-3 3.13452E-2 1.59962E-3 3.63773E-3 2.29423E-2 2.61731E-2 2.90128E-2 4.2278E-2 8.50762E-3 6.57141E-3 6.16891E-4 5.69886E-3 6.12151E-2 2.90872E-2 8.84488E-2 3.22699E-2 5.7036E-3 1.24697E-2 1.73921E-2 9.18297E-3 9.0831E-2 2.002E1 1.38841E0 1.32115E1 4.05905E0 3.60841E0 1.09956E0 2.71648E-1 7.59839E-2 6.54022E-2 2.50633E-2 2.36866E0 9.46161E0 5.08048E-2 3.50101E0 5.53726E1 5.4861E1 5.66507E-1 7.53926E0 3.43415E-1 3.79089E0 1.38926E0 3.13415E0 2.59623E-2 1.27692E-2 1.15998E-2 1.12574E-2 1.9516E-2 2.1249E-2 1.76807E-2 9.97344E-4 4.93053E-4 4.44564E-3
5.01443E-3 4.04159E-3 4.77832E-3 3.41494E-3 3.19173E-3 2.8622E-2 2.57354E-3 2.66986E-3 4.47301E-2 6.72276E-3 3.56748E-3 3.75543E-3 3.39932E-3 5.22269E-3 2.85688E-2 5.56357E-2 1.34411E-2 2.89151E-2 7.81425E-2 2.31719E-2 2.36363E-2 4.86611E-3 4.67374E-3 4.14901E-2 2.83878E0 5.20075E-3 5.61913E-3 2.81285E-1 6.45231E0 2.02512E1 7.5262E-1 2.83984E0 6.45402E0 2.40915E-2 2.27689E-2 6.25206E-2 5.05444E-2 9.28064E-3 4.78261E0 5.60196E0 5.80498E1 2.7229E1 1.95467E-1 7.7778E-1 3.16097E0 4.03992E0 1.66966E1 1.30198E-1 1.04766E-2 4.86164E-2 4.82963E-2 1.30737E-2 5.98908E-2 3.14612E-2 2.6839E-2 1.83244E-2 1.76593E-2 1.44697E-2 2.69276E-2 4.93828E-3
-9999 2.67909E-3 7.09208E-3 6.29766E-3 7.19322E-3 2.70044E-2 1.72281E-2 2.60446E-2 6.11396E-2 1.76794E-2 4.62952E-3 3.8776E-3 2.82713E-2 1.34953E-2 1.68503E-2 2.6205E-2 4.90585E-2 1.40536E-2 5.89112E-3 3.41286E-2 4.38786E-2 4.63505E-2 1.25208E-1 1.3789E-1 7.98497E-1 2.04038E-1 5.06434E-2 2.85147E-2 5.50559E0 4.07738E1 1.00607E1 4.85473E-1 2.17216E-1 7.16892E-1 2.45946E-2 2.78009E-2 2.9356E-2 6.91625E-1 1.82658E-1 3.25235E1 3.05699E0 2.01722E-1 1.86144E-1 2.61777E-2 4.44043E-2 4.29508E-1 1.72473E-2 7.09428E-2 5.34717E-2 5.85003E-2 9.39755E-2 1.23481E-1 4.35623E-2 2.35428E-2 2.19464E-2 5.47337E-2 5.54437E-2 3.14777E-2 4.73117E-2 4.51003E-2
-9999 2.51522E-2 2.94745E-2 3.05781E-3 3.92963E-2 2.67346E-2 2.83593E-3 5.20039E-3 5.50011E-2 2.62023E-3 2.49515E-2 5.64973E-3 2.57402E-2 5.38583E-2 1.37455E-2 5.2466E-3 3.04673E-2 6.03279E-2 6.76661E-3 5.38676E-3 1.36954E-1 1.37736E-1 5.70307E-2 3.89737E-2 2.74337E-2 6.59812E0 1.62941E0 5.76983E-2 2.89103E-1 8.65918E0 9.32877E0 1.02074E1 9.27984E0 1.93177E-1 4.29028E-2 9.05677E-1 4.96406E-2 5.68592E-2 2.15606E-1 1.96369E1 2.97503E1 1.62782E-1 1.2049E-2 1.77488E-2 2.7119E-2 4.68546E-1 3.29607E-1 3.3062E0 1.98676E0 5.29872E-2 3.93988E0 6.2437E-2 2.29115E-2 2.55437E-2 2.33108E-2 5.9244E-2 1.56189E-2 8.4449E-2 5.53044E-3 1.60599E-2
-9999 5.9665E-2 1.31334E-2 5.29845E-2 3.82302E-2 3.42349E-3 3.37242E-3 7.32111E-3 4.81847E-2 1.97941E-2 9.77342E-3 1.38084E-2 5.35492E-3 5.79791E-2 1.45559E-2 5.64312E-3 2.35277E-2 3.42274E-2 7.23535E-2 4.31332E-2 1.49525E-2 1.14441E-2 8.99404E-3 5.98105E-2 6.56576E-2 1.19793E0 2.02874E1 6.26571E0 5.59438E-2 1.87922E1 3.75506E1 3.52639E0 1.01744E1 6.46385E0 3.57419E-1 6.79103E0 7.97725E0 4.91551E-2 1.09309E-1 2.52893E0 1.30309E1 2.60659E-1 9.41121E-3 4.04505E-3 2.06682E-1 3.19917E1 5.96886E0 8.17072E-2 6.45194E-2 5.56102E-2 3.60226E0 1.23264E-1 1.24838E-1 4.31889E-2 7.64348E-2 4.52494E-2 4.87246E-2 1.17994E-2 1.6867E-2 9.43412E-3
-9999 -9999 5.74653E-2 4.18324E-2 3.08598E-2 5.16598E-3 5.17849E-3 2.96304E-2 4.81685E-2 6.55794E-3 3.35526E-3 3.99485E-3 2.52623E-2 6.04861E-2 4.68968E-2 5.23459E-3 3.17316E-3 4.8847E-3 5.75258E-3 1.3491E-2 4.65933E-2 6.92541E-3 1.34635E-2 1.33981E-2 1.38442E-2 3.97941E-4 2.07283E-1 2.89064E1 7.88751E-1 9.42473E0 3.42374E1 2.55116E1 9.31026E0 1.43319E0 1.30869E1 4.20466E0 1.30424E1 2.23065E-1 8.5315E-1 3.05036E1 1.9145E-1 1.35265E-1 4.90168E-2 6.60085E-1 1.78285E1 6.26043E-1 5.49659E-1 6.92582E-1 1.13854E1 4.36477E0 9.50685E-1 2.09442E-2 2.49187E-2 1.3509E-1 4.34216E-2 6.88381E-2 8.07359E-2 1.71939E-2 1.26129E-3 5.0293E-3
-9999 -9999 6.03649E-2 3.11963E-2 3.20931E-3 5.69324E-3 5.00742E-3 6.15767E-2 2.86619E-3 2.16683E-3 8.04042E-3 2.11287E-2 5.22092E-2 1.91875E-2 1.55671E-2 2.41964E-2 7.29201E-3 2.49403E-2 3.60443E-2 2.17024E-2 2.21586E-2 1.69561E-2 2.56037E-2 2.30596E-2 2.34514E-2 2.54951E-2 2.56235E-2 5.11995E1 1.49375E1 1.24546E1 3.67471E0 3.38952E1 2.27308E0 3.59696E0 2.73616E1 2.52656E0 2.51791E1 2.082E1 6.73344E0 2.54412E0 2.54627E-1 7.20387E-2 6.80322E0 2.30742E1 2.58417E1 3.19533E1 4.97129E0 1.55966E0 1.98427E1 1.76946E1 8.98568E-1 2.13121E-2 4.39881E-3 4.63282E-2 1.01162E-1 4.42839E-2 5.37491E-2 2.15124E-2 1.381E-2 1.07364E-2
-9999 -9999 6.43573E-2 3.11184E-2 4.13847E-3 2.12339E-2 3.51348E-3 5.94245E-2 1.46178E-2 1.41555E-3 2.15307E-2 4.80445E-2 2.70068E-2 1.75333E-2 5.34179E-3 2.45898E-2 3.1017E-2 2.62196E-2 5.55203E-2 4.42278E-2 4.33069E-2 3.70315E-2 1.61448E-2 2.40137E-2 8.53075E-2 3.44927E0 2.20416E-1 4.76116E-1 2.84424E1 1.52564E1 1.30003E0 2.8135E1 8.91525E0 1.37916E1 2.60368E1 5.11091E0 9.13519E0 1.83547E1 4.15152E0 2.57785E-1 6.03453E-2 2.24439E-1 4.97106E0 2.76526E1 2.57937E1 6.39128E-1 8.63119E-1 2.0965E1 6.96296E-1 1.43534E0 3.07704E-1 1.29396E-1 5.18124E-2 5.39776E-2 1.04337E-2 7.07457E-2 4.71441E-2 2.07964E-2 5.00756E-3 2.67935E-2
-9999 -9999 6.14419E-2 4.85476E-3 1.90252E-2 2.13213E-2 7.12843E-3 5.43497E-2 1.52673E-2 4.92671E-2 5.10922E-2 2.06777E-2 1.31269E-2 1.43661E-2 2.35072E-2 3.9864E-3 2.18275E-2 4.29676E-2 1.27224E-1 4.83982E-2 7.81047E-2 8.26862E-3 7.73816E-2 4.76001E-3 4.98316E-2 1.76275E0 1.43597E1 2.29142E0 3.30758E1 3.18046E1 1.2186E0 1.76965E1 9.37919E-1 3.38617E1 1.10137E1 1.03576E1 1.94715E1 1.53938E1 3.01017E0 1.83083E-1 2.95557E0 1.88195E0 2.94593E1 8.21616E0 8.42996E-1 9.375E-1 2.62281E0 3.82959E1 3.24916E0 1.71976E1 1.20099E0 2.02707E-2 2.13334E-2 7.78226E-2 1.43052E-1 2.9209E-2 1.17841E-2 1.4412E-2 2.64677E-2 5.45964E-3
-9999 -9999 6.301E-2 2.20366E-2 8.37767E-3 3.44783E-2 5.91402E-2 5.41678E-2 5.05673E-2 1.64307E-2 3.14005E-3 4.39477E-3 2.9538E-2 8.39975E-2 7.46949E-2 2.64912E-2 3.88494E-3 7.95078E-3 5.45945E-2 6.5555E-2 1.69036E0 6.71514E-2 1.20153E-1 5.59877E-1 9.07936E-2 2.39744E-1 2.86951E0 2.58962E1 1.11859E1 1.29132E1 1.82162E1 2.38437E1 1.10471E0 7.89009E0 1.95027E1 6.48878E0 1.72252E1 8.18251E0 2.1295E-1 5.8877E-1 3.27549E0 3.44833E0 2.72188E1 1.46597E1 4.80542E-2 2.21183E-1 3.81845E1 3.09328E0 1.92101E1 5.47032E-1 7.94068E-3 3.55709E-2 8.05177E-3 5.24325E-2 3.86245E-2 4.36721E-3 1.38525E-2 5.9073E-3 2.37176E-2 5.78216E-2
-9999 1.31833E-2 1.36849E-2 1.06242E-1 2.86181E-2 6.16778E-2 1.02933E-2 1.13143E-2 2.32244E-3 1.84587E-2 1.81837E-2 5.08001E-3 2.03328E-2 1.24119E-2 3.95196E-3 3.17415E-2 2.94511E-2 6.01209E-2 4.19034E-2 6.04602E-3 2.91021E-2 1.00837E1 1.12476E1 5.66264E0 1.66583E1 4.88406E-1 1.10754E1 2.45563E1 3.4449E1 1.37819E1 1.46876E1 2.44639E1 1.16097E1 6.79796E0 7.21435E0 2.2361E1 7.98191E0 2.20345E0 1.02256E1 1.15776E1 1.21993E1 2.81128E1 5.89076E0 3.93441E0 1.54636E0 1.78544E0 1.29865E1 2.21085E0 7.36585E0 3.40491E-1 8.52865E-3 8.5519E-2 2.16302E-2 2.4924E-2 1.45533E-2 9.84588E-3 3.49008E-2 4.61434E-3 4.12478E-3 2.08639E-2
-9999 2.20055E-2 3.13239E-2 4.0374E-2 7.60904E-2 6.23142E-2 1.51365E-2 5.02652E-2 2.72225E-2 1.69231E-2 1.56239E-3 3.0063E-3 1.50938E-2 4.64624E-3 8.31811E-3 2.61046E-2 3.99941E-2 1.24856E-2 3.24112E-3 5.48655E-3 9.03528E-2 3.0956E0 2.14324E-1 7.92238E-1 2.58412E1 3.61984E1 1.02018E1 2.21653E1 1.43976E1 4.65301E1 2.33453E1 6.07102E0 2.56589E1 1.01874E1 3.55198E0 2.09064E1 2.18292E0 1.74655E0 1.71171E1 4.78128E0 4.64225E0 1.72768E1 1.62412E1 2.72936E1 2.72711E1 1.29677E1 3.69203E1 5.96672E-1 1.51964E-2 6.46826E-1 5.29182E-2 1.2165E-2 1.451E-1 4.98521E-2 2.37374E-2 4.80066E-3 1.53787E-2 2.58036E-2 2.57127E-2 1.08673E-1
-9999 -9999 5.57031E-3 1.2553E-2 6.74792E-2 9.12767E-3 5.98109E-2 3.27196E-2 7.49207E-3 1.19811E-3 1.68745E-2 3.41403E-3 2.42968E-2 5.45639E-3 3.07762E-2 2.00686E-2 3.68987E-2 4.51355E-3 5.07655E-3 4.6705E-2 6.76965E-4 1.02719E-2 2.9443E-2 8.11858E-1 3.3959E0 2.92853E1 2.52253E1 6.94174E0 7.66673E0 1.83104E1 2.49353E1 6.33674E0 1.12502E1 3.1809E1 2.96467E1 2.25895E1 8.90725E0 1.27413E1 4.32643E0 4.51669E0 3.53548E0 2.38073E1 1.81128E0 5.2512E0 3.67571E0 4.15488E0 2.08018E-1 1.30113E1 9.98898E-1 1.062E-2 2.60341E-2 1.2832E-2 1.11706E-2 1.22806E-2 3.96791E-2 5.17267E-3 2.24013E-2 2.73086E-2 4.88997E-2 5.94326E-2
-9999 -9999 5.87173E-3 7.56434E-2 2.3407E-2 1.85111E-3 1.61717E-3 5.7474E-2 9.8695E-2 2.93332E-2 7.01928E-3 4.13629E-3 3.00978E-2 1.98666E-2 1.29207E-2 2.41435E-4 2.62398E-2 5.49641E-3 1.55344E-2 2.76735E-2 5.48011E-3 7.04151E-2 1.52437E1 2.36514E1 1.1066E1 1.07338E0 2.94816E1 3.19908E1 2.81338E1 7.74749E0 1.43945E1 2.09995E1 1.25227E1 7.26394E0 1.87519E0 3.05892E1 3.4743E1 2.25966E1 8.82028E0 6.05025E0 6.33203E0 3.9918E0 8.08871E0 5.41312E0 1.78933E1 6.42575E-1 1.09275E-2 2.65272E-2 2.52305E-2 6.33924E-2 3.11354E-2 2.66032E-2 4.10409E-3 1.68187E-2 1.97421E-2 1.07583E-2 2.1461E-2 3.90979E-4 5.35241E-3 3.23802E-2
-9999 -9999 1.84694E-2 6.31111E-2 1.25745E-3 1.34011E-3 3.07679E-4 6.23605E-3 2.84531E-2 6.04057E-2 4.40412E-2 5.07209E-2 2.87772E-2 4.37847E-3 1.08001E-2 1.06537E-2 2.47908E-3 9.28066E-3 1.30105E-2 5.15795E-3 7.64059E-2 5.97052E-2 1.49609E-1 5.6812E-1 2.57753E-2 3.82129E-1 1.07061E1 2.86902E1 3.37322E1 2.29591E1 1.20007E1 6.22455E0 9.30097E0 7.34155E0 1.16327E1 1.86139E0 1.87675E0 3.42132E1 6.85518E0 6.44505E0 2.1075E1 1.24833E0 5.5959E0 1.97657E-1 1.96734E-1 2.48643E-2 1.2975E-2 5.20327E-2 4.01817E-2 2.6808E-2 9.72138E-1 5.23788E-2 6.00132E-2 3.61968E-3 5.63518E-3 4.19239E-3 5.81541E-3 5.75016E-3 1.10576E-3 1.30701E-2
-9999 -9999 7.04181E-2 3.40598E-2 1.94893E-2 1.6209E-2 2.37394E-3 1.5635E-4 6.86281E-3 5.87955E-2 2.58255E-2 1.35289E-2 1.5935E-2 3.17026E-3 3.15182E-3 1.82615E-2 8.07403E-4 3.03276E-4 3.03335E-3 3.00015E-4 3.9965E-4 5.04679E-4 1.12435E-2 5.13373E-2 1.9683E-1 1.07905E1 2.44207E1 1.26464E1 1.72814E1 1.51629E1 5.84359E0 6.33657E0 1.05681E0 1.40459E1 1.28063E0 3.42368E0 1.48795E0 2.04989E1 1.45191E1 5.16009E-1 1.89229E1 5.46291E0 8.86978E0 7.08964E-1 4.79608E-3 7.02135E-2 1.36356E-2 1.82195E-2 5.42944E-3 2.25221E0 1.65937E1 2.40286E-2 5.6028E-2 5.65439E-2 4.28691E-2 1.2889E-2 1.89387E-2 4.5522E-2 1.31387E-2 1.42726E-2
-9999 -9999 -9999 3.33474E-2 6.39575E-3 1.43863E-3 1.02021E-2 8.10746E-4 4.12069E-3 5.6188E-2 2.95257E-2 1.70102E-2 6.7943E-2 3.11004E-2 1.91116E-2 3.54787E-3 5.67536E-3 5.6344E-3 2.38199E-2 3.90032E-3 4.0357E-3 2.45368E-2 5.01278E-2 5.02408E-2 3.55229E-2 2.84827E-1 2.27315E1 1.41491E1 1.01191E1 9.86137E0 7.01155E0 1.11252E1 1.2626E1 2.87515E1 1.36468E1 7.2805E0 1.51136E0 1.48449E1 3.5141E1 2.18295E1 1.68972E0 1.43281E0 4.00386E0 2.38515E0 5.71444E0 2.8815E-3 5.4235E-2 5.14908E-3 1.03158E0 1.90781E1 6.81394E-2 4.95547E-3 1.39584E-2 1.56386E-2 3.07201E-2 1.67723E-2 1.674E-2 5.17067E-2 1.63841E-2 1.17204E-2
-9999 -9999 -9999 2.75605E-2 6.64642E-3 1.35242E-3 2.65869E-3 1.0625E-2 4.7849E-3 5.98822E-2 6.06195E-2 5.77505E-2 9.90062E-3 2.7663E-2 1.59387E-2 5.72693E-3 2.24748E-2 3.36924E-3 7.74356E-3 3.63008E-2 6.57427E-2 7.02618E-2 6.61433E-2 4.29369E0 4.32757E0 3.46562E-2 1.21115E-1 4.39737E0 7.10544E0 3.37718E0 1.20528E1 1.65628E1 3.38143E1 1.14145E1 1.40308E1 9.20209E0 2.23532E0 6.46606E0 1.80617E1 3.9676E1 6.26021E0 4.83716E0 4.01284E0 2.14007E1 5.96764E0 1.95457E-1 5.14823E-2 2.39256E-2 1.84637E1 2.18376E-1 4.1033E-3 4.84507E-2 4.78814E-2 1.96343E-2 1.20552E-2 3.6887E-2 2.73272E-2 4.80978E-2 2.64155E-2 5.01209E-3
-9999 -9999 -9999 7.33732E-2 2.57248E-2 2.16052E-2 7.42085E-3 2.51711E-2 2.94872E-2 1.06834E-2 3.86382E-3 4.06554E-3 2.71542E-3 1.36704E-2 1.82607E-2 2.8726E-2 5.94113E-3 3.26901E-2 4.26987E-2 4.22039E-2 1.79402E-2 1.79964E-2 1.96421E-2 2.23644E-2 2.56753E-1 2.14152E1 2.07035E1 6.01719E1 4.599E0 3.82243E0 1.08098E1 1.78827E1 1.01134E1 1.60964E1 5.14376E0 2.51474E1 2.41339E1 2.3975E1 2.45766E1 5.1604E1 6.852E-1 2.63075E0 1.36799E1 9.3033E0 7.25602E-1 1.63004E-1 2.65311E-2 2.25032E-2 2.13725E-1 1.19877E1 2.29162E0 3.72482E-3 3.91915E-3 3.0891E-2 2.80521E-2 3.0501E-2 5.20476E-3 2.95876E-2 4.79102E-1 1.88732E-2
-9999 -9999 -9999 7.52652E-2 6.94029E-3 6.93548E-3 7.13044E-3 2.87684E-2 1.44656E-2 2.44419E-2 1.71935E-2 1.80953E-2 2.26273E-2 2.49167E-2 3.12692E-2 6.68134E-2 7.21073E-2 6.24E-2 3.90707E-2 2.2969E-2 1.71499E-2 4.5345E-3 5.2568E-3 3.28476E-2 2.8484E-1 4.51204E-1 2.17513E-2 2.91424E-1 3.44727E1 3.80601E0 1.12144E0 9.94125E0 7.36057E0 1.37781E1 1.4075E1 2.14374E0 5.17437E0 2.56294E0 1.19307E1 1.85043E1 5.02577E1 2.04806E1 5.02103E0 3.17684E-1 1.19815E1 7.39731E-1 7.98061E-1 1.98702E-1 2.70429E1 6.7518E-1 2.5705E-3 2.03805E-2 3.58146E-3 1.61834E-2 3.63814E-2 1.80852E-2 2.20819E-2 3.66983E-3 3.62196E0 1.97227E-1
-9999 -9999 -9999 3.92278E-1 1.38628E-2 1.31784E-2 6.76762E-3 7.67086E-3 4.75027E-3 2.66352E-2 3.92746E-2 3.29475E-3 2.24763E-2 1.03289E-2 6.63623E-3 2.29922E-2 1.73142E-2 1.61684E-2 2.52897E-2 6.78503E-3 2.38636E-3 2.57622E-2 1.49743E-2 4.22539E-3 3.71447E-2 4.53851E-3 2.76242E-2 8.19158E-1 2.63561E1 7.78338E0 3.0473E1 3.09617E1 1.94918E1 1.36034E1 1.01835E1 1.78867E1 5.06615E0 2.41078E0 1.84357E0 2.95029E0 1.22915E1 2.3577E1 1.68424E1 9.25835E0 1.13355E0 1.63885E0 5.45809E0 1.26325E0 3.36273E0 5.5489E-1 3.30086E-3 8.18335E-3 3.87381E-3 5.52652E-3 2.55786E-2 5.13271E-3 4.70348E-3 2.21217E-1 5.37429E-1 2.35736E1
-9999 -9999 -9999 3.39202E0 2.23429E-1 1.96698E-2 1.37572E-2 3.09353E-3 3.7782E-3 3.04358E-2 2.79965E-2 3.14803E-2 5.02906E-2 7.06906E-3 3.2633E-3 6.96741E-3 1.25345E-3 2.1938E-2 1.77397E-2 1.16139E-3 1.23179E-4 1.8465E-4 3.15027E-4 1.18841E-2 3.77096E-2 5.67535E-2 2.52688E-2 1.07805E0 3.34062E1 7.9223E0 6.6709E0 3.11546E1 1.1294E1 1.21162E1 5.11735E0 9.50903E0 1.28803E1 2.39571E0 1.47728E0 4.1934E0 3.22809E0 4.9342E1 5.60536E1 4.49088E1 3.71282E0 3.88572E0 2.58501E0 8.16083E0 4.27955E0 2.60352E-1 1.87425E-2 1.79517E-2 3.37033E-3 4.88836E-3 4.33457E-2 1.23742E-2 5.51797E-3 1.18143E-1 2.86333E0 1.55964E1
