outputallcorrectTI_nofloodareas_nofloodcontrols_verynarrow_STATUSquoNewLandUse/flood.asc
ncols         319
nrows         495
xllcorner     219017.22331753
yllcorner     4610852.5305323
cellsize      500.0
NODATA_value  -9999
[rows 459 to 485 of 495, columns 120 to 179 of 319]
5.65209E1 3.29528E1 4.5542E1 2.45494E1 3.63823E1 1.25312E1 2.96838E1 2.59646E1 2.49896E1 5.77411E0 8.58986E0 1.34507E1 8.48971E1 5.07984E1 1.87841E1 2.43764E1 4.29916E1 4.18011E1 5.00875E1 1.27163E1 3.43777E1 3.8192E1 2.14272E1 4.05843E1 5.59575E1 1.78168E1 2.15481E1 1.90017E1 4.18112E1 2.87094E1 3.87173E1 4.49291E1 2.76076E1 4.80122E1 3.34039E1 1.00487E1 5.55852E1 2.18982E1 3.62818E1 3.1615E1 2.63225E1 5.0919E1 3.94999E1 1.64483E1 1.13237E1 2.53759E1 5.19566E0 3.83657E0 1.79745E1 7.29075E0 5.01554E0 3.41148E1 2.32887E0 4.03256E0 3.41477E0 2.29052E0 2.40762E0 1.51109E1 1.2252E1 6.63569E0
4.88134E1 2.91167E1 3.55445E1 4.83101E1 2.16735E1 2.58547E1 2.54344E1 1.7275E1 2.77254E1 2.71914E1 2.31519E1 1.49143E1 7.80335E0 7.82551E1 7.68698E1 1.5696E1 2.19531E1 3.62552E1 4.44646E1 4.40742E1 3.02632E1 4.14482E1 1.75365E1 1.87903E1 4.10432E1 6.7614E1 1.4855E1 1.46407E1 9.76184E0 2.37698E1 1.63855E1 1.55925E1 4.75144E1 1.37256E1 1.93092E1 2.65238E1 2.23958E1 2.88307E1 5.32981E1 5.19767E1 2.70906E1 1.93798E1 4.58806E1 4.59182E1 3.58101E1 1.11044E1 9.75118E0 1.48164E1 1.98393E0 1.53473E1 3.25998E1 3.80643E0 3.22627E1 2.93279E1 2.33328E1 2.25502E1 2.05397E1 2.43297E1 2.17962E1 4.20848E0
6.42517E1 4.82641E1 5.16136E1 5.12143E1 4.57515E1 1.74618E1 3.06744E1 2.92163E1 2.05894E1 1.22809E1 1.24834E1 5.94371E0 5.81399E0 2.38512E1 5.39355E1 7.64146E1 2.80023E1 2.82746E1 1.7003E1 2.60457E1 4.94326E1 2.48112E1 3.22092E1 4.06722E1 3.16081E1 3.73105E1 6.54182E1 1.3894E1 1.59216E1 3.12757E1 3.57073E1 2.86697E1 1.78468E1 3.79501E1 3.52313E1 1.34372E1 4.50124E1 4.73646E1 2.58659E1 3.3078E1 4.86793E1 1.42031E1 1.30753E1 1.47614E1 3.95095E1 1.36388E1 6.4936E0 2.18418E0 1.90602E0 1.21025E1 4.49793E0 1.02562E1 9.02077E0 8.12506E0 6.88431E0 1.07465E0 1.97133E0 6.16147E0 1.10194E0 9.55036E-1
4.28787E1 6.18905E1 5.44716E1 3.48854E1 3.00731E1 3.28503E1 1.63979E1 2.09685E1 3.50268E1 1.2947E1 2.19893E1 8.12983E0 8.9011E0 4.36368E0 2.68019E1 3.46241E1 7.812E1 5.53208E1 5.48545E1 4.81496E1 5.15633E1 4.89179E1 4.84145E1 4.28406E1 4.1101E1 3.81095E1 3.81788E1 6.55671E1 1.39491E1 8.51987E0 4.2929E1 2.83146E1 2.77072E1 3.3549E1 1.76147E1 4.09469E1 2.16428E1 1.53107E1 4.05026E1 8.34933E0 1.15154E1 3.94226E1 4.0285E1 1.49405E1 1.02094E1 1.00448E1 1.15768E1 1.00122E1 2.72994E0 1.27046E0 1.1095E1 8.84754E-1 1.1132E0 2.58318E0 1.71773E0 6.32393E0 1.08588E0 8.61787E-1 6.62453E-1 9.54938E-2
5.44214E1 4.839E1 5.04492E1 4.83338E1 5.04908E1 4.87369E1 2.43999E1 2.57267E1 3.26365E1 2.3861E1 2.68434E1 1.63024E1 1.61265E1 1.97135E1 6.75528E0 3.06342E1 7.33644E1 2.35913E1 3.35638E1 5.21789E1 2.04034E1 2.8107E1 3.76022E1 4.24065E1 3.5999E1 3.68604E1 2.80501E1 2.92586E1 6.41286E1 6.18547E1 6.04832E1 3.91138E1 2.9017E1 2.13116E1 2.77251E1 3.16244E1 2.68479E1 1.03193E1 1.47909E1 1.4809E1 1.03913E1 1.03668E1 2.39062E1 3.50178E1 3.09836E1 2.24614E1 2.29615E0 3.68467E0 4.53211E0 9.02821E-1 8.64681E-1 1.08042E1 7.29978E0 2.50171E0 1.67511E0 1.39119E0 1.08269E1 4.53926E0 3.82425E0 3.15277E-1
6.24761E1 4.86867E1 5.85782E1 5.50533E1 5.48785E1 5.42537E1 1.93279E1 3.10755E1 1.09005E1 1.59058E1 1.73698E1 2.13704E1 1.77394E1 1.40521E1 1.39047E1 8.49607E0 4.09108E1 7.50371E1 2.92845E1 6.51865E1 5.01101E1 4.47664E1 3.4899E1 5.22363E1 4.27746E1 4.06789E1 2.06657E1 2.38543E1 2.95121E1 1.57097E1 1.73924E1 5.77479E1 1.74609E1 2.04866E1 2.04198E1 3.53165E1 3.25197E1 2.36013E1 3.55576E1 1.76924E1 1.06843E1 2.50202E1 1.48453E1 8.5044E0 8.81681E0 9.45268E0 5.64096E0 1.98559E0 1.30155E0 1.59008E0 1.14648E0 2.98403E0 1.03372E1 3.3833E0 1.07062E0 4.28957E-1 6.58423E-1 1.77717E0 1.67447E-1 3.13393E-1
2.12045E1 6.05256E1 4.88177E1 5.027E1 6.24829E1 3.25984E1 5.22379E1 1.88041E1 2.64022E1 1.03609E1 3.42075E1 1.38525E1 1.71723E1 6.95136E0 1.90926E1 5.00262E0 1.0433E1 7.04926E1 5.90138E1 2.44692E1 2.64538E1 2.21993E1 4.43676E1 1.91206E1 2.37712E1 2.2638E1 6.49051E1 4.14658E1 3.00269E1 1.99996E1 3.70281E1 2.62511E1 5.96242E1 6.8744E1 5.87523E1 5.95299E1 5.6901E1 1.90887E1 5.14095E1 4.84117E1 1.58481E1 3.3986E1 2.43199E1 3.75029E0 1.11071E1 2.97554E1 9.56404E0 6.44947E0 4.64903E0 1.52804E0 3.01371E0 9.20295E-1 2.0525E1 3.05202E1 2.04513E0 1.5274E0 4.84211E-2 9.37006E-2 1.7847E-1 9.05923E-2
5.32612E1 5.84114E1 5.4167E1 5.12678E1 6.75987E1 5.80027E1 4.62685E1 2.44635E1 3.79137E1 2.04372E1 1.73287E1 3.51713E1 3.85163E1 3.12173E1 4.49113E1 8.86072E0 4.9916E0 3.16185E1 7.8857E1 7.14082E1 7.20946E1 5.45282E1 5.15613E1 2.39389E1 4.46959E1 6.65637E1 8.2767E0 6.13764E1 2.3874E1 4.26402E1 4.44645E1 3.46493E1 1.82192E1 1.33107E1 1.50207E1 2.00522E1 3.31555E1 4.99838E1 1.60193E1 2.42649E1 4.84074E1 4.54488E1 4.19062E1 3.94718E1 3.64727E1 3.11014E1 9.86301E0 8.58541E0 4.16077E0 1.79067E0 2.27937E0 4.01667E0 2.03045E1 -9999 3.14674E1 5.97334E0 1.41034E0 2.9618E-2 1.06369E-1 9.02612E-2
5.98167E1 5.03055E1 5.04335E1 7.20825E1 5.02436E1 5.03523E1 3.19041E1 4.22041E1 3.89816E1 3.09066E1 1.38187E1 4.0043E1 3.37739E1 9.58625E0 2.48564E1 3.06001E1 1.83523E1 1.05763E1 6.11444E1 1.50289E1 1.61119E1 5.03844E1 1.76374E1 2.6614E1 4.02038E1 6.50758E1 1.71572E1 3.62319E1 6.03528E1 5.68477E1 3.18948E1 1.92078E1 1.49585E1 2.06834E1 3.31931E1 2.65402E1 1.87643E1 6.42875E0 3.43908E1 2.4152E1 1.98414E1 1.85435E1 2.7153E1 1.22618E1 2.9007E1 7.67434E0 4.07406E0 1.52932E0 3.96247E0 1.30966E0 1.05785E0 9.90427E-1 1.091E1 -9999 -9999 3.03657E1 9.25329E0 2.76499E0 1.42216E-1 3.00684E-2
5.00847E1 5.57582E1 6.75842E1 5.00895E1 5.69824E1 6.2317E1 5.93385E1 4.40693E1 4.42414E1 4.71314E1 4.37742E1 2.74201E1 2.22606E1 1.80882E1 1.94039E1 1.41119E1 1.83223E1 3.58365E0 5.95026E0 6.98131E1 1.17295E1 1.88435E1 5.64776E1 6.99962E1 7.41215E1 6.46877E1 2.73245E1 3.21085E1 1.60118E1 3.17888E1 6.74976E1 5.80998E1 5.80932E1 5.61988E1 5.9705E1 3.55845E1 6.49079E0 8.53641E0 2.55721E1 2.24842E1 4.18399E1 3.92244E1 3.65375E1 3.41837E1 3.18478E1 2.865E1 9.07897E0 5.8014E0 2.8632E0 1.87415E0 5.00005E-1 1.13177E0 6.36778E0 1.90246E1 -9999 3.30278E1 2.35807E1 8.47394E-1 3.54366E-2 4.98097E-2
5.80428E1 6.86113E1 5.02193E1 5.57762E1 6.46379E1 5.09932E1 4.70046E1 4.81599E1 2.26119E1 3.9149E1 1.76905E1 3.60066E1 1.48533E1 2.44443E1 2.56499E1 3.66652E1 2.75388E1 2.78525E1 6.11966E0 2.59766E1 7.52858E1 8.79624E0 1.05432E1 1.22938E1 3.86161E1 1.7201E1 6.71629E1 4.70593E1 1.45215E1 3.78469E1 2.83246E1 1.23809E1 1.19046E1 1.63387E1 7.90303E0 5.02591E1 5.03193E1 5.06719E1 4.8218E1 1.76153E1 3.78204E1 3.63243E1 3.38576E1 3.097E1 2.82252E1 1.55126E1 8.13025E0 4.79055E0 5.76109E0 1.24617E0 5.09408E-1 2.76117E0 1.13559E0 5.18081E0 1.89349E1 2.87132E1 2.09953E1 5.74252E0 2.67485E-1 3.50603E-1
6.23855E1 7.4209E1 6.42313E1 6.14836E1 4.20416E1 4.22446E1 6.46254E1 4.67008E1 4.20411E1 2.2188E1 4.81161E1 1.76351E1 4.27965E1 2.10387E1 4.52833E1 3.37788E1 3.50945E1 2.13318E1 1.53403E1 1.01991E1 4.18747E1 1.06988E1 1.94144E1 3.49022E1 3.11045E1 2.41709E1 1.89238E1 6.3009E1 2.31617E1 4.46759E1 3.76587E1 2.23237E1 2.05273E1 3.39821E1 1.27087E1 1.05117E1 7.59797E0 7.25405E0 1.15441E1 9.0598E0 1.51875E1 1.61976E1 1.34997E1 1.16956E1 3.72093E1 3.58561E1 3.0303E1 1.86538E1 1.24362E0 5.29286E0 4.85105E0 2.01128E0 8.2229E-1 8.22045E-1 2.7909E0 1.84202E0 3.82322E0 7.51286E-1 6.22903E-2 2.74448E-1
2.66243E1 7.51569E1 5.61141E1 4.91683E1 4.98392E1 6.26704E1 3.39983E1 4.30565E1 2.66336E1 4.49735E1 2.23944E1 3.81537E1 2.01936E1 3.82027E1 2.81536E1 3.35903E1 2.12617E1 9.31216E0 2.55332E1 5.68871E0 3.18854E1 5.30877E1 3.3229E1 3.51764E1 2.98385E1 2.2703E1 1.73891E1 2.28314E1 6.16513E1 6.02708E1 3.29181E1 1.76269E1 3.30903E1 1.34812E1 2.92692E1 3.4636E1 1.23204E1 1.29143E1 1.84608E1 2.09653E1 1.83214E1 4.54976E1 4.41192E1 3.89734E1 1.69636E1 1.1123E1 3.51439E1 9.93984E0 1.64956E1 5.78204E0 1.12519E0 1.74065E0 4.90691E-1 8.88359E-1 9.74249E-2 8.53047E-2 7.31154E-2 9.59933E-2 1.99582E-1 7.56531E-2
3.20965E1 7.26191E1 6.2239E1 6.83893E1 6.68751E1 6.01402E1 3.25965E1 5.64001E1 4.8322E1 3.02728E1 4.32353E1 3.68131E1 1.94711E1 4.40379E1 1.63494E1 2.05351E1 3.05957E1 2.0561E1 1.68428E1 1.35294E1 7.54659E0 3.89474E1 1.07076E1 1.06476E1 4.74136E1 2.30057E1 2.92156E1 1.1823E1 1.32648E1 2.15611E1 6.40979E1 6.40135E1 6.19515E1 5.98246E1 6.0971E1 5.71863E1 5.8779E1 5.65978E1 5.25581E1 6.99326E0 1.29071E1 1.57378E1 1.47305E1 2.68705E1 3.43995E0 2.05727E0 1.95761E0 1.63675E0 3.2105E0 1.69008E0 1.01999E0 8.79272E0 2.81319E0 1.07946E0 6.36781E-1 7.586E-1 3.55523E-2 1.28169E-1 1.03814E-1 5.19806E-1
4.69199E1 4.90208E1 7.6966E1 6.90658E1 3.63254E1 2.19702E1 5.11672E1 4.87859E1 4.05758E1 4.5375E1 5.33662E1 4.32105E1 4.84857E1 2.67453E1 4.92756E1 3.78056E1 3.28613E1 2.77375E1 1.22046E1 1.29027E1 1.70322E1 3.81569E1 1.01459E1 1.05187E1 3.69088E1 4.20775E1 3.4585E1 2.18903E1 8.45108E0 1.92433E1 2.08668E1 1.40276E1 1.17949E1 1.17089E1 1.91624E1 3.49065E1 1.77629E1 1.71266E1 7.48918E0 1.85263E1 2.21539E1 3.51137E1 3.21032E1 2.14113E1 1.10154E1 2.91794E1 6.57659E0 3.26951E0 1.637E0 1.56256E0 7.34192E0 9.87757E-1 2.02967E0 5.99014E-1 2.77376E0 4.24292E-1 4.17356E-1 1.36893E-1 6.47177E-2 1.97382E0
3.81241E1 2.35544E1 2.16469E1 7.69983E1 2.61729E1 2.27523E1 3.40369E1 4.02887E1 3.98835E1 4.52077E1 6.70888E1 2.68856E1 3.21772E1 5.80811E1 1.54105E1 1.7037E1 1.79692E1 2.67897E1 3.63472E1 1.4922E1 2.30634E1 2.37834E1 4.96513E1 4.56372E1 7.03787E0 1.20261E1 1.24217E1 5.94862E1 4.99313E0 1.80836E1 3.99005E1 4.06396E1 2.95171E1 2.70493E1 2.04265E1 4.92694E1 3.09267E1 2.22444E1 4.51203E1 1.22643E1 1.84055E1 6.83482E0 9.64808E0 1.23443E1 3.19372E1 2.6703E1 4.72208E0 1.95603E0 9.8289E0 9.37072E0 4.95758E0 3.7518E0 3.86463E0 1.95776E0 1.92991E0 1.72855E0 1.57397E0 1.90021E-1 9.15292E-2 6.01953E0
2.57608E1 4.34733E1 2.91767E1 6.84995E1 1.96875E1 4.13679E1 4.16892E1 4.42489E1 2.21033E1 3.66931E1 6.56644E1 5.01421E1 4.86343E1 1.72771E1 9.03424E0 1.82974E1 2.70735E1 2.00173E1 3.9862E1 2.95181E1 9.60041E0 8.2859E0 9.17149E0 3.55658E1 4.29039E1 4.06904E1 6.53697E1 3.53337E1 6.94988E1 4.34622E1 1.46159E1 1.97601E1 1.63774E1 1.64257E1 5.24299E1 2.80957E1 4.55039E1 4.64135E1 2.77072E1 4.07789E1 3.85039E1 3.49112E1 5.58526E0 4.29797E1 3.88805E1 3.58781E1 3.38201E1 3.23749E1 2.50646E0 1.60101E0 2.16751E0 1.99661E0 2.76405E0 5.51843E0 6.58802E0 2.46399E0 1.20144E-1 1.52594E-1 1.99267E0 1.35284E1
5.00648E1 4.63264E1 4.37873E1 8.30043E1 4.70189E1 4.97544E1 4.74067E1 3.60421E1 5.08741E1 3.15266E1 6.64487E1 3.62318E1 4.23895E1 2.63763E1 1.94872E1 4.34476E1 3.61382E1 1.42351E1 1.88309E1 3.04299E1 3.64042E1 2.83549E1 4.51183E1 2.04376E1 1.10296E1 5.83998E1 4.02385E1 2.61737E1 1.90343E1 5.73319E1 6.06276E1 5.97278E1 5.9826E1 5.52207E1 4.34069E1 3.66388E1 2.47842E1 3.6267E1 2.86069E1 3.18174E1 4.98647E1 4.72976E1 4.4867E1 1.52343E1 4.01922E0 2.91746E0 3.11521E0 2.93006E1 2.67474E1 7.44915E0 2.16741E0 2.08222E0 6.50086E0 7.37436E0 8.18601E0 2.89988E0 8.02355E-1 3.1977E-1 6.54198E0 1.6363E1
-9999 6.14907E1 4.40386E1 4.21449E1 7.36184E1 4.23226E1 3.73215E1 7.2368E1 6.7395E1 6.8295E1 6.23358E1 5.97607E1 5.52143E1 4.52569E1 3.18323E1 4.69418E1 4.97602E1 3.35708E1 3.47608E1 3.12371E1 3.89512E1 2.39809E1 1.10708E1 2.91449E1 1.55353E1 1.29783E1 3.75337E1 4.28235E1 1.90632E1 1.28196E1 1.23174E1 3.7031E1 1.21296E1 1.49085E1 3.26876E1 5.37142E1 3.82669E1 2.46313E1 3.25802E1 5.19341E1 2.23123E1 1.9199E1 1.60671E1 1.23307E1 1.33404E1 1.16075E1 1.08311E1 8.68307E0 7.15469E0 1.79809E0 3.70576E0 1.4647E0 3.21219E1 3.7368E1 8.19959E0 1.47081E0 1.64899E0 2.52812E0 1.5937E0 1.53317E1
-9999 -9999 -9999 7.48676E1 3.38028E1 6.15449E1 6.31327E1 2.88186E1 3.77554E1 4.13832E1 4.30745E1 3.61144E1 4.75505E1 3.40241E1 2.96304E1 5.62512E1 1.82778E1 1.69954E1 1.70682E1 2.40606E1 4.24338E1 2.76767E1 1.89503E1 8.37159E0 3.7973E1 1.79794E1 3.72135E1 2.64567E1 2.45646E1 3.88163E1 2.09364E1 3.72302E1 2.92426E1 2.50404E1 2.16531E1 3.71887E1 2.69423E1 2.33211E1 5.35925E1 2.61529E1 3.42967E1 3.04181E1 1.46007E1 1.60428E1 1.13936E1 2.89445E0 2.22575E0 7.40414E0 5.80949E0 8.3737E0 7.17239E0 2.62773E1 5.42443E0 1.91742E1 6.01859E0 1.95142E0 2.51642E0 6.993E0 2.43886E1 2.57868E0
-9999 -9999 -9999 -9999 5.67424E1 4.28878E1 5.26528E1 2.35446E1 4.5672E1 5.07512E1 3.55106E1 4.53713E1 3.3245E1 3.7461E1 5.68048E1 4.55292E1 3.06676E1 1.43173E1 1.52949E1 3.45246E1 1.69194E1 3.13757E1 3.51764E1 9.75816E0 3.36742E1 2.94501E1 4.72712E1 3.71201E1 3.49368E1 2.94293E1 2.45711E1 2.1951E1 3.3027E1 1.87995E1 4.56864E1 3.76231E1 3.60837E1 5.57659E1 2.38842E1 2.07839E1 3.7156E1 1.65299E1 4.52361E1 1.3661E1 1.23494E1 1.18437E1 5.44376E0 2.72611E0 1.04242E1 1.93806E0 3.33049E1 6.48392E0 1.03758E1 4.26228E0 3.05753E0 4.79588E0 1.27931E0 8.16321E0 8.96294E-1 1.87383E0
-9999 -9999 -9999 -9999 -9999 5.5998E1 4.12832E1 4.76499E1 5.39413E1 3.36693E1 4.623E1 2.98889E1 4.17994E1 5.60235E1 4.56122E1 5.58097E1 3.46173E1 4.4236E1 1.2353E1 6.36426E0 1.65332E1 2.45152E1 3.91606E1 2.04717E1 2.38293E1 3.36482E1 3.61973E1 4.07467E1 3.96225E1 4.56302E1 3.71038E1 4.5989E1 2.4435E1 1.96345E1 9.51266E0 3.14806E1 2.93256E1 5.78633E1 2.38614E1 3.36284E1 4.26652E1 2.02806E1 4.76743E1 4.0653E1 3.64741E1 1.31106E1 4.14368E0 3.45533E1 7.28425E0 3.60338E1 6.46246E0 2.61052E1 1.08824E1 5.20007E0 8.41339E0 4.19844E0 4.70557E0 9.83766E0 1.64804E1 1.47689E1
-9999 -9999 -9999 -9999 -9999 -9999 4.54262E1 4.50012E1 4.53357E1 3.31906E1 5.20927E1 4.25964E1 3.3144E1 5.81627E1 4.84549E1 3.8367E1 4.96852E1 1.78425E1 1.55703E1 5.66741E0 4.22532E1 3.21695E1 2.6125E1 1.29376E1 2.30113E1 3.01735E1 3.48764E1 3.70645E1 2.80878E1 4.71721E1 3.62772E1 4.65499E1 5.00072E1 9.59187E0 8.84345E0 1.05567E1 5.71113E1 2.25725E1 2.66557E1 5.35343E1 2.72763E1 3.14227E1 5.26065E1 1.82728E1 1.43392E1 1.18011E1 3.83394E1 1.21058E1 4.50837E1 4.16406E1 3.16776E1 -9999 -9999 -9999 -9999 -9999 -9999 -9999 -9999 -9999
-9999 -9999 -9999 -9999 -9999 -9999 -9999 6.25246E1 5.6103E1 5.42723E1 3.96103E1 3.7492E1 6.15804E1 3.57086E1 4.1618E1 3.10009E1 2.75917E1 3.20916E1 5.87811E0 1.82976E1 1.55317E1 3.98622E1 2.0271E1 2.39198E1 4.7325E1 3.74594E1 3.7127E1 2.87847E1 2.05278E1 1.81668E1 8.42192E0 4.76612E1 5.47976E1 1.6001E1 9.54799E0 3.91365E1 2.60675E1 5.70761E1 4.78968E1 3.31905E1 2.87932E1 5.449E1 2.21241E1 7.85526E0 2.18355E1 5.63111E1 5.48445E1 5.41905E1 -9999 -9999 -9999 -9999 -9999 -9999 -9999 -9999 -9999 -9999 -9999 -9999
-9999 -9999 -9999 -9999 -9999 -9999 -9999 -9999 -9999 4.5663E1 6.1046E1 6.1117E1 4.2151E1 4.68227E1 2.51882E1 2.19862E1 4.87791E1 2.32048E1 5.16078E1 1.54609E1 3.50553E1 2.07252E1 4.41717E1 3.24131E1 1.8806E1 7.97505E0 3.84489E1 3.85576E1 2.37232E1 8.85641E0 4.82713E1 8.17429E0 2.47381E1 9.33861E0 1.05827E1 4.07613E1 2.29584E1 6.22024E1 1.61365E1 3.42154E1 5.27209E1 5.68949E1 5.8403E1 2.47754E1 -9999 -9999 -9999 -9999 -9999 -9999 -9999 -9999 -9999 -9999 -9999 -9999 -9999 -9999 -9999 -9999
-9999 -9999 -9999 -9999 -9999 -9999 -9999 -9999 -9999 6.5722E1 3.46463E1 3.39228E1 4.59379E1 4.92184E1 4.38981E1 3.2038E1 5.41492E1 5.61327E1 3.70476E1 4.29143E1 1.27903E1 3.60546E1 5.23986E1 1.59131E1 2.52336E1 3.77983E1 6.2943E0 3.79377E1 4.54107E1 2.12011E1 2.01108E1 2.50284E1 1.60499E1 1.41916E1 1.36094E1 4.73042E1 2.90807E1 6.45838E1 2.02201E1 4.2353E1 6.31086E1 1.69307E1 3.75054E1 -9999 -9999 -9999 -9999 -9999 -9999 -9999 -9999 -9999 -9999 -9999 -9999 -9999 -9999 -9999 -9999 -9999
-9999 -9999 -9999 -9999 -9999 -9999 -9999 -9999 -9999 -9999 4.82493E1 4.55918E1 3.86713E1 4.99119E1 4.72034E1 4.99719E1 2.75553E1 4.95791E1 5.13039E1 1.47163E1 5.2441E1 1.55102E1 1.01185E1 3.2521E1 3.79798E1 2.08065E1 1.92828E1 1.45503E1 2.06097E1 1.79224E1 6.3144E1 3.85226E1 1.27185E1 1.20541E1 9.02405E0 2.43033E1 6.2358E1 2.46987E1 4.39978E1 3.88503E1 6.80637E1 -9999 -9999 -9999 -9999 -9999 -9999 -9999 -9999 -9999 -9999 -9999 -9999 -9999 -9999 -9999 -9999 -9999 -9999 -9999
