outputallcorrectTI_nofloodareas_nofloodcontrols_verynarrow_STATUSquoNewLandUse/flood.asc
ncols         319
nrows         495
xllcorner     219017.22331753
yllcorner     4610852.5305323
cellsize      500.0
NODATA_value  -9999
[rows 432 to 458 of 495, columns 180 to 239 of 319]
7.41789E1 2.04741E1 2.95455E1 2.85849E1 2.37653E1 4.54996E1 5.00389E0 6.98644E0 1.14047E1 9.3952E0 3.10464E1 1.03551E1 2.26953E1 9.99182E0 9.16335E0 1.54491E1 2.9784E1 3.22732E0 6.31048E0 2.611E1 2.17527E1 4.48189E0 1.69201E0 6.65811E-1 7.72701E-1 7.54694E-1 5.25169E-1 4.70933E-2 1.0478E1 5.91157E-1 4.65048E-2 1.35974E-1 2.55055E-2 2.30669E-2 3.06037E-2 1.68227E-2 5.44277E-2 3.79325E-3 9.94333E-3 2.05454E-3 7.20298E-3 1.5592E-1 6.46537E0 1.98017E0 7.15964E-1 2.70177E0 1.1008E1 4.55561E-2 5.56295E-2 8.62497E-2 1.56719E-1 3.06026E-1 7.5692E0 1.75129E-1 1.4161E-1 9.50916E-2 1.15044E-1 1.05489E0 1.06928E1 2.28475E0
7.50176E1 3.87514E1 3.05742E1 3.99642E1 9.11533E0 4.12485E1 2.70566E1 1.12448E1 1.36498E1 1.80984E1 2.59031E1 5.69188E1 2.54584E1 1.96598E1 5.63629E0 1.32351E1 2.25054E1 2.60736E1 3.806E1 2.87347E1 1.24941E1 1.04552E1 8.73916E0 2.1073E0 7.16918E-1 6.23859E-1 9.62803E-1 1.33332E0 1.53035E1 8.83169E0 9.09042E0 2.31753E-1 9.25447E-2 1.90351E-2 2.54882E-2 1.32471E-2 1.98879E-2 9.90242E-3 1.56605E-2 2.52997E-2 3.52685E-2 1.64375E-2 7.73141E0 1.88337E-1 1.31339E-1 1.71323E0 1.06993E1 1.04657E-1 5.36935E-2 5.30865E-2 3.28799E-1 7.98355E-2 1.38659E-1 8.60469E-2 1.08256E-1 1.67616E-1 1.18773E-1 6.15158E0 1.29034E0 1.55267E1
3.54626E1 8.77419E0 4.36961E0 2.9426E1 3.04671E1 3.11435E1 4.67218E1 2.05501E1 1.39353E1 1.76475E1 1.68991E1 4.50347E1 1.39535E1 1.16883E1 7.7034E0 5.03556E0 6.06456E0 4.25338E1 2.17435E0 3.543E1 1.99288E0 2.75649E0 1.72181E0 1.74774E1 1.0199E1 1.33555E0 1.87362E1 1.4274E1 5.57355E-2 8.86206E-2 1.24334E-1 3.72082E-1 2.91701E-1 1.99767E-1 6.17039E-2 3.82154E-2 3.34226E-2 1.34184E-2 2.74942E-2 4.77755E-3 1.65053E-2 5.14445E-2 5.80683E0 3.07543E-1 1.49866E0 7.22033E0 1.55098E-1 1.53778E-1 4.84211E-2 5.43565E-2 2.85559E-1 1.03462E-1 1.19893E-1 7.81365E-2 1.59654E-1 2.17155E-1 3.04578E0 2.06725E-1 1.99761E0 2.34035E1
7.5258E1 1.83592E1 4.52886E1 4.25805E1 2.79099E1 2.88786E1 4.45907E1 3.11024E1 2.08065E1 1.66798E1 7.42426E0 1.01428E1 5.20456E1 1.05832E1 1.5906E1 3.32771E0 7.18858E0 5.91928E0 8.83549E0 3.37545E0 3.60273E1 1.52905E0 1.21356E0 1.74779E0 2.27048E0 1.93044E1 5.522E0 7.80227E-1 5.16235E-1 6.69302E-2 4.81262E-1 6.06245E-2 3.72674E-2 4.14901E-2 5.42429E-2 8.93075E-3 7.88831E-3 6.5211E-3 1.03764E-2 2.01927E-2 7.65476E-3 4.24532E-2 2.79457E-1 1.93538E-1 1.94136E0 2.51351E0 4.87937E-2 9.39765E-2 8.64797E-2 5.4505E-2 1.41382E-1 3.67856E-1 1.85703E-1 7.21861E-2 7.70049E-2 5.14257E-2 9.45635E-2 9.09585E-1 9.34642E0 1.37849E0
1.94822E1 8.24758E1 5.37562E1 5.15597E1 3.02319E1 1.85921E1 4.88578E1 3.84469E1 2.85985E1 2.45338E1 1.48008E1 2.45082E1 2.13725E1 2.96623E1 5.97526E0 2.78789E0 3.68184E0 1.64999E1 8.57831E0 5.55722E0 5.21889E0 4.19188E1 2.42228E1 3.16754E1 1.40276E1 1.12327E0 1.18819E0 1.83343E0 8.00684E-1 1.0778E0 9.61167E-1 5.78769E-1 1.862E-1 3.97639E-2 2.23884E-2 1.6004E-2 2.78937E-2 6.12265E-2 6.83335E-3 5.43315E-2 5.9886E-3 1.26594E-2 1.78482E-1 7.73859E-2 1.12308E-1 2.09781E-1 7.66589E-2 8.11392E-2 3.67053E-2 6.7626E-2 3.29354E-2 2.63961E-2 9.10706E-2 3.65443E-1 2.67546E-1 2.94668E-1 4.55667E0 7.66859E0 1.54418E1 7.80479E-1
2.10732E1 5.57776E1 8.34032E1 5.83896E1 4.8289E1 4.3175E1 6.87242E1 6.45311E1 6.29014E1 6.31059E1 1.63382E1 1.12361E1 7.63232E0 2.0727E1 2.31034E1 1.14533E1 1.19054E1 2.72793E0 1.15558E1 7.03826E0 2.03123E0 3.25147E1 3.19437E0 2.52018E0 1.47678E1 4.42686E0 2.19434E0 1.42916E0 6.49387E0 1.00518E1 9.5751E0 2.16497E1 5.85545E0 6.80023E-2 4.91095E-2 2.75523E-1 1.47569E-1 2.01257E-2 5.22921E-3 2.30756E-2 1.11257E-2 3.68138E-3 5.33348E-2 4.13653E-2 3.27637E-2 4.44662E-2 5.43115E-2 7.07192E-2 2.63716E0 1.38442E0 4.04414E-2 1.55351E0 8.81333E-2 2.63704E-2 3.75107E-2 4.5252E-2 7.71761E-2 2.89429E0 6.14381E0 1.13868E-1
5.02893E1 5.79034E1 6.00785E1 8.28264E1 7.62897E1 7.07228E1 1.9547E1 8.87711E0 4.06752E1 1.09319E1 6.21111E1 1.2443E1 6.51103E0 1.22342E1 1.02944E1 8.36717E0 1.03738E1 3.31663E0 5.13928E0 3.10274E0 3.29195E0 5.34755E0 3.70324E1 7.11457E0 4.50404E0 6.21295E0 4.90892E0 2.81045E0 2.23248E1 4.58386E-1 5.67896E-2 7.37293E-1 5.82003E0 7.59938E-2 4.65946E-1 2.66555E-1 1.39523E-1 1.67625E-2 5.34556E-3 8.64557E-3 1.73523E-2 3.95732E-2 1.12929E-1 7.35988E-2 5.50579E-2 6.65456E-2 6.12226E-2 1.96311E-1 3.83122E-2 1.07069E1 4.38114E-1 6.44332E0 1.15536E0 7.09002E-2 1.68184E-1 3.04629E-2 2.48281E-1 1.01518E-1 5.93366E-1 9.74856E-2
4.73394E1 4.71466E1 5.71251E1 7.06063E1 7.26869E1 4.58132E1 1.76016E1 6.66794E0 9.55625E0 3.83637E1 1.08988E1 6.04713E1 5.70571E1 5.72314E0 1.1529E1 1.75705E1 1.23104E1 4.70333E0 8.70226E0 5.15185E0 3.32418E0 2.42672E0 6.37692E0 3.56691E1 1.5036E1 3.43106E1 3.14116E1 2.81601E1 1.64439E0 5.97589E-2 7.44097E-2 6.05735E-2 1.01274E-1 6.32279E-1 4.5848E-2 2.45803E-2 3.5328E-2 3.15593E-2 1.27852E-2 9.76449E-3 6.25585E-2 1.24589E-1 1.7373E-1 4.23219E-1 2.88982E-2 4.01008E-2 5.54724E-2 2.48925E-2 1.55667E-1 1.81183E0 9.11286E0 1.43969E1 5.34533E-1 3.35757E-2 8.94726E-2 7.3304E-2 1.58348E-1 6.24537E-2 6.70965E-1 2.47238E-1
4.37029E1 4.12656E1 5.3194E1 6.72565E1 4.88315E1 6.493E1 2.87579E1 1.0602E1 8.92815E0 3.408E1 1.01077E1 4.66593E1 6.37506E0 2.71863E1 2.26367E1 3.93283E0 2.0706E1 1.31199E1 2.57785E0 1.49856E1 1.53972E0 1.64734E0 2.69533E0 2.41528E0 5.15195E0 2.32248E0 2.38487E0 2.08996E0 1.80776E0 7.48496E-1 4.90998E-2 6.74945E-2 4.5843E-2 7.18106E0 1.88055E-1 3.32755E-2 1.19658E-2 1.28947E-2 3.14399E-2 2.33043E-2 1.70883E-2 2.69074E-2 6.79767E-2 4.89884E-2 4.80505E-1 2.89763E-2 3.34921E-2 2.25002E-2 6.12273E-2 5.73308E-1 1.29306E1 1.60853E0 5.47435E-2 3.57652E-2 1.51556E-1 7.9481E-2 1.44696E-1 5.06163E-2 5.57182E-1 6.88198E-2
4.01578E1 3.28507E1 4.76466E1 6.14211E1 4.23637E1 2.34182E1 5.61847E1 2.43762E1 6.42548E0 3.01253E1 1.60546E1 1.82058E1 4.85447E0 6.68931E0 1.82756E1 1.91048E1 2.98823E0 2.54007E1 1.48031E1 6.36093E0 3.55733E1 1.06657E1 2.49252E1 2.87572E1 1.89088E0 5.55017E0 1.18661E1 2.43217E0 8.98954E0 3.49194E0 1.93325E0 4.67288E-2 7.416E-2 3.03634E-1 2.40237E-2 3.53952E-2 1.02409E-2 2.43571E-2 2.11591E-2 9.74512E-3 3.18735E-2 1.39818E-2 7.39184E-2 3.11775E-2 1.96635E-1 3.33641E-1 2.75637E-2 5.63231E-2 2.83881E0 6.07969E-1 1.32787E1 1.2993E0 3.57524E-2 7.96619E-1 1.34467E-1 4.69966E-2 2.73144E-1 1.30227E-1 3.26221E-1 1.05756E-1
3.54521E1 1.22021E1 1.62108E1 5.59889E1 3.51239E1 2.00256E1 4.54837E1 4.5511E1 1.54052E1 1.20787E1 3.38242E1 8.15896E0 1.66225E1 2.42468E0 3.05156E0 1.3373E0 1.59487E0 7.95168E0 1.58877E1 8.69383E0 4.90083E0 8.51978E0 1.59072E0 2.83746E0 2.52418E1 2.28053E1 1.88155E0 2.11561E1 3.10656E0 1.50136E0 9.90619E-1 6.94002E-2 7.10322E-2 1.07792E-1 4.25819E-2 2.36577E-2 2.64839E-2 8.7876E-3 1.34339E-2 9.74641E-2 3.72435E-2 4.45192E-2 1.05687E-2 1.30496E-1 3.39689E-1 5.09117E-1 8.66482E-2 7.60375E-1 9.63114E0 6.59017E-1 1.37836E1 1.04475E0 4.50517E-1 5.78018E0 9.13474E-1 6.93174E-2 1.26369E-1 1.11503E-1 2.1634E-1 1.24312E-1
2.70762E1 2.27132E1 3.67782E0 2.18315E1 3.28406E0 6.35656E0 2.00714E1 1.03699E1 4.15404E1 1.12426E1 2.15998E1 7.23385E0 8.09744E0 1.61372E1 2.32718E0 2.64469E0 4.93928E0 2.92074E0 1.03221E0 3.3971E1 3.87257E1 5.01783E0 8.12668E0 2.16761E0 5.11092E0 1.10369E1 2.75881E0 2.11663E0 2.09423E1 7.02369E0 4.46934E0 1.81453E0 2.10755E-1 5.28992E-2 1.16046E-1 1.31857E-1 1.04195E-1 5.02434E-2 3.56967E-2 4.27012E-2 1.93731E-1 5.46901E-2 9.56995E-3 4.46612E-2 8.87861E0 8.65326E-2 1.68964E-1 5.43412E-1 9.53682E-1 1.06718E1 1.75814E1 1.86951E0 1.17527E1 4.11736E0 1.07169E0 1.62613E-1 7.06568E-2 4.03661E-2 5.78738E-2 4.66822E-2
1.24351E1 3.52222E1 4.18793E0 4.70145E1 4.65572E1 4.21126E1 5.73741E0 2.16185E1 8.82303E0 4.33437E1 4.11847E1 1.50843E1 5.97351E0 1.60368E1 2.82781E0 8.5377E0 2.30984E0 7.58156E0 1.44788E0 4.10289E0 7.34458E0 3.5933E1 7.69951E0 1.77145E1 1.24182E0 4.29496E0 4.22271E0 1.03807E0 2.01018E0 7.57611E-1 3.89667E0 5.90533E-2 5.44203E-2 1.20413E-1 3.04577E-1 2.00234E-1 2.0736E-2 2.59936E-2 2.91158E-2 8.32714E-2 1.70606E-1 3.34762E-2 6.28647E-2 1.17809E-1 8.36523E0 6.0388E-1 7.96196E-2 5.113E-2 7.20756E-1 5.69454E-1 1.47085E0 1.32682E1 9.4859E0 7.67793E-1 4.58779E-1 9.61208E-2 5.69872E-2 1.38455E-1 3.81102E-2 9.00535E-2
3.53978E0 1.07352E1 2.04095E0 5.98969E0 4.74996E1 1.0467E1 3.98947E1 8.9083E0 7.25907E0 1.58438E1 1.24048E1 1.44458E1 5.73097E0 9.91074E0 1.51372E1 2.34046E0 3.60094E0 2.7061E0 9.22518E0 1.701E0 2.32759E1 3.16448E0 2.86346E0 3.6437E0 8.33318E0 2.9442E0 2.38761E0 6.32427E0 1.19996E0 1.00465E0 8.54361E-1 1.12916E-1 1.38531E-2 1.20022E-1 5.72165E-2 4.75652E-1 6.60734E-2 2.16514E-2 1.51069E-1 1.09336E-1 1.8005E-1 3.11388E-1 1.97628E-2 2.36195E-1 4.47985E0 8.1063E0 5.03946E-1 1.68265E0 1.62134E0 6.55546E-1 9.2769E-1 1.7661E1 8.29363E-1 6.3739E-1 5.21314E-1 1.42437E0 5.83206E-1 1.36629E0 4.08476E-2 5.00839E-1
2.44456E0 9.83564E0 2.11322E0 1.85958E1 3.03138E1 3.66121E1 6.20815E0 3.60606E1 3.31359E1 9.16307E0 1.57811E0 9.68268E0 3.7823E1 1.20404E1 6.63695E0 1.31623E1 3.07207E0 2.68625E0 5.68066E0 1.50833E0 1.30043E1 2.26886E1 3.68179E0 6.95796E0 8.47318E0 1.71623E0 7.37901E0 1.90975E1 1.66397E1 5.4816E0 1.37865E0 9.17245E-2 3.93782E-2 7.74756E-2 9.48803E-2 5.72176E-2 4.13635E-1 9.41825E-2 4.45629E-2 1.39318E-2 8.15123E-2 3.55895E-2 2.53347E-1 1.49162E-2 1.15956E-1 1.15627E1 1.5721E-1 9.83117E-1 6.13275E0 3.19277E0 1.64592E0 1.43387E1 1.3425E0 1.33774E0 1.57676E0 3.88846E0 1.59978E0 4.12929E0 8.90929E-1 5.35419E-1
7.50584E0 2.33635E1 1.39154E1 2.59047E1 2.78682E1 5.33089E0 3.45667E1 3.23966E0 5.8568E0 1.02287E1 5.51507E0 5.26838E0 2.3032E1 3.47482E1 6.58261E0 1.13999E1 1.87348E0 2.02873E0 2.65465E0 1.06147E0 6.73133E0 2.14643E1 2.31429E0 2.72106E1 3.98474E0 8.98728E0 1.4336E0 1.3376E0 1.13735E0 2.70513E0 3.85826E-1 7.96276E-2 5.24818E-3 9.0762E-2 5.58376E-2 5.85557E-2 2.05642E-1 7.46496E0 7.39854E-2 4.03887E-2 1.37798E-2 5.11808E-2 1.34317E-2 3.64179E-2 8.27647E-1 1.80937E1 1.07899E0 6.48535E-1 2.52409E0 9.24801E0 1.7003E1 2.60609E0 2.99164E1 8.80409E0 1.10111E1 8.72691E-1 1.50057E0 8.60052E-1 9.47543E0 6.54146E0
4.82609E0 1.16651E1 1.41596E1 2.35793E1 2.47002E1 2.36749E1 3.01133E1 5.24692E0 2.43375E0 1.16722E0 1.02264E1 1.32228E0 2.03046E1 2.52584E1 3.01051E1 7.25348E0 1.24558E1 4.98643E0 5.40437E0 4.04368E0 4.11036E0 5.65644E0 1.96221E1 4.95515E0 2.14852E1 1.13286E1 5.60558E0 1.24454E0 1.58751E0 9.95583E-1 2.34554E0 2.63613E-1 1.07582E-1 2.23161E-1 8.84211E-2 1.23632E-1 9.2758E-2 9.28677E0 3.17135E0 1.63413E-1 4.02347E-2 1.67841E-2 7.8691E-3 3.92189E-2 8.87539E-1 1.36026E1 -9999 -9999 -9999 1.07183E0 1.49129E0 2.64854E0 1.47405E1 1.80813E0 1.27717E0 1.19157E0 2.16079E0 1.41233E0 1.66865E1 9.19818E0
3.15168E0 8.04425E0 1.05703E1 1.81054E1 7.00849E0 1.04967E1 2.57467E1 5.60967E0 7.00169E0 2.80314E0 2.44745E1 5.34635E0 2.45219E0 2.19234E1 2.57855E1 5.99363E0 9.61879E0 1.11057E1 3.98421E0 2.75213E0 5.70849E0 1.81978E0 2.94135E1 3.49456E0 9.34074E0 2.85075E1 6.70093E0 2.64816E0 1.20513E0 1.30023E0 1.82257E0 1.48078E0 6.54984E0 9.49342E-1 1.54259E0 5.01233E-1 8.55022E-2 9.11904E0 1.93433E0 1.11814E-1 4.50181E-2 1.98049E-2 2.08893E-2 5.09848E-2 9.70522E-1 -9999 -9999 -9999 -9999 -9999 1.24314E0 4.17093E1 2.41747E0 3.20931E0 7.32256E0 2.09258E0 1.06407E0 1.09188E0 1.51275E0 2.25862E1
2.73952E0 5.62212E0 7.76278E0 1.32041E1 1.29035E1 1.96304E0 5.29306E0 8.09827E0 5.84475E0 3.25691E0 2.35843E1 4.73484E0 1.27336E0 6.66442E0 2.20139E0 8.80765E0 5.28438E0 6.1539E0 1.11929E1 2.34763E0 3.97632E0 3.73385E0 3.26153E1 1.99582E0 3.3724E0 4.18046E0 2.06858E1 6.33108E0 5.35516E0 1.24827E1 3.62398E0 1.42861E0 1.50915E1 7.40505E-1 8.48171E0 5.51025E-1 7.72704E-1 7.46491E0 6.84219E-1 5.27674E-2 1.73249E-2 1.89942E-2 4.55208E-2 -9999 -9999 -9999 -9999 -9999 -9999 -9999 -9999 2.27396E1 4.17347E0 4.69102E0 7.74276E0 9.2646E-1 6.54637E-1 1.42874E0 8.44006E-1 9.59787E0
1.63852E1 2.04921E0 2.99728E0 2.46855E0 2.93678E0 1.02588E0 6.66081E-1 5.19305E0 2.20955E1 9.69194E0 1.69412E1 7.09924E0 4.2661E0 1.14953E0 1.75068E0 7.20795E0 1.78568E0 1.24704E1 5.46522E0 2.05876E0 3.18983E0 3.1077E0 2.43114E1 3.55748E0 4.57122E0 4.2673E0 5.6617E0 5.47262E0 4.04253E0 4.11504E0 3.12456E0 1.84033E0 6.81303E0 1.49625E0 3.73184E0 1.23533E1 6.69615E-1 8.96704E0 7.61998E-1 9.39274E-2 1.14588E-1 1.4775E-1 -9999 -9999 -9999 -9999 -9999 -9999 -9999 -9999 -9999 -9999 4.61254E0 1.03512E1 2.0577E0 1.25977E0 2.14286E0 1.07795E1 1.71909E0 3.46147E1
2.42609E0 3.27057E0 3.58556E-1 1.79939E0 2.00891E0 4.8266E-1 1.28457E0 8.00197E-1 1.80091E1 7.51555E0 4.25373E0 1.58201E1 1.50835E1 1.47462E0 4.18067E0 2.14257E0 3.03766E0 9.47822E0 2.16941E0 4.02027E0 1.50336E1 7.26282E0 7.72759E0 1.913E1 4.96247E0 5.49681E0 5.6046E0 7.63345E0 1.21456E1 7.51278E0 3.05588E0 7.90245E0 9.72818E0 3.55958E0 3.03603E0 2.02783E0 1.04793E1 2.17658E1 1.44613E0 1.30883E0 1.3265E0 2.40557E0 -9999 -9999 -9999 -9999 -9999 -9999 -9999 -9999 -9999 -9999 -9999 -9999 -9999 2.40465E1 2.46641E1 2.04689E1 1.93826E1 1.49798E1
1.35341E0 3.63701E0 3.89945E0 8.73334E-1 1.26729E0 4.83383E-1 5.32447E-1 1.76252E0 1.44411E1 1.85237E0 2.0026E0 3.42294E0 1.30383E0 2.43785E0 5.85865E0 1.32189E0 7.84044E-1 1.621E0 1.03118E1 2.31537E0 5.72149E0 9.85268E0 4.58044E0 2.3741E1 1.49176E1 6.78979E0 1.40525E1 9.18567E0 1.41519E1 1.45283E1 2.49217E0 6.46405E0 6.6961E0 2.44524E0 2.07047E0 5.32913E0 7.14967E-1 1.62961E1 2.49663E0 4.48262E0 1.295E1 -9999 -9999 -9999 -9999 -9999 -9999 -9999 -9999 -9999 -9999 -9999 -9999 -9999 -9999 -9999 -9999 -9999 -9999 -9999
6.58446E-1 4.87154E-1 1.44686E-1 1.16483E-1 1.71125E-1 4.9988E-2 7.00766E-2 7.06517E-1 8.33484E0 6.76002E-1 2.06416E0 2.03609E0 6.32041E-1 1.23574E0 4.93118E0 8.58698E-1 5.53193E0 1.30225E1 7.34589E0 1.98857E0 4.83774E0 2.99796E0 9.09452E0 4.96176E0 2.45517E1 1.96862E1 7.66089E0 6.70426E0 1.81717E1 5.45081E0 4.14909E0 4.2025E0 2.22431E1 1.47307E0 2.88158E0 6.93141E0 1.62812E0 2.13262E1 3.21734E0 1.25065E0 -9999 -9999 -9999 -9999 -9999 -9999 -9999 -9999 -9999 -9999 -9999 -9999 -9999 -9999 -9999 -9999 -9999 -9999 -9999 -9999
8.85537E-2 7.93145E-2 7.27469E-2 5.23115E-2 4.77735E-2 5.45659E-2 6.50444E-2 1.20319E-1 2.30639E-1 1.82553E0 1.80638E-1 8.88829E-1 4.0236E-1 2.06213E0 5.02272E-1 2.05335E0 3.01764E0 8.71709E-1 1.79848E1 1.84933E0 6.24196E0 5.48303E0 3.27377E0 2.36186E1 6.43001E0 7.9799E0 2.25966E1 6.27295E0 2.09843E1 5.93555E0 1.59292E1 6.57175E0 2.41257E1 4.32504E0 1.4179E0 5.53126E0 3.65406E0 1.17866E0 2.22048E1 -9999 -9999 -9999 -9999 -9999 -9999 -9999 -9999 -9999 -9999 -9999 -9999 -9999 -9999 -9999 -9999 -9999 -9999 -9999 -9999 -9999
1.06016E-1 1.69198E-1 1.33431E-1 8.17994E-2 7.88724E-2 1.93987E-1 4.9063E-2 8.32433E-2 5.42595E-2 1.68697E-1 4.70443E-2 1.94155E-1 2.88203E-1 1.72588E-1 4.01241E0 1.43338E-1 3.92813E0 7.63259E-1 6.13466E0 4.30456E0 1.00536E1 3.73167E0 1.22071E1 3.12823E0 6.6722E0 6.75042E0 1.05537E1 5.81203E0 1.49287E1 3.17916E0 1.86163E1 6.88038E0 1.86079E1 1.53042E0 1.48234E1 9.15852E0 4.00905E0 1.95163E0 -9999 -9999 -9999 -9999 -9999 -9999 -9999 -9999 -9999 -9999 -9999 -9999 -9999 -9999 -9999 -9999 -9999 -9999 -9999 -9999 -9999 -9999
2.31086E-1 1.01533E-1 1.85149E-1 1.74108E-1 1.92076E-1 5.37268E-2 8.19888E-2 9.96636E-2 6.68311E-2 6.46572E-2 4.1069E-2 6.3737E-2 2.62552E-1 2.89797E-1 1.92194E-1 1.66347E0 4.87829E0 1.52762E0 8.93369E0 2.55972E0 1.54174E0 2.03343E0 2.02273E1 8.54223E0 9.57512E0 5.08735E0 5.12179E0 1.27516E0 1.77055E0 2.53476E1 1.9804E0 9.66759E0 8.81966E0 2.58364E0 1.80758E1 1.998E0 7.69136E0 -9999 -9999 -9999 -9999 -9999 -9999 -9999 -9999 -9999 -9999 -9999 -9999 -9999 -9999 -9999 -9999 -9999 -9999 -9999 -9999 -9999 -9999 -9999
1.11939E0 7.38203E-1 3.77017E-1 6.66427E-1 4.08E-1 2.00444E-1 1.42584E-1 2.47699E-2 1.0486E-1 1.05429E-1 1.68273E-2 1.5047E-1 5.68743E-2 1.71814E-1 1.18422E-1 1.39832E-1 7.38472E-1 5.79105E-1 5.22941E0 1.63225E0 3.30366E0 9.80769E0 8.59639E0 3.66003E1 3.51321E1 4.42208E0 1.22891E0 1.53533E0 1.67043E0 6.08106E0 2.08215E1 2.81382E1 7.84424E0 4.90874E0 1.98767E0 1.96964E1 -9999 -9999 -9999 -9999 -9999 -9999 -9999 -9999 -9999 -9999 -9999 -9999 -9999 -9999 -9999 -9999 -9999 -9999 -9999 -9999 -9999 -9999 -9999 -9999
