outputallcorrectTI_nofloodareas_nofloodcontrols_verynarrow_STATUSquoNewLandUse/flood.asc
ncols         319
nrows         495
xllcorner     219017.22331753
yllcorner     4610852.5305323
cellsize      500.0
NODATA_value  -9999
[rows 243 to 269 of 495, columns 120 to 179 of 319]
1.99835E1 8.09491E0 5.99633E0 2.03779E0 6.74469E0 7.33766E1 9.57448E-1 1.84237E0 1.70089E0 5.51126E0 1.50422E0 1.64499E0 3.72256E0 5.23148E0 4.5931E0 7.193E0 2.14316E0 2.34784E1 4.90361E0 3.20401E0 7.42208E0 6.84331E1 1.74923E1 2.40171E0 3.43307E0 7.14252E0 2.16791E1 6.94093E0 5.4636E0 6.69823E0 3.93199E0 1.04165E0 2.68252E0 1.93011E0 5.99504E0 4.54722E1 2.83812E1 2.64983E1 2.03E1 6.37409E0 9.98998E0 1.65444E0 6.43278E-2 1.13996E-2 1.4991E-2 1.79287E-1 4.71764E-2 1.94205E-1 1.9922E-1 2.39492E-2 6.89048E-2 1.3911E-1 2.61644E-1 7.30072E-1 3.23468E0 2.18065E1 2.67241E0 1.02464E1 3.41653E0 3.81139E0
9.3389E-1 2.54191E1 1.17085E1 1.20743E1 7.62714E1 3.23454E1 5.17986E0 9.40863E-1 2.36363E0 1.08958E0 1.42004E0 9.56389E-1 2.99395E0 5.28076E0 3.33275E0 3.24323E0 1.75123E0 2.97174E0 4.28109E1 3.47099E0 2.41209E0 6.75903E0 7.38423E1 8.46269E0 5.76179E0 3.26488E0 6.2108E0 8.05E0 3.67916E0 4.96504E0 4.36317E0 5.29043E0 7.80627E-1 4.78103E0 1.22166E1 4.17678E1 6.27864E0 5.66858E0 2.85289E1 2.185E1 4.36679E0 4.82007E0 1.16528E-1 3.40307E-2 1.24178E-2 1.45682E-1 2.48796E-2 6.72112E-2 2.94771E-2 7.85893E-2 1.16072E-2 4.90586E-2 1.62977E-1 5.62376E-2 2.65598E0 7.14633E0 2.43769E1 4.94417E0 1.01627E1 5.29493E0
1.01909E0 1.0603E0 3.96064E1 7.35222E1 6.92234E-1 1.57464E0 3.17337E1 5.0716E0 6.12415E-1 1.19162E0 1.32857E0 1.5663E0 1.93648E0 1.44194E0 1.47381E0 9.42545E0 2.06917E1 2.65517E1 4.56224E0 2.6511E0 1.34122E0 4.16881E0 1.20987E1 6.44184E1 1.14069E1 4.78534E0 3.09711E0 5.25859E0 6.49253E0 1.89618E0 7.61338E0 3.09614E0 8.75853E0 5.22175E0 5.09857E1 3.85937E1 2.47638E0 6.60184E0 1.18451E1 8.42299E0 2.17641E1 2.13065E0 7.86162E-1 5.57294E-2 2.13042E-2 1.48661E-1 2.35001E-2 1.36044E-2 3.11284E-2 3.29241E-2 8.37801E-3 4.6076E-2 1.76033E-1 1.66222E0 7.29397E0 3.54459E0 3.75102E0 2.36355E1 2.52772E1 2.80992E1
1.69199E0 1.44221E0 4.28166E1 3.28479E0 1.16483E0 8.5045E-1 1.02127E0 2.99821E1 3.826E0 1.8342E0 9.9636E-1 5.57586E-1 4.65033E-1 5.72662E-1 3.96917E-1 1.48412E0 6.96414E0 3.16898E1 1.48887E0 8.58755E-1 1.10891E0 9.8151E-1 2.30625E0 5.38772E1 5.85904E0 3.73197E0 2.38219E0 2.99014E0 5.40357E0 1.00413E1 3.1654E0 2.61992E0 2.06351E1 2.46724E1 4.35131E1 5.92048E0 2.47699E0 6.97258E0 9.21528E0 4.90202E0 9.34217E0 2.2184E0 1.29152E0 8.51808E-2 3.20022E-2 3.34556E-1 2.70154E-2 6.15873E-2 2.72052E-2 3.61762E-2 6.64575E-3 5.76381E-2 1.72972E-1 1.16058E0 6.977E-1 1.06199E0 1.19568E0 6.37692E0 4.38811E0 6.60896E0
6.8663E1 8.57923E1 2.05927E0 7.71674E0 1.72681E0 7.21589E-1 5.68335E-1 3.37051E0 2.34234E1 6.67296E0 4.34613E0 5.89484E-1 1.6939E-1 6.26069E-1 8.68726E-1 3.74323E0 8.35853E0 3.72994E1 3.64762E0 1.96524E0 1.90219E0 1.61033E0 2.49441E0 2.61082E1 6.06915E1 2.72425E0 1.59824E0 2.51904E0 1.86674E1 2.29632E1 4.17617E0 3.89532E0 7.66263E0 3.16307E1 5.51361E0 7.07013E0 3.11631E0 3.62354E0 4.68917E0 1.19488E1 9.04617E0 7.41354E0 7.06188E0 7.41087E0 3.89953E-1 4.47233E-2 3.53541E-1 1.77235E-1 3.71401E-2 1.64117E-2 1.17821E-2 1.14609E-2 7.50922E-2 1.55572E0 1.15779E1 8.95996E0 1.71637E1 1.82264E1 2.16398E1 2.38795E1
6.20648E-1 2.64383E1 7.66044E-1 3.18827E0 1.3868E0 5.67447E-1 8.42693E-1 4.42837E-1 1.58955E1 1.0321E0 1.10039E0 1.24568E0 1.73205E-1 1.01446E-1 5.32946E-1 8.80866E-1 8.70597E-1 8.58825E0 2.70823E1 1.73323E0 2.2023E0 6.34897E0 8.08214E0 3.28218E0 2.53645E1 5.95499E1 9.83092E0 3.42917E0 2.75251E1 4.91061E0 7.82019E0 3.66999E0 6.31201E0 4.97508E1 2.53004E1 4.47535E0 3.07979E0 5.20817E0 3.00173E1 1.8386E0 1.32939E0 1.00087E0 6.31722E-1 4.91356E-1 4.88682E-2 6.29996E-2 1.94349E-1 5.85587E-2 2.06856E-2 1.03691E-2 8.45336E-3 1.64101E-2 8.9076E-2 1.82128E0 7.64437E-1 4.68018E0 4.84023E0 1.92748E0 3.51947E0 3.6877E0
1.46739E0 2.02839E1 5.70576E-1 7.62013E-1 6.42633E0 1.61945E0 8.39135E-1 4.9432E-1 1.77717E0 1.57642E1 9.68963E-1 1.32887E0 7.68428E-2 1.69097E-1 1.13594E0 8.25555E-1 5.40469E-1 1.6682E0 4.85149E1 2.23372E0 2.61884E0 1.03543E0 9.50243E-1 8.63301E-1 1.77463E0 7.93741E0 6.36851E1 6.18006E1 5.55391E1 5.37485E1 1.47852E1 9.7106E0 3.10371E1 9.17476E0 8.97844E0 5.32782E0 9.04094E0 4.4407E1 1.77027E1 3.21691E0 1.22046E0 1.03471E1 6.87542E0 5.12791E0 1.82863E0 2.68579E-2 1.66362E-1 3.04278E-1 1.7792E-1 6.29183E-2 1.78131E-2 3.89032E-2 6.96362E-2 4.89833E0 1.73372E0 5.16973E0 9.52289E0 1.10105E1 1.22556E1 2.77571E1
9.86314E-1 2.17393E1 5.32036E-1 5.98452E-1 1.42595E0 1.74675E0 1.38392E-1 3.47094E-1 8.48421E-1 1.89063E1 6.78506E0 2.38397E0 7.53157E-2 1.80869E-1 1.18041E-1 1.01061E-1 3.56298E-1 2.14159E0 9.74397E0 3.77414E1 2.096E0 1.77061E0 1.63921E0 9.86203E-1 7.97188E-1 2.26474E0 2.31006E1 3.14519E1 2.03329E1 1.32364E1 5.94777E1 5.75855E1 5.59704E1 5.63887E1 5.50958E1 5.20473E1 4.63604E1 1.78107E1 5.7583E0 3.06147E1 2.47114E1 5.26977E0 1.80681E0 6.17661E-1 5.63068E-2 1.18657E-1 6.51661E-2 1.51337E-1 3.36669E-2 3.15722E-1 5.72484E-2 1.14224E-1 2.3897E0 8.25984E0 1.58504E1 4.20018E0 4.43631E0 3.42164E1 1.55053E1 1.26817E1
4.57112E-1 1.92293E1 1.11353E0 1.05553E-1 1.58483E-1 1.24035E-1 6.63042E-2 1.24327E-1 3.81331E0 1.00118E1 1.4712E-1 1.47471E-1 1.80551E-1 4.56287E-1 1.343E-1 1.6286E-1 1.13486E-1 1.33412E0 1.42582E0 2.7933E1 1.8279E1 1.70445E0 1.51661E0 6.04244E-1 2.03574E0 1.29857E1 6.31205E0 2.23119E1 5.56477E0 7.06468E0 3.48435E1 7.28166E0 4.78457E0 3.61703E1 6.4015E0 3.158E0 2.07141E0 3.4357E0 1.32138E0 5.73212E0 3.01741E0 2.56602E1 7.40405E0 2.91312E0 1.67808E-1 8.16369E-2 5.62283E-2 9.59997E-2 1.32169E-1 2.21583E-1 3.21375E-1 3.77239E0 4.5844E0 1.30576E1 1.7574E1 1.97445E1 2.46673E1 2.51454E0 2.86699E0 1.11829E0
6.60262E-2 6.43047E-2 5.95821E0 7.73348E-1 1.02393E-1 2.70364E-1 1.0203E-1 1.43786E-1 2.13407E-1 7.1841E0 2.59166E0 1.50878E-1 3.22329E-1 4.84862E-2 1.60682E-1 9.32966E-1 1.51984E0 1.64696E0 1.91277E0 2.67068E1 3.06877E0 8.65348E0 7.13403E-1 1.06863E0 2.26347E0 2.45252E0 1.35619E1 5.85387E0 9.69654E0 2.3967E1 3.12731E0 2.44051E0 5.65497E0 6.61332E0 3.88892E1 4.87789E0 2.05295E0 1.73347E0 2.2359E0 2.12453E1 7.3776E0 2.0817E1 6.63092E0 2.23813E0 1.54116E-1 9.50332E-2 6.87078E-2 1.039E-1 5.4515E-2 3.44044E-2 1.69407E-1 5.98619E-1 2.74795E-1 8.50896E-1 5.87882E0 2.19235E1 2.94721E0 1.41724E0 1.23786E0 1.10576E0
5.76108E-2 3.53615E-2 4.45981E-2 4.0685E-1 1.07872E-1 1.65089E-1 2.05818E-1 3.70749E-1 2.53176E-1 5.34766E0 2.21023E-1 2.06688E-1 1.66402E-1 6.48569E-1 2.61902E0 3.19796E0 1.6172E0 6.3537E0 9.804E0 2.35722E1 2.23609E0 6.46714E0 1.27832E1 9.54157E-1 5.76099E-1 3.02709E0 2.88307E0 2.94731E0 2.18223E1 2.08177E0 1.34526E0 2.3509E0 2.65197E0 1.05963E1 3.66224E1 9.71942E0 2.61619E0 4.45252E0 2.59241E0 1.24808E1 4.22224E0 2.46578E1 1.09844E1 7.46383E0 4.11972E0 6.54679E-2 7.58032E-2 6.52578E-2 1.16671E-1 2.2512E-1 1.62966E-1 4.6102E0 1.27835E0 8.33881E-1 1.84259E0 2.96936E1 8.32948E0 2.68418E0 2.06032E0 1.58282E0
4.49254E-2 5.14131E-2 2.19019E-1 2.09179E-1 1.05413E-1 1.03682E-1 3.75155E-1 2.76627E-1 2.70337E-1 5.43428E-1 2.41976E-1 2.98995E-1 2.34629E-1 6.24237E-1 1.40992E1 1.69893E1 2.48132E1 2.09563E1 1.17659E1 2.24636E0 1.98936E0 2.88367E0 5.84869E0 2.85534E0 1.55533E0 9.50875E0 2.57126E0 1.42183E0 6.35747E0 3.48092E1 1.01257E0 3.78561E0 1.99855E0 7.17389E0 3.14048E1 3.07877E1 2.87489E0 2.3441E0 2.24947E0 5.46795E0 8.71836E0 3.61524E0 1.87501E0 5.99223E-1 8.17744E-2 3.99187E-1 6.79974E-2 1.27541E-1 2.50195E-1 3.32079E-2 3.75927E-2 1.55194E0 1.91647E1 7.26722E0 5.48231E0 1.44368E1 2.20783E0 9.53961E0 5.53576E-1 8.77592E-1
5.20097E-2 4.69847E-2 1.48356E-1 7.66985E-2 7.47977E-2 1.27507E-1 2.58503E-1 1.25055E1 2.81903E0 1.89169E-1 1.64063E-1 2.21749E-1 1.6031E-1 1.03565E0 1.10436E0 1.58639E0 1.49456E1 1.71972E0 1.64873E1 1.2809E0 2.07998E0 2.37347E0 4.19282E0 1.19725E1 2.7403E0 2.30052E0 1.83447E0 5.49438E0 2.2669E1 4.52352E0 1.0313E1 2.34345E0 2.8609E0 1.75244E1 1.08306E1 2.24013E1 3.09897E0 2.25254E0 3.20317E0 1.02755E0 1.21973E1 3.84221E0 1.11269E0 4.90368E-2 7.50383E-2 3.42523E-1 8.56704E-2 1.26367E-1 5.46735E-2 2.04203E-1 5.38737E-2 1.67171E1 6.45219E-2 1.56888E0 1.01716E0 2.93362E0 1.34342E0 6.35881E0 4.78594E0 1.72664E-1
2.54655E-2 4.53342E-2 5.2938E-2 1.58727E-1 6.51932E-2 5.19376E-2 4.59386E-1 2.19206E-1 7.66197E0 4.60141E0 2.80119E0 1.80116E-1 1.44268E-1 7.85701E-2 4.30815E0 4.47903E0 1.10626E1 1.2841E0 1.93853E1 1.77879E0 1.32326E0 1.39188E0 2.7298E0 4.9312E0 3.89592E0 4.97018E0 1.08971E0 1.7155E0 5.25251E0 2.27158E1 3.83585E0 3.58589E0 1.55453E1 4.45182E0 1.32349E1 2.6689E0 6.93775E0 2.88665E0 1.46564E0 2.98798E0 3.45165E1 3.16957E0 2.30427E0 1.35385E-1 3.57708E-2 1.41071E-1 1.17039E-1 1.21981E-1 5.47022E-2 1.48004E-1 8.99246E0 9.80382E-1 5.9721E-2 2.09757E-1 5.10381E-2 2.4779E0 1.22249E0 5.48876E0 8.25022E-1 9.19084E0
1.6183E-2 5.93242E-2 4.26771E-2 7.2667E-2 3.46279E-1 4.42317E-1 9.12432E-2 2.61145E-1 1.34213E0 1.287E1 1.47531E0 1.55525E0 1.03785E0 1.26122E0 1.58939E0 5.90712E0 9.25988E-1 7.1925E-1 6.13163E0 2.08347E1 3.03E1 1.78603E1 1.30786E1 7.11101E0 1.22888E1 1.43729E1 2.60848E0 1.28116E0 1.66669E0 1.89929E1 2.88611E0 3.08262E0 2.07139E1 2.14466E0 6.72418E0 6.15176E0 6.77104E-1 3.14662E0 7.76613E0 6.58993E0 3.53375E1 2.37319E0 3.37264E-2 2.42381E-2 3.40247E-2 5.53966E-2 7.51623E-2 1.05406E-1 2.02561E-1 3.13253E-1 1.23044E1 1.88545E0 3.79263E-2 1.64657E-1 1.05073E-1 9.5121E0 2.45056E-1 1.25075E1 8.16107E-2 1.39301E-1
1.02848E-1 8.0794E-2 3.73432E-2 2.2536E-1 3.31561E-1 9.76712E-2 6.80398E-2 5.35607E-2 9.0204E-2 1.5475E1 1.86703E0 1.50601E0 3.92408E0 2.78291E0 1.2733E0 1.59738E0 6.48828E-1 7.82686E-2 1.20138E0 4.99015E-1 1.78653E0 1.60312E0 2.4719E0 3.66822E0 2.36773E0 9.67215E0 1.36987E1 3.51143E1 1.71967E1 8.79618E0 1.56198E0 9.97069E-1 4.97125E0 1.37807E0 2.99325E0 4.70608E0 2.05386E0 1.01737E0 5.14085E0 4.79135E0 3.63989E1 2.67058E0 3.59941E-1 6.78827E-2 3.16123E-2 1.25062E-1 8.64907E-2 4.05624E-2 1.21618E-1 2.92136E-1 1.56174E-1 1.31571E1 3.58018E-2 2.18097E-1 1.53764E-1 4.30126E-1 1.71128E-1 4.69558E0 1.29329E-1 4.17047E-2
6.2712E-2 6.30191E-2 4.85202E-2 1.93486E-1 1.66436E-1 1.2508E-1 5.35156E-2 9.64976E-2 1.43022E0 1.81503E1 2.05892E0 2.12401E0 1.20602E1 3.24548E0 1.05215E0 2.44211E-1 2.28683E-1 3.05589E-1 1.92015E-1 2.27706E-1 2.03124E-1 7.81367E-2 9.40423E-1 3.51835E0 2.78933E0 1.15579E1 2.59132E0 1.85409E1 6.97523E0 6.66697E0 6.66425E0 3.03021E0 3.57001E0 3.82767E0 2.33664E0 2.3719E0 1.06593E0 1.13317E0 1.75862E0 2.87994E0 1.31997E1 1.25442E1 1.90339E0 7.32055E-2 4.13098E-2 1.27596E-1 2.26862E-1 1.62045E-1 2.13652E-1 3.38379E-1 1.4184E-1 5.20272E-1 1.47804E-1 1.48399E-1 7.45011E-2 1.68825E-1 3.14152E-1 5.46982E-2 2.04204E-2 1.03496E-1
1.98435E-2 6.70548E-2 4.24316E-2 2.80609E-2 8.34086E-2 5.62034E-2 1.15914E-1 7.77785E-1 2.38773E0 2.55484E1 2.17774E1 3.77606E0 1.48349E1 3.85424E0 7.86358E-1 1.60222E-1 3.45542E0 1.47202E-1 1.60781E-1 9.76996E-1 1.57468E0 2.20916E0 1.31944E0 5.40626E0 8.86117E0 3.59188E0 8.8439E0 1.83227E1 2.89053E1 7.74206E0 4.55661E0 1.49656E1 1.6086E1 1.64719E1 5.58223E0 1.64835E1 2.71156E0 2.5521E0 1.82076E1 5.43971E0 3.72701E1 1.90705E1 3.15061E0 6.11543E-2 3.01153E-2 2.42776E-1 8.05991E-2 5.31472E-2 3.16669E-1 3.74099E-1 4.71546E-2 3.12586E-1 3.09634E-2 1.14359E-1 5.52176E-2 2.35992E-1 1.09408E-1 1.24062E-1 2.94396E-2 9.68791E-2
5.52059E-2 1.54975E-2 2.8956E-2 2.17821E-2 2.58023E-2 1.36332E-1 1.65886E-1 7.18638E0 3.33738E0 2.98798E0 1.02925E1 2.90492E1 3.60082E0 3.08492E0 1.53982E0 8.17095E-1 5.46461E0 1.17037E0 2.42137E0 1.67627E0 8.01661E0 3.00646E0 1.76516E0 1.92143E0 1.78804E0 2.10062E0 1.06727E1 1.48422E1 3.45567E0 2.10658E1 2.44234E1 1.76475E1 1.33985E1 4.49984E0 1.12267E1 8.9328E0 5.81684E0 9.28473E0 4.45219E0 1.29724E1 3.64571E1 6.07665E0 7.90091E-1 1.87587E-1 1.11041E-1 2.03893E-1 9.37878E-2 2.66044E-1 7.91703E-2 2.21705E-1 3.28488E-2 1.8508E-1 2.42834E-1 4.14488E-2 7.84712E-2 2.48395E0 7.40156E-2 3.31855E-2 8.73917E-2 5.58631E-2
1.23005E-1 6.32771E-2 1.11988E-2 1.31603E-2 4.71038E-2 6.45813E-2 2.72354E-1 1.19978E-1 1.20614E-1 2.06584E0 3.91536E0 5.0325E0 2.25661E1 2.69459E0 1.56363E1 1.23355E1 1.63141E1 8.92068E0 2.28658E0 1.07633E1 1.66102E0 2.06542E0 2.91717E0 1.17566E1 6.46625E0 2.00132E0 2.84754E0 3.21909E0 4.0623E0 8.65461E0 5.63647E0 9.90796E0 3.9541E0 4.86129E0 1.16379E1 4.51464E0 1.53719E0 2.78655E0 2.15389E1 1.9227E1 3.16388E1 1.60495E0 3.78142E-2 3.42469E-2 3.65286E-2 2.43643E-1 1.28252E-1 3.92345E-2 4.37907E-2 8.19821E-2 7.90494E-2 1.40576E-1 9.0654E-2 7.16865E-2 1.73981E-1 6.53092E0 1.10766E-1 1.41198E-2 1.13352E-1 2.06751E-1
1.78928E-1 1.24155E-1 1.07684E-2 1.70193E-2 4.38582E-2 1.78681E-1 3.02092E-1 8.13526E-2 1.05431E-1 2.29118E0 4.30398E0 3.56945E0 6.21069E0 3.1412E1 1.15609E1 4.3217E0 5.5102E0 4.3304E0 3.93384E0 1.92763E1 1.45408E1 8.31301E0 9.42711E-1 1.06837E1 3.53682E0 3.68308E0 4.68399E0 5.72344E0 3.89406E0 3.8768E0 7.92556E0 8.68945E0 5.47949E0 6.92268E0 7.71457E0 1.61555E0 9.80803E0 1.45688E1 3.99289E0 2.47418E1 1.74125E1 2.13327E1 1.67354E0 1.19606E-1 8.58689E-2 5.50568E-2 6.96376E-2 6.36069E-2 1.31849E-1 3.97185E-1 1.68867E-1 5.28548E-2 2.42299E-1 7.98478E-2 7.47447E0 7.18739E0 2.59982E-1 8.37605E-2 2.65777E-2 8.68506E-2
7.57802E-2 3.43073E-2 4.46204E-2 2.57795E-2 2.32916E-2 3.70128E-2 2.10425E-1 3.37677E-2 1.22678E0 5.14641E0 1.33329E1 1.4553E1 3.37222E1 6.02128E0 3.88233E0 6.4621E0 4.99967E0 2.80844E0 1.2419E1 2.40767E0 3.27364E0 2.22674E0 1.21616E0 9.70327E0 4.11823E0 2.47448E0 1.11337E1 5.15767E0 2.73192E0 1.04989E1 1.41918E1 8.48456E0 6.7949E0 5.26433E0 3.2073E0 1.37622E1 1.05754E1 5.37084E0 1.6052E1 4.56197E0 9.51842E0 2.10124E1 1.53939E0 1.43883E-1 1.71282E-1 7.20027E-2 8.2607E-2 7.96813E-2 1.99173E-1 1.72244E-1 3.4946E-1 4.5164E-2 8.38329E-2 6.23286E0 2.14924E1 8.68291E-1 7.51478E-2 6.85731E-2 1.50173E-2 2.73748E-2
1.13965E0 4.3144E-2 2.4707E-2 2.01572E-2 1.48757E-1 3.13765E-2 3.21518E-2 4.89508E-2 3.81703E0 7.53751E0 2.09361E0 2.40005E0 3.20965E1 2.42464E0 5.76644E0 3.72034E0 6.04912E0 1.10023E1 1.68472E0 5.28797E0 2.27096E0 1.43145E0 2.49317E0 6.62419E0 1.57466E1 3.45133E0 1.76761E1 2.53294E0 2.40333E0 1.67947E1 3.1581E0 7.70006E0 6.59138E0 6.38734E0 5.84173E0 1.71722E0 2.04657E0 4.26808E0 2.12544E1 3.00286E0 6.20658E0 6.68467E0 2.53709E0 2.50511E-1 2.00987E-1 2.78024E-2 5.68023E-2 1.18036E-1 1.15056E-1 4.03764E-2 5.42809E-2 3.28702E-1 2.61177E0 7.36437E-2 2.07373E1 5.12796E-1 1.29326E-1 2.11985E-2 1.112E-2 9.75333E-3
5.83627E-1 9.59963E-2 2.47482E-1 1.47432E-1 3.07696E-2 1.87039E-2 6.34213E-2 2.38362E-1 8.4572E-2 2.46442E0 7.28212E0 1.09778E1 1.50015E1 2.50588E1 2.95632E0 2.75647E0 9.58489E0 8.31688E-1 9.69752E-1 1.24207E0 1.72899E0 5.03102E0 4.83997E0 4.69579E0 3.85718E0 2.21477E1 5.05159E0 6.97106E0 3.36087E0 1.98924E1 1.27052E0 2.68874E0 1.7072E1 4.19719E0 3.5342E0 4.38798E0 3.32592E0 3.73442E0 1.174E1 3.12526E0 3.28505E0 5.90659E0 2.40337E0 1.35064E-1 3.97665E-2 1.35116E-1 3.19305E-2 3.97754E-2 3.87685E-2 4.05565E-2 2.32516E-2 2.50375E-2 2.10244E-2 2.95246E0 2.19578E1 7.56896E-1 3.11592E0 3.0403E-1 2.43085E-1 2.76032E-2
2.22216E1 2.03754E0 3.79549E-2 2.80463E-2 2.5481E-2 2.10913E-2 1.11355E-1 4.16314E-2 5.30599E-2 1.18985E0 6.70232E0 1.0262E1 2.2499E0 2.96703E1 2.22557E0 1.80972E0 7.90995E0 8.30069E-1 4.50809E0 3.68628E0 2.09489E1 4.83892E0 6.5233E0 1.12359E1 5.0221E0 2.2667E1 1.48675E1 5.90896E0 1.54112E1 7.55494E0 2.14503E0 1.61048E1 1.64837E0 1.62781E0 4.20033E0 6.19983E-1 9.67635E-1 7.75295E0 2.04257E1 2.3583E0 2.34261E0 5.20231E0 4.76364E-1 1.69715E-1 9.01828E-2 2.68962E-2 2.11024E-2 2.07101E-2 1.61955E-1 4.68004E-2 2.0698E-2 5.65019E-2 4.06233E-2 6.19716E-2 1.97319E1 8.97375E0 6.09187E-1 4.75123E-2 3.03072E-2 8.2114E-2
5.15035E0 1.1214E0 4.86231E-2 8.08668E-2 3.32573E-2 7.78963E-2 2.90915E-2 3.339E-2 1.01552E-1 1.22536E-1 3.98787E0 7.78569E0 1.42703E1 3.74892E1 4.00133E0 2.36807E0 1.00869E1 8.44698E0 1.09088E1 2.09756E1 9.87607E0 2.52625E0 1.88654E1 6.25706E0 4.92806E0 2.45573E1 1.90295E1 1.65811E1 2.06402E1 2.25709E0 1.73898E0 7.14762E0 2.4428E1 4.65896E0 1.83641E0 1.13563E1 1.29588E0 9.43066E0 2.4179E1 6.35644E0 1.68956E0 1.75728E0 5.6644E0 3.38825E-1 3.06407E-1 3.38266E-1 3.26416E-1 2.0678E-1 4.24615E-2 3.12961E-2 7.39001E-2 2.16141E-1 3.24037E-1 3.8045E-1 7.25157E0 2.59771E1 8.02224E-1 6.10095E-2 2.48563E-2 1.05088E-2
8.47142E-1 3.8896E0 1.95645E-1 3.35668E-2 4.71099E-2 3.33104E-2 2.86365E-2 8.09524E-2 1.00465E-1 2.1479E-1 9.12396E-2 8.34819E-1 1.58472E0 1.23102E1 2.60238E1 1.15922E1 2.90803E0 2.08932E0 3.14835E0 9.21194E0 4.7447E0 6.38263E0 2.00469E1 1.10283E1 2.4095E1 1.94608E1 2.60119E1 2.34368E1 1.62451E1 1.53651E1 7.17881E0 7.47303E-1 6.43081E-1 2.42155E1 2.68594E1 2.98226E0 2.89102E0 1.84427E0 7.17514E0 1.20386E1 3.17459E0 3.54965E0 6.36341E-1 2.64538E-2 1.55113E-2 1.75089E-2 4.55221E-2 3.86206E-2 7.68892E-2 1.23836E-2 1.12328E-1 2.48087E-2 2.52092E-2 1.14473E-1 2.35437E0 1.83544E1 1.22301E1 1.08632E0 7.0771E-2 3.26424E-2
