outputallcorrectTI_nofloodareas_nofloodcontrols_verynarrow_STATUSquoNewLandUse/flood.asc
ncols         319
nrows         495
xllcorner     219017.22331753
yllcorner     4610852.5305323
cellsize      500.0
NODATA_value  -9999
[rows 216 to 242 of 495, columns 240 to 299 of 319]
8.79386E-2 2.61672E-1 5.76694E-2 5.66801E-2 2.19772E-3 2.17366E-3 5.07215E-4 9.23054E-4 1.27365E-3 1.04776E-1 3.80505E-3 6.2269E-4 2.78421E-4 6.74597E-4 5.41058E-4 1.43188E-4 3.06544E-4 3.1736E-5 3.66707E-4 7.49211E-3 5.85134E-1 1.63081E-2 1.00394E-2 1.98292E-2 4.656E-3 1.58089E-1 6.90531E-2 2.29098E-2 4.36251E-3 2.81622E-4 2.83593E-5 1.07265E-5 2.28964E-4 5.97561E-4 1.45647E-5 1.78986E-6 4.48063E-5 2.01344E-4 2.12861E-3 1.53523E-4 8.58586E-4 4.50633E-3 2.73705E-1 -9999 -9999 -9999 -9999 -9999 -9999 -9999 -9999 -9999 -9999 -9999 -9999 -9999 -9999 -9999 -9999 -9999
1.02471E0 1.0717E0 2.45204E-1 1.19078E-1 4.58636E-2 5.87789E-3 1.28176E-3 7.05152E-4 1.10982E-2 1.48153E-2 1.49536E-1 2.44426E-3 5.34558E-2 1.40166E-2 4.06888E-4 8.7362E-5 2.06013E-5 1.7503E-4 4.33972E-3 1.12696E-1 4.77978E-1 3.91767E-2 5.19344E-3 2.28759E-3 3.258E-3 2.10812E-3 1.26002E-1 7.30011E-2 2.65109E-2 1.13382E-2 1.10563E-4 4.06157E-6 1.89728E-4 1.17516E-3 5.75235E-6 4.69481E-5 6.79055E-4 1.17838E-2 3.49008E-2 2.3946E-2 2.61201E-1 3.49489E-1 2.57407E-2 -9999 -9999 -9999 -9999 -9999 -9999 -9999 -9999 -9999 -9999 -9999 -9999 -9999 -9999 -9999 -9999 -9999
4.69129E-2 7.55153E-2 6.109E-1 3.59103E-2 6.80124E-2 2.15708E-2 1.67784E-3 1.52453E-2 3.09182E-3 6.43666E-2 2.14409E-1 5.92289E-2 9.73929E-4 1.62554E-3 3.38992E-3 1.97462E-3 3.52597E-4 1.43382E-2 5.8575E-2 7.3759E-3 2.69273E-1 3.78161E-1 1.62666E-2 1.50713E-3 1.33386E-3 1.68181E-3 1.71705E-3 8.98577E-4 9.03435E-4 9.66091E-4 3.34004E-4 2.18265E-5 2.08875E-5 1.17208E-4 3.62776E-6 3.11664E-5 4.64519E-3 1.73857E-4 1.69419E-3 3.6198E-1 1.04484E-2 7.13202E-4 4.24602E-4 7.3518E-3 -9999 -9999 -9999 -9999 -9999 -9999 -9999 -9999 -9999 -9999 -9999 -9999 -9999 -9999 -9999 -9999
4.30482E-2 1.72709E-2 1.02471E-1 6.56466E-1 1.79453E-2 1.40715E-2 2.94241E-2 2.55563E-1 5.79056E-3 5.82717E-3 2.39926E-1 3.24664E-3 1.26222E-3 5.96063E-4 1.54633E-3 7.8333E-3 4.03536E-2 2.35243E-3 6.61858E-4 7.68494E-3 3.20772E-1 2.87322E-3 3.13993E-1 2.34013E-1 6.79514E-4 3.83546E-4 3.33961E-4 1.68959E-4 1.66067E-4 1.04204E-4 5.16903E-4 8.16129E-6 2.01924E-6 1.09522E-5 1.68871E-6 6.15026E-4 7.41714E-5 4.92546E-4 2.34974E-2 3.26547E-1 5.34226E-4 1.00484E-4 3.11826E-4 1.07269E-3 -9999 -9999 -9999 -9999 -9999 -9999 -9999 -9999 -9999 -9999 -9999 -9999 -9999 -9999 -9999 -9999
2.07222E-2 1.85962E-2 1.03797E-1 4.15888E-1 5.96107E-1 3.95371E-1 2.67584E-1 8.33998E-3 2.00529E-1 1.62619E-1 1.78417E-2 5.65078E-3 1.42246E-3 5.57927E-2 2.52672E-2 1.98698E-3 3.42116E-3 9.40507E-4 1.41879E-3 2.43659E-2 2.8562E-1 1.1529E-3 1.08257E-3 6.67096E-3 3.09473E-1 2.25481E-3 4.73985E-4 2.82444E-4 2.11566E-4 9.27679E-5 6.95809E-5 5.98589E-5 2.1088E-6 9.73353E-6 6.94396E-5 1.90831E-3 2.24792E-3 1.37486E-2 1.7652E-4 3.04232E-1 8.50682E-4 4.80893E-5 2.9189E-5 4.73301E-4 -9999 -9999 -9999 -9999 -9999 -9999 -9999 -9999 -9999 -9999 -9999 -9999 -9999 -9999 -9999 -9999
2.17301E-2 1.63934E-1 1.33693E-2 2.57886E-1 3.34616E-2 4.88969E-1 8.34414E-2 9.17235E-3 4.89014E-3 1.94604E-3 2.00159E-3 2.7819E-3 1.42804E-1 4.10988E-3 8.39472E-4 1.05024E-2 6.75631E-4 1.78736E-4 2.08611E-3 2.65761E-2 2.61341E-1 5.94135E-3 4.50081E-4 2.36927E-4 2.39862E-1 2.34787E-3 7.48254E-5 7.98626E-4 5.81627E-4 3.36718E-4 1.24627E-3 2.13374E-4 1.99325E-6 7.3936E-5 1.02039E-3 1.39076E-4 1.49818E-5 3.11842E-5 4.40107E-3 2.42678E-1 4.65648E-4 3.92475E-5 2.92278E-5 3.31684E-4 1.4142E-2 -9999 -9999 -9999 -9999 -9999 -9999 -9999 -9999 -9999 -9999 -9999 -9999 -9999 -9999 -9999
1.60768E-2 6.7032E-2 1.97013E-2 2.18587E-1 1.1431E-2 2.87024E-2 5.22211E-1 3.87255E-2 7.9485E-3 3.24571E-3 5.72465E-3 1.05289E-1 5.72139E-3 4.59462E-4 1.34243E-3 1.53932E-3 7.72159E-4 1.02793E-3 3.98485E-4 1.70876E-2 2.39908E-1 3.66373E-4 1.88415E-4 5.23544E-4 3.87526E-4 2.45715E-1 5.04144E-4 1.8665E-4 2.96865E-4 2.71857E-3 1.51057E-2 1.06713E-4 4.45812E-5 3.29645E-6 2.79416E-5 1.95912E-6 3.26686E-5 8.37396E-4 2.35435E-1 2.0756E-2 6.88679E-4 6.97921E-5 2.33948E-5 3.92777E-4 4.26928E-2 -9999 -9999 -9999 -9999 -9999 -9999 -9999 -9999 -9999 -9999 -9999 -9999 -9999 -9999 -9999
1.38976E-2 7.78698E-3 7.73873E-2 3.96059E-2 1.73219E-2 1.55185E-2 6.15002E-2 6.28671E-1 1.01024E-1 8.88449E-2 3.13459E-1 1.38446E-1 1.62501E-2 4.84391E-3 7.53525E-4 2.24714E-3 3.48097E-4 1.91163E-3 3.69986E-4 1.35821E-3 2.19447E-1 2.22859E-3 7.25632E-5 7.08634E-5 3.19186E-3 2.01257E-1 1.90852E-3 9.9628E-4 4.08184E-4 3.59452E-2 6.21271E-2 6.13607E-3 2.22481E-4 1.37534E-5 1.82513E-5 1.0995E-6 2.20467E-5 3.48276E-3 2.01048E-1 1.41578E-4 2.43595E-4 7.04311E-5 1.22572E-5 5.67345E-4 2.39109E-2 -9999 -9999 -9999 -9999 -9999 -9999 -9999 -9999 -9999 -9999 -9999 -9999 -9999 -9999 -9999
1.30351E-2 1.63391E-2 4.14298E-2 1.98734E-2 7.60826E-3 5.77326E-2 3.52454E-1 3.59122E-2 5.59466E-1 5.71853E-1 2.11263E-1 5.25682E-2 4.43141E-3 1.4089E-3 2.91701E-3 3.17811E-4 1.97269E-4 7.40575E-4 4.21225E-4 1.84501E-3 1.35323E-1 2.21793E-4 6.09228E-5 1.09331E-3 3.85127E-3 2.9054E-4 1.956E-1 7.66485E-3 1.27924E-3 8.22706E-2 5.19758E-4 2.15996E-4 7.31058E-5 3.5759E-6 2.6071E-6 1.65043E-6 1.51507E-4 1.86643E-2 7.05448E-2 4.58976E-4 1.71963E-5 1.08375E-4 1.11345E-5 4.5684E-4 8.29807E-3 1.32199E-2 -9999 -9999 -9999 -9999 -9999 -9999 -9999 -9999 -9999 -9999 -9999 -9999 -9999 -9999
9.47636E-2 2.24038E-2 2.367E-2 9.5934E-3 6.57606E-2 6.44012E-3 3.51468E-1 2.59116E-2 1.41456E-1 4.19464E-1 4.78172E-1 3.12318E-1 1.94067E-1 7.71609E-2 3.00323E-2 1.36316E-2 1.9631E-3 2.91681E-4 1.06894E-3 4.14189E-4 7.09812E-2 4.48849E-4 2.11483E-5 6.4096E-4 1.12736E-4 3.75278E-5 8.51903E-2 2.49871E-1 1.09977E-1 3.36159E-3 3.65185E-4 2.76486E-4 1.14165E-4 2.18537E-4 8.70248E-6 2.82584E-4 4.04996E-5 9.40159E-4 3.21312E-2 8.48874E-6 2.02882E-5 1.08179E-5 4.82721E-5 1.56034E-3 2.0067E-3 3.82578E-2 -9999 -9999 -9999 -9999 -9999 -9999 -9999 -9999 -9999 -9999 -9999 -9999 -9999 -9999
2.95842E-2 3.70739E-2 1.60131E-2 1.42412E-2 7.81693E-3 2.12513E-2 3.28479E-1 2.01404E-2 3.68803E-2 3.55254E-1 2.39383E-1 4.31597E-1 7.7201E-2 7.07402E-3 8.22573E-4 5.17395E-4 3.27462E-4 1.24973E-4 2.47933E-4 2.59673E-3 4.92692E-4 9.55013E-3 1.04857E-4 1.6565E-4 1.32263E-5 1.24055E-4 8.96011E-2 7.13517E-2 2.53701E-1 6.82188E-3 1.88269E-3 1.20213E-3 2.32432E-4 1.82594E-3 2.27751E-5 1.18508E-5 1.89474E-5 5.71384E-5 3.69522E-2 4.82078E-6 4.68144E-5 1.95774E-6 2.73032E-5 2.46575E-4 2.7491E-2 5.97513E-2 -9999 -9999 -9999 -9999 -9999 -9999 -9999 -9999 -9999 -9999 -9999 -9999 -9999 -9999
2.05804E-2 8.00167E-2 2.30997E-2 2.00576E-2 2.61064E-2 7.36698E-2 2.9431E-1 2.12806E-2 1.74366E-2 2.19874E-1 3.50298E-2 1.2114E-1 3.52261E-1 1.08941E-2 7.26525E-4 7.54408E-3 3.10631E-3 5.90557E-4 2.92779E-4 3.18421E-4 1.19887E-4 2.63993E-2 4.52118E-5 1.87003E-5 1.45674E-5 7.98853E-5 1.04267E-1 7.10481E-2 2.4596E-1 1.65092E-1 7.97983E-3 1.63723E-3 3.06699E-4 5.04076E-3 1.80266E-5 5.96531E-6 1.9412E-6 5.12578E-4 1.59816E-2 2.23714E-6 2.06303E-6 7.51059E-5 2.97811E-3 1.68186E-2 6.6889E-2 2.2787E-1 -9999 -9999 -9999 -9999 -9999 -9999 -9999 -9999 -9999 -9999 -9999 -9999 -9999 -9999
1.71489E-2 1.04498E-1 7.8228E-2 1.23984E-2 1.13593E-2 4.2111E-3 2.96713E-1 2.69764E-2 9.76216E-3 1.41946E-1 1.6367E-2 3.2109E-2 3.50987E-1 7.84132E-2 2.24212E-2 5.03355E-4 2.37572E-4 2.73273E-3 1.35486E-4 1.99924E-3 3.67182E-3 1.4035E-3 1.65804E-4 3.96465E-5 2.66351E-4 9.47769E-2 3.67194E-2 7.96512E-3 2.24885E-1 1.16822E-1 1.66828E-1 5.95206E-2 4.31128E-2 6.53143E-4 1.96984E-5 1.95772E-6 1.52035E-6 1.29735E-3 3.17572E-3 1.86889E-6 4.84108E-7 3.30889E-4 1.95215E-5 4.67356E-3 5.8864E-2 2.65255E-2 1.79789E-1 -9999 -9999 -9999 -9999 -9999 -9999 -9999 -9999 -9999 -9999 -9999 -9999 -9999
6.39618E-3 4.17695E-2 9.97697E-2 8.46533E-2 1.93699E-2 5.11324E-3 2.9893E-1 1.82438E-2 1.63537E-2 5.67072E-2 8.85264E-3 1.05034E-1 3.52591E-2 2.02792E-1 6.02108E-2 2.06056E-2 5.21956E-3 9.90774E-5 1.32131E-3 1.67393E-4 2.36701E-4 1.08084E-4 4.66147E-3 6.32899E-3 1.23495E-1 1.10835E-2 4.8013E-3 1.54929E-3 1.80123E-1 1.22676E-1 1.32314E-1 1.74265E-1 9.02975E-3 6.75249E-4 2.18959E-5 9.63263E-7 1.13073E-5 1.05509E-5 2.3524E-3 9.14382E-7 1.58824E-6 9.61722E-7 1.59152E-3 4.00703E-4 2.2402E-3 3.73452E-2 8.13977E-2 -9999 -9999 -9999 -9999 -9999 -9999 -9999 -9999 -9999 -9999 -9999 -9999 -9999
2.38477E-3 1.91891E-2 2.94266E-3 1.90489E-2 1.31872E-1 2.82888E-1 3.0223E-1 3.80873E-2 8.20646E-3 2.92841E-2 1.59906E-2 2.02056E-2 6.2439E-3 2.24542E-2 2.25661E-2 4.84865E-3 3.867E-4 2.2761E-5 2.39638E-3 5.52552E-5 5.90451E-5 2.02444E-4 3.34692E-3 1.145E-4 6.39974E-3 3.60465E-3 2.83849E-3 4.63801E-4 1.87679E-1 1.22773E-1 1.70348E-1 1.32029E-1 1.31624E-1 1.34546E-3 4.83217E-5 1.81405E-6 1.94874E-6 1.42457E-5 1.00607E-3 4.76666E-7 2.50332E-7 7.41924E-5 9.65117E-7 9.98376E-5 5.49715E-3 3.09566E-2 5.0009E-3 -9999 -9999 -9999 -9999 -9999 -9999 -9999 -9999 -9999 -9999 -9999 -9999 -9999
1.36816E-2 1.2618E-2 6.25E-3 2.62816E-3 1.52954E-2 1.43687E-1 2.01829E-1 3.98455E-2 8.69953E-3 3.0821E-2 2.13437E-2 1.47847E-2 8.98284E-3 1.42234E-2 3.52755E-3 2.18497E-3 9.30549E-5 1.84912E-5 1.96406E-5 1.38048E-4 5.81415E-4 1.8056E-4 1.35613E-3 2.76698E-3 2.53062E-4 6.01143E-4 2.04055E-4 1.80761E-1 1.65992E-1 1.50475E-1 1.63843E-1 1.45657E-1 1.79363E-1 3.50181E-4 5.70332E-6 2.0269E-6 6.70052E-7 2.35891E-5 2.44133E-4 9.73122E-7 8.9E-8 1.87E-7 4.94115E-7 9.5072E-5 7.86394E-3 1.82436E-3 1.739E-3 1.61444E-2 -9999 -9999 -9999 -9999 -9999 -9999 -9999 -9999 -9999 -9999 -9999 -9999
1.29159E-2 9.14148E-2 2.36641E-3 4.99675E-3 3.82389E-3 8.29355E-2 4.05634E-2 2.21687E-2 5.41208E-3 3.86813E-3 4.2632E-3 3.50891E-3 4.31893E-3 1.56309E-2 6.47457E-2 1.35289E-3 2.70934E-4 6.0853E-4 1.339E-3 3.89521E-2 3.76055E-3 3.83371E-4 9.56631E-4 2.50259E-3 6.73691E-5 2.59841E-4 1.9157E-4 1.7554E-1 2.26835E-1 1.93654E-1 1.81215E-1 1.73691E-1 1.28164E-1 6.46473E-2 1.37995E-4 1.50673E-6 5.74621E-7 3.95197E-6 1.64281E-4 5.61783E-7 3.12001E-7 2.81681E-6 2.07524E-5 1.45367E-4 7.55864E-4 3.52029E-3 1.17276E-2 7.93458E-2 -9999 -9999 -9999 -9999 -9999 -9999 -9999 -9999 -9999 -9999 -9999 -9999
2.1308E-3 8.98059E-3 2.68946E-3 4.24548E-3 2.10098E-2 2.1222E-2 8.2459E-3 7.52007E-2 8.37351E-3 1.42543E-2 1.3541E-2 1.16327E-2 2.04598E-2 3.15862E-1 2.71821E-1 1.82912E-1 2.02285E-1 1.06261E-1 2.37102E-2 9.87961E-5 1.06311E-3 3.11001E-4 2.70897E-4 8.98659E-5 4.52065E-5 2.38682E-4 1.6726E-1 1.37548E-1 2.44042E-1 1.81503E-1 2.12314E-1 2.08514E-1 1.51312E-1 1.0819E-1 6.77952E-4 2.33998E-5 2.4516E-6 5.42916E-7 5.67763E-7 6.58557E-7 8.3804E-6 8.76973E-5 2.8112E-3 2.64421E-3 8.51351E-4 1.98448E-3 2.77984E-3 1.40852E-1 -9999 -9999 -9999 -9999 -9999 -9999 -9999 -9999 -9999 -9999 -9999 -9999
2.27369E-3 6.12773E-3 2.41989E-3 1.4177E-3 4.79711E-2 8.22388E-3 2.0341E-2 1.60274E-1 1.00306E-2 1.38865E-2 1.31762E-1 1.05129E-1 3.54562E-1 5.59997E-2 3.92437E-2 1.407E-2 1.41E-3 3.4679E-4 8.91849E-5 1.70485E-4 3.94231E-4 1.98482E-3 1.13275E-4 7.87059E-4 7.32686E-5 1.58127E-4 1.59816E-1 2.02529E-1 2.52531E-1 1.98867E-1 1.79167E-1 1.42789E-1 1.50384E-1 1.19853E-1 2.93779E-2 3.58392E-4 1.36149E-4 1.07381E-5 1.32282E-6 1.72002E-5 1.32415E-4 1.32912E-3 4.7543E-3 4.38208E-2 8.09071E-3 1.55396E-2 8.2113E-3 1.94889E-2 -9999 -9999 -9999 -9999 -9999 -9999 -9999 -9999 -9999 -9999 -9999 -9999
3.22714E-3 2.09797E-3 1.61747E-2 2.18484E-3 1.03071E-1 1.28632E-2 1.06154E-1 2.27272E-1 7.87813E-2 9.00749E-2 3.34772E-1 8.92616E-2 4.17215E-1 1.85839E-1 1.57407E-2 4.02808E-3 1.49115E-3 3.09837E-4 8.5298E-5 1.06337E-4 3.06177E-4 9.51073E-5 6.59346E-5 5.09771E-3 8.2726E-3 1.59729E-1 1.08209E-1 2.36787E-1 2.9605E-1 9.64879E-2 6.05079E-2 6.93076E-2 1.39446E-1 1.3213E-1 8.31445E-2 2.78122E-3 3.43094E-5 2.10972E-5 7.54555E-6 2.85842E-4 7.89772E-3 8.1826E-4 1.2252E-2 9.88514E-2 5.0014E-2 9.72461E-3 4.707E-3 1.46455E-2 -9999 -9999 -9999 -9999 -9999 -9999 -9999 -9999 -9999 -9999 -9999 -9999
2.35008E-3 2.36749E-3 4.75899E-2 6.93201E-3 1.83884E-2 2.76316E-1 4.7801E-1 5.07164E-1 4.63E-1 4.31966E-1 1.25986E-1 4.58019E-1 1.10106E-1 2.63465E-1 6.84189E-2 2.31749E-2 4.94961E-2 1.68468E-2 3.93864E-3 8.29321E-4 5.52198E-4 9.24081E-5 9.10594E-4 1.08653E-3 1.72371E-1 1.62391E-1 1.8209E-1 2.53638E-1 2.72128E-1 4.63099E-2 5.13039E-2 1.09208E-1 1.57934E-1 1.34599E-1 6.79401E-2 8.7966E-4 4.90428E-5 2.28252E-5 1.28809E-4 2.13294E-4 9.27459E-4 3.01419E-2 6.62366E-2 5.58729E-2 2.31681E-1 1.12246E-2 2.9088E-3 4.30887E-3 -9999 -9999 -9999 -9999 -9999 -9999 -9999 -9999 -9999 -9999 -9999 -9999
2.1848E-2 3.23375E-2 2.02615E-2 5.03907E-1 6.18314E-1 8.82566E-1 6.2612E-1 8.23993E-1 6.94263E-1 2.60949E-1 2.35745E-1 1.31658E-1 1.15701E-1 3.58007E-1 1.63918E-1 2.11102E-1 5.70647E-3 6.76065E-4 2.09676E-4 7.1212E-5 3.43292E-4 1.04803E-4 4.28458E-3 1.58308E-1 6.71948E-3 1.54503E-1 2.44998E-1 2.32302E-1 1.85927E-1 2.32231E-2 1.69932E-1 1.00546E-1 2.28002E-1 1.82491E-1 3.93482E-2 4.75013E-3 2.24884E-4 6.49439E-5 3.3E-4 2.57714E-3 3.16781E-3 1.75366E-3 2.28892E-3 2.01439E-1 2.256E-1 7.63635E-3 4.93484E-3 1.95588E-2 -9999 -9999 -9999 -9999 -9999 -9999 -9999 -9999 -9999 -9999 -9999 -9999
8.7924E-1 1.17609E0 8.34728E-1 3.113E-1 1.68345E-1 1.29874E-2 9.86443E-3 4.62729E-2 8.17926E-1 4.41858E-1 2.92383E-1 1.69642E-1 4.02666E-1 2.79111E-1 1.01254E-1 3.11074E-1 4.95892E-2 4.05336E-3 9.96802E-4 5.24055E-4 1.04508E-4 9.94616E-5 1.05482E-2 1.65874E-2 1.26983E-3 1.21842E-1 2.52429E-1 2.24644E-1 1.38633E-1 1.6972E-3 4.7497E-3 8.20387E-3 6.48493E-2 1.83237E-1 2.60386E-2 1.45715E-3 1.01388E-3 1.23533E-4 1.9121E-3 1.46168E-2 1.27261E-3 1.63193E-2 2.03673E-3 2.19157E-1 2.70503E-1 1.73024E-2 4.7867E-2 -9999 -9999 -9999 -9999 -9999 -9999 -9999 -9999 -9999 -9999 -9999 -9999 -9999
3.77917E-2 4.02156E-2 3.34081E-2 1.65754E-1 5.31475E-2 4.272E-3 6.52633E-3 7.31142E-3 2.25158E-1 1.06939E0 7.36051E-1 7.84401E-1 6.99898E-1 2.62251E-1 1.63994E-1 3.97951E-1 9.45649E-2 1.86899E-2 1.11553E-2 8.01278E-4 1.04105E-4 5.33232E-3 8.86065E-4 2.31139E-3 2.48093E-2 4.7553E-2 2.39671E-1 1.3516E-1 9.34201E-2 2.91375E-4 8.2023E-4 1.01528E-3 4.52076E-2 2.04395E-1 4.6498E-3 3.01539E-4 2.19729E-3 1.09406E-4 7.47827E-4 4.93366E-2 2.43193E-3 4.75501E-2 4.80068E-3 2.83337E-1 2.91841E-2 5.56977E-2 1.41697E-2 -9999 -9999 -9999 -9999 -9999 -9999 -9999 -9999 -9999 -9999 -9999 -9999 -9999
7.72407E-3 8.00869E-3 8.84922E-3 1.19181E-1 1.60171E-2 5.57689E-3 3.41405E-3 1.8887E-2 1.40997E-1 9.20154E-1 6.82173E-1 3.16889E-1 4.17346E-1 5.4222E-1 4.99654E-1 4.62421E-1 2.69286E-1 1.27642E-1 1.47055E-2 3.27436E-3 1.92775E-4 2.99794E-4 5.59709E-4 9.56612E-3 4.13658E-4 2.29516E-2 1.32555E-1 6.24933E-2 4.26163E-2 4.29954E-4 3.6525E-4 2.80789E-4 4.72207E-2 1.14873E-1 1.87904E-3 3.79088E-4 1.13464E-3 1.37292E-4 7.05937E-4 8.31327E-3 1.25907E-1 1.13212E-1 1.09593E-2 3.12825E-1 2.82635E-2 1.02001E-1 5.61936E-3 -9999 -9999 -9999 -9999 -9999 -9999 -9999 -9999 -9999 -9999 -9999 -9999 -9999
1.55148E-2 3.99114E-2 2.10007E-1 1.53565E-2 1.60098E-2 1.85673E-2 2.87456E-3 2.25832E-2 1.21969E-1 7.08245E-1 7.22603E-1 1.9327E-1 2.93387E-1 8.148E-2 5.44453E-2 2.46345E-1 3.50524E-1 1.49299E-1 3.95594E-2 7.40899E-3 2.55789E-3 1.10741E-3 8.51003E-4 2.22853E-2 1.102E-4 1.33383E-2 4.1787E-2 4.80055E-2 8.44476E-2 4.67139E-4 1.80895E-3 2.10254E-2 8.70517E-2 5.11219E-2 2.03356E-4 8.00132E-4 4.2867E-4 1.45788E-3 2.35112E-3 1.13319E-2 3.73561E-2 2.79998E-1 3.37354E-1 4.31322E-2 2.17348E-2 1.28019E-1 1.09034E-2 -9999 -9999 -9999 -9999 -9999 -9999 -9999 -9999 -9999 -9999 -9999 -9999 -9999
1.13161E-1 1.73305E-2 3.09473E-2 1.03793E-1 7.93159E-2 8.43053E-3 7.49081E-3 4.81871E-3 7.80414E-3 3.33807E-1 8.21671E-1 6.14187E-1 1.4484E-1 1.99016E-1 5.89682E-2 4.68864E-2 1.43766E-1 8.23323E-2 1.47513E-2 9.19513E-4 4.29163E-4 2.45548E-4 1.62892E-4 2.3782E-4 2.64234E-4 1.31356E-2 9.94174E-3 6.43451E-2 8.08925E-2 1.06207E-1 8.03328E-2 6.27861E-3 3.62618E-3 2.7509E-2 5.83525E-4 1.83129E-3 1.8332E-4 3.01648E-4 1.34707E-3 4.47741E-4 5.53539E-3 1.10365E-2 2.82824E-2 5.79433E-1 8.2894E-1 7.38037E-1 4.71497E-1 -9999 -9999 -9999 -9999 -9999 -9999 -9999 -9999 -9999 -9999 -9999 -9999 -9999
