outputallcorrectTI_nofloodareas_nofloodcontrols_veryspread/flood.asc
ncols         319
nrows         495
xllcorner     219017.22331753
yllcorner     4610852.5305323
cellsize      500.0
NODATA_value  -9999
[rows 189 to 215 of 495, columns 0 to 60 of 319]
-9999 -9999 -9999 -9999 -9999 -9999 -9999 -9999 -9999 -9999 -9999 -9999 -9999 -9999 -9999 -9999 -9999 -9999 -9999 -9999 -9999 -9999 -9999 -9999 -9999 -9999 -9999 -9999 -9999 -9999 -9999 -9999 -9999 -9999 7.82364E0 7.05411E0 6.1679E0 4.93701E0 2.24597E0 4.09163E0 1.72824E0 1.13495E0 1.12576E0 1.21264E0 6.1572E-1 2.94298E-1 2.66894E-1 6.86494E-1 8.23165E-1 5.7781E-1 9.77352E-1 1.08477E0 1.04592E0 2.08519E0 2.46288E0 1.47208E1 6.2555E0 1.76628E1 1.43063E1 2.02442E1 1.38866E1
-9999 -9999 -9999 -9999 -9999 -9999 -9999 -9999 -9999 -9999 -9999 -9999 -9999 -9999 -9999 -9999 -9999 -9999 -9999 -9999 -9999 -9999 -9999 -9999 -9999 -9999 -9999 -9999 -9999 -9999 -9999 -9999 -9999 -9999 -9999 4.17825E0 3.75974E0 3.18957E0 5.54119E0 2.76938E0 3.40752E0 3.92457E0 1.8021E0 9.07919E-1 7.27078E-1 4.1971E-1 4.74499E-1 4.26643E-1 7.22101E-1 6.49587E-1 5.68403E-1 1.04111E0 3.06186E0 4.50861E0 6.43382E0 1.27279E1 1.73752E1 3.43137E1 1.52854E1 1.99624E1 4.50899E1
-9999 -9999 -9999 -9999 -9999 -9999 -9999 -9999 -9999 -9999 -9999 -9999 -9999 -9999 -9999 -9999 -9999 -9999 -9999 -9999 -9999 -9999 -9999 -9999 -9999 -9999 -9999 -9999 -9999 -9999 -9999 -9999 -9999 -9999 -9999 -9999 7.73543E0 5.98828E0 2.69706E0 3.75598E0 6.7561E0 2.73795E0 3.26268E0 1.52491E0 7.02736E-1 3.97726E-1 2.97382E-1 5.13292E-1 5.96093E-1 6.77947E-1 7.05266E-1 9.91629E-1 1.28556E0 3.3186E0 5.28593E0 8.72517E0 1.08509E1 1.54132E1 3.1129E1 3.38961E1 4.15345E1
-9999 -9999 -9999 -9999 -9999 -9999 -9999 -9999 -9999 -9999 -9999 -9999 -9999 -9999 -9999 -9999 -9999 -9999 -9999 -9999 -9999 -9999 -9999 -9999 -9999 -9999 -9999 -9999 -9999 -9999 -9999 -9999 -9999 -9999 -9999 -9999 3.99598E0 3.58943E0 2.43871E0 6.98163E0 3.04595E0 4.91576E0 2.85592E0 1.37099E0 8.83807E-1 3.38097E-1 2.84836E-1 1.075E0 6.16899E-1 5.45889E-1 3.55751E-1 6.26775E-1 9.19785E-1 3.37068E0 7.53529E0 1.18893E1 1.40162E1 6.46072E0 3.31635E0 3.58051E0 1.73509E1
-9999 -9999 -9999 -9999 -9999 -9999 -9999 -9999 -9999 -9999 -9999 -9999 -9999 -9999 -9999 -9999 -9999 -9999 -9999 -9999 -9999 -9999 -9999 -9999 -9999 -9999 -9999 -9999 7.13228E-1 1.3108E0 2.44249E0 5.01645E0 4.35698E0 -9999 -9999 -9999 4.8316E0 7.33128E0 6.50864E0 4.75076E0 7.81191E0 4.04881E0 3.76251E0 1.38739E0 9.32245E-1 4.13711E-1 4.17546E-1 5.37547E-1 1.54528E0 4.75184E-1 2.30266E-1 3.52933E-1 5.98848E-1 2.27907E0 3.12252E0 4.16984E0 1.38967E1 4.14174E0 4.10858E0 3.67498E0 1.61168E1
-9999 -9999 -9999 -9999 -9999 -9999 -9999 -9999 -9999 -9999 -9999 -9999 1.51988E0 5.35596E-1 4.59464E-1 5.59308E-1 2.99039E-1 6.73445E-1 4.10846E-1 6.98492E-1 -9999 -9999 -9999 -9999 -9999 9.25991E0 1.25787E0 1.0894E0 9.63372E-1 1.93906E0 3.009E0 2.89812E0 3.08132E0 3.17347E0 3.58051E0 1.15964E1 1.57567E1 3.97084E0 3.33077E0 2.8232E0 6.89869E0 2.86415E0 2.07146E0 1.20777E0 1.08184E0 4.46426E-1 3.29297E-1 4.64962E-1 1.4067E0 3.86052E-1 3.47471E-1 2.61667E-1 4.26688E-1 1.0608E0 9.97514E0 9.26425E0 2.30676E1 9.60834E0 5.32205E0 5.17663E0 5.8352E0
-9999 -9999 -9999 -9999 -9999 -9999 -9999 -9999 -9999 -9999 1.57368E0 5.88316E-1 4.63451E-1 1.01702E0 1.77907E-1 2.11847E-1 1.85167E-1 4.12356E-1 2.82951E-1 2.84998E-1 4.67148E-1 8.43799E-1 3.59512E0 4.71046E0 5.51354E0 9.00002E0 3.32656E0 1.51176E0 1.18403E0 9.33115E-1 1.34149E0 2.38902E0 4.92158E0 4.99544E0 9.78078E0 5.30019E0 1.46096E1 1.24026E1 1.097E1 1.14738E1 9.88103E0 2.32537E0 1.98986E0 3.22043E0 1.45899E0 6.50554E-1 4.33111E-1 1.29791E0 1.25991E0 2.84683E-1 2.90205E-1 2.144E-1 4.17835E-1 1.6504E0 2.22889E0 1.75244E0 2.6737E0 4.91438E0 3.36882E1 3.61979E1 3.61367E1
-9999 -9999 -9999 -9999 -9999 -9999 -9999 -9999 6.2529E-1 4.33514E-1 4.61518E-1 1.26444E0 3.00868E-1 6.01499E-1 1.70761E-1 1.13721E-1 1.31264E-1 1.52578E-1 1.9569E-1 4.24127E-1 1.12774E0 2.34716E0 1.28964E0 2.21E0 1.31846E0 7.18279E0 1.05579E0 7.68145E-1 1.40524E0 1.15038E0 2.23516E0 3.07397E0 2.39249E0 7.44096E0 2.92937E0 4.16715E0 3.33996E0 9.18445E0 4.81002E0 2.38062E0 2.43086E0 9.85907E0 9.03015E0 6.23358E0 3.3128E0 1.76933E0 1.50249E0 1.09645E0 6.31632E-1 3.23584E-1 2.23181E-1 1.13587E-1 3.46952E-1 6.33209E-1 1.00967E0 7.19335E0 3.38806E0 4.38481E0 6.00018E0 2.13062E1 5.63285E0
-9999 -9999 -9999 -9999 -9999 -9999 -9999 2.97878E-1 1.17877E0 3.09179E-1 2.26404E-1 6.30653E-1 2.82201E-1 4.6723E-1 1.80245E-1 8.62172E-2 6.58262E-2 9.98894E-2 3.22288E-1 7.27015E-1 8.00926E-1 9.82411E-1 4.80327E-1 8.23838E-1 1.08085E0 6.41964E0 3.20925E0 2.23899E0 1.40005E0 1.15405E0 8.72359E-1 2.52583E0 6.49092E0 2.64021E0 2.04837E0 2.6746E0 4.32823E0 7.65583E0 2.17155E0 3.48907E0 2.19565E0 3.69794E0 1.49882E0 7.7936E0 1.37103E0 1.0159E0 5.45293E-1 6.93318E-1 3.01816E-1 2.98277E-1 1.67814E-1 1.48479E-1 3.01861E-1 1.39673E0 1.96347E0 6.21529E0 2.27899E0 2.35908E0 3.39963E0 5.17614E0 6.17575E0
-9999 -9999 -9999 -9999 -9999 -9999 3.5868E-1 2.47601E-1 3.9237E-1 4.99362E-1 1.84648E-1 2.4627E-1 4.10314E-1 1.21785E-1 2.92945E-1 1.22809E-1 4.91789E-2 1.2528E-1 1.10205E-1 1.7261E-1 4.4951E-1 2.81578E-1 4.24177E-1 1.00398E0 4.45588E0 1.35195E1 1.24998E0 1.43974E0 9.3646E-1 1.19554E0 1.551E0 5.70659E0 2.6595E0 1.35308E0 2.0906E0 2.7133E0 7.6647E0 2.40422E0 2.12262E0 2.22499E0 2.59423E0 1.32229E0 4.29773E0 5.26214E0 3.00319E0 1.35476E0 5.54467E-1 9.96664E-1 3.71989E-1 2.52751E-1 1.17752E-1 3.53429E-2 1.68679E-1 4.33935E-1 2.16809E0 1.2239E1 1.46318E1 7.58299E0 8.45126E0 1.10252E1 1.1493E1
-9999 -9999 -9999 -9999 -9999 4.75902E-1 3.49207E-1 1.82294E-1 1.98582E-1 3.90137E-1 1.29852E-1 1.29641E-1 2.75132E-1 6.79046E-2 6.98419E-2 1.6463E-1 4.99803E-2 7.41497E-2 5.43046E-2 4.47404E-2 2.38132E-1 4.38623E-1 8.68886E-1 1.83079E0 1.15464E0 9.21012E0 2.49335E0 9.62103E-1 9.73037E-1 1.39782E0 3.67383E0 1.60394E0 1.63481E0 2.95211E0 2.03039E0 4.69974E0 2.66303E0 5.97451E0 5.84905E0 2.30223E0 2.73701E0 1.13017E0 2.27717E0 9.64222E-1 2.41906E0 1.03901E0 9.32569E-1 4.40197E-1 2.76294E-1 1.77227E-1 8.56736E-2 3.63757E-2 5.41961E-2 2.07811E-1 7.47782E-1 2.41511E0 1.8125E0 2.98519E0 6.15473E0 4.30836E0 4.52929E0
-9999 -9999 -9999 -9999 6.09333E-1 3.63755E-1 1.93609E-1 1.44391E-1 2.10442E-1 2.36571E-1 9.57066E-2 5.77241E-2 2.02913E-1 6.54168E-2 4.94164E-2 6.31337E-2 3.61965E-2 3.73506E-2 5.5662E-2 1.27501E-1 4.8775E-1 1.09464E0 1.41267E0 5.84958E-1 1.24775E0 8.59366E-1 4.51133E0 1.38394E0 1.0584E0 8.86307E-1 2.33392E0 1.34712E0 1.35124E0 3.65861E0 5.68258E0 1.67737E0 1.93501E0 2.12734E0 2.36962E0 5.58073E0 1.98327E0 8.68526E-1 1.07922E0 6.84244E-1 8.50492E-1 2.38842E0 9.18526E-1 4.52179E-1 1.89672E-1 2.1049E-1 1.03525E-1 4.92104E-2 3.90731E-2 1.80453E-1 4.18515E-1 9.62336E-1 7.47279E0 3.33474E0 3.66007E0 4.49451E0 4.90856E0
-9999 -9999 -9999 6.56283E-1 1.88803E-1 3.20283E-1 1.41676E-1 6.64955E-2 1.10696E-1 1.19299E-1 4.95525E-2 7.27688E-2 5.98801E-2 3.59152E-2 1.96606E-2 3.02069E-2 2.31747E-2 1.72254E-2 4.67791E-2 1.14709E-1 8.75673E-1 7.60021E-1 3.98219E-1 8.84399E-1 7.01067E-1 5.92996E-1 4.21792E0 1.31024E0 8.27467E-1 9.64323E-1 1.32752E0 1.02258E0 1.56185E0 1.4297E0 1.09434E0 2.31238E0 9.32702E-1 1.08031E0 2.35187E0 5.05042E0 9.96445E-1 5.50277E-1 5.721E-1 6.15233E-1 7.99496E-1 1.45256E0 1.60892E0 3.66708E-1 3.70296E-1 2.45398E-1 1.76368E-1 3.34609E-2 2.25124E-2 1.45579E-1 5.07939E-1 1.11493E0 3.08003E0 5.60728E0 3.70181E0 2.46678E1 2.6861E1
-9999 -9999 1.61225E0 6.1951E-1 1.87998E-1 1.84061E-1 1.58792E-1 6.95113E-2 3.41628E-2 4.50885E-2 4.37339E-2 3.50025E-2 2.45101E-2 1.36686E-2 1.33112E-2 1.75171E-2 1.93907E-2 2.97276E-2 8.22915E-2 3.22687E-1 5.05579E-1 4.04117E-1 2.43644E-1 3.83648E-1 3.74418E-1 6.58028E-1 1.79293E0 8.56683E-1 6.31515E-1 6.80579E-1 7.04825E-1 8.01046E-1 9.50908E-1 6.44961E-1 7.92937E-1 7.49591E-1 1.54916E0 9.31727E-1 2.43558E0 5.40877E0 2.24556E0 7.93604E-1 3.67974E-1 4.95117E-1 8.41425E-1 5.62657E-1 8.45152E-1 1.12216E0 2.99465E-1 2.87647E-1 2.23244E-1 1.04105E-1 1.29116E-1 1.36452E-1 5.03971E-1 1.45227E0 3.00421E0 1.3114E1 1.87013E1 3.16325E0 5.91928E0
-9999 -9999 1.09038E0 8.58151E-1 1.92158E-1 1.53589E-1 5.18528E-2 2.21847E-2 1.44353E-2 1.06346E-2 1.07909E-2 7.81445E-3 1.4302E-2 1.2737E-2 1.0251E-2 2.10926E-2 2.08658E-2 5.15396E-2 1.10713E-1 1.33381E-1 1.8885E-1 1.76637E-1 1.76655E-1 2.74333E-1 3.38892E-1 8.19576E-1 1.67866E0 6.49621E-1 6.67798E-1 7.27507E-1 2.39675E0 9.20765E-1 5.32489E-1 4.21199E-1 3.38767E-1 5.77617E-1 1.43438E0 9.03927E-1 1.08259E0 4.12915E0 9.10089E-1 6.02686E-1 3.51571E-1 4.81807E-1 6.21924E-1 5.84673E-1 4.78336E-1 3.67382E-1 1.23541E0 2.78592E-1 1.89214E-1 1.71169E-1 1.93314E-1 2.89012E-1 5.59177E-1 2.01374E0 3.82511E0 1.10325E1 9.59611E0 2.18306E1 5.87401E0
-9999 4.06731E-1 5.07617E-1 2.4629E-1 5.45816E-1 1.84158E-1 7.802E-2 3.47591E-2 1.00319E-2 2.95484E-3 4.57236E-3 2.77515E-3 5.22231E-3 7.42573E-3 9.17194E-3 1.26492E-2 9.53465E-2 2.19172E-1 9.11633E-2 1.6049E-1 1.59907E-1 1.56044E-1 1.95958E-1 3.4225E-1 6.74795E-1 9.42619E-1 8.85353E-1 9.5329E-1 2.07302E0 6.39234E0 1.94214E0 1.41264E0 6.38327E-1 3.76002E-1 2.3616E-1 4.39602E-1 6.32487E-1 6.10361E-1 9.95394E-1 2.1401E0 1.26421E0 6.06579E-1 1.67828E0 1.78169E0 8.44938E-1 1.16345E0 3.31425E-1 3.35457E-1 7.03338E-1 2.93996E-1 2.97602E-1 2.22022E-1 1.84958E-1 2.91806E-1 6.18044E-1 1.36123E0 2.60549E0 4.0145E0 5.67316E0 7.55934E0 4.71895E0
-9999 2.15027E-1 1.2631E-1 1.70588E-1 1.76003E-1 6.70344E-2 2.54693E-2 1.15914E-2 3.68682E-3 1.89222E-3 2.07663E-3 1.8978E-3 2.15733E-3 4.60379E-3 1.19553E-2 1.93261E-2 1.56832E-1 6.97481E-2 5.59732E-1 3.55123E-1 9.57514E-1 3.65887E-1 1.73762E-1 1.74571E-1 2.58883E-1 3.96129E-1 7.27792E-1 5.81669E-1 2.2479E0 1.45848E0 9.08722E-1 5.66126E-1 7.49052E-1 2.97258E-1 1.59984E-1 2.01544E-1 4.27237E-1 6.08617E-1 1.7518E0 7.29348E-1 8.95946E-1 6.75767E-1 1.14796E0 6.20795E-1 8.80553E-1 1.78324E0 1.03547E0 3.67643E-1 3.84731E-1 3.27207E-1 1.8756E-1 2.57081E-1 2.54954E-1 5.89461E-1 6.47239E-1 7.99515E-1 1.31579E0 2.2038E0 3.04987E0 8.66087E0 2.92722E1
-9999 4.92079E-1 9.15713E-2 4.97499E-2 2.31988E-2 1.06883E-2 6.06866E-3 2.89563E-3 3.81076E-3 6.50556E-4 5.46794E-4 4.9847E-4 1.36027E-3 2.26133E-3 9.69035E-3 3.47031E-2 6.90233E-2 4.62872E-1 3.79912E-1 2.63434E-1 1.71771E0 1.14895E0 1.2035E0 8.74663E-1 1.40199E0 1.73379E0 4.97138E-1 3.26299E0 1.46214E1 4.30311E0 1.14155E0 6.10202E-1 3.38662E-1 2.57749E-1 2.36762E-1 2.98701E-1 6.47472E-1 1.23237E0 5.43775E-1 5.21618E-1 2.12304E0 3.54683E0 3.86773E0 8.50915E-1 1.04839E0 2.6091E0 1.16552E0 5.24571E-1 1.25867E0 8.04136E-1 2.01756E-1 4.81725E-1 2.98142E-1 6.35699E-1 1.40676E0 1.09908E0 1.31647E0 9.96254E0 2.05434E1 3.74742E0 1.17718E1
-9999 2.2419E-1 8.26834E-2 2.53569E-2 1.10855E-2 3.70188E-3 1.71105E-3 1.78005E-3 8.34586E-4 3.08478E-4 9.32252E-5 6.80485E-5 4.40582E-4 1.91508E-3 8.49881E-3 2.65386E-2 5.43431E-2 1.28329E-1 9.18234E-1 5.77255E-1 4.0054E-1 1.73693E0 2.08425E0 1.46016E0 1.36753E0 2.67693E0 2.16114E0 3.15211E0 1.35845E1 1.28521E0 2.85048E0 1.63671E0 4.236E-1 2.39319E-1 1.33521E-1 2.85854E-1 4.91105E-1 5.59337E-1 4.26415E-1 5.41301E-1 8.81291E-1 1.10334E0 1.65039E0 8.36615E0 3.14073E0 1.59644E0 1.22037E0 2.44155E0 1.08975E1 8.33201E-1 2.99299E-1 3.31329E-1 4.16989E-1 9.90174E-1 1.23251E0 5.50555E0 5.60499E0 1.31866E1 8.41745E0 2.80786E0 5.72308E0
2.99114E-1 9.76295E-2 1.09361E-1 5.5101E-2 1.26795E-2 5.06151E-3 2.32655E-3 1.00639E-3 7.30471E-4 1.19813E-4 5.48358E-5 6.06807E-5 5.5484E-4 1.00657E-3 4.23708E-3 1.5244E-2 1.45456E-1 3.48877E-1 2.46148E-1 4.35917E-1 2.28073E0 1.90013E0 7.62307E0 2.41011E0 1.74127E0 2.07647E0 9.41967E0 1.68773E1 4.00331E0 2.43508E0 2.79132E0 2.40021E0 1.93865E0 2.34396E-1 2.52948E-1 2.66647E-1 3.3292E-1 4.27765E-1 5.41994E-1 1.29879E0 3.81013E0 3.19859E0 3.89648E0 1.79283E0 1.82993E0 1.41309E0 2.44064E0 1.39818E0 1.07887E1 2.7673E0 4.26452E-1 2.85244E-1 5.67188E-1 1.10869E0 3.79271E0 3.64692E0 8.30922E-1 8.8066E-1 1.10611E0 2.08043E0 5.35648E0
2.00203E-1 1.36506E-1 6.02247E-2 1.89189E-2 7.18545E-3 1.75979E-3 6.01154E-4 1.11958E-3 5.29742E-4 8.02271E-5 5.66274E-5 2.84678E-4 1.16229E-3 8.00033E-3 3.00208E-2 5.08994E-2 1.5321E-1 3.41371E-1 3.64606E-1 7.26185E-1 9.9723E-1 7.40618E-1 2.25003E0 1.22728E1 8.87383E0 3.3368E0 1.87745E1 2.54245E1 1.27478E0 1.53157E0 6.55018E0 1.62358E0 5.74309E-1 4.96694E-1 1.85769E0 1.87512E0 3.31545E-1 1.1248E0 7.95943E-1 1.30718E0 2.68922E0 1.06616E0 4.54999E0 1.29696E0 2.49634E0 2.25387E0 8.84422E0 5.82754E0 1.2188E1 3.99504E0 8.32238E-1 3.98237E-1 6.59725E-1 5.42876E0 2.49905E0 1.68561E0 5.47022E-1 8.94158E-1 1.51264E0 3.33054E0 2.31153E0
1.62154E-1 7.06849E-2 3.7212E-2 1.25248E-2 2.3143E-3 5.87002E-4 3.53719E-4 6.35729E-4 5.03343E-4 2.49151E-4 2.16559E-4 2.61882E-4 1.04743E-3 1.05744E-2 3.05416E-2 5.47479E-2 7.27047E-2 7.8606E-1 4.90707E-1 1.83393E-1 6.27773E-1 8.33137E-1 3.09022E0 1.99394E0 1.54179E0 1.37304E1 2.88366E0 1.17675E1 2.22492E0 1.15922E0 4.78288E0 1.14123E0 8.33844E-1 6.24554E-1 7.96583E-1 7.99832E-1 2.04436E0 1.23329E0 1.74673E0 1.16616E0 3.04981E0 4.42308E0 2.33464E0 2.27467E1 8.80432E0 9.52697E0 7.08661E0 3.33522E0 3.20595E0 4.23969E0 2.18518E0 5.96105E-1 6.60046E-1 1.90584E0 1.71018E0 3.30629E-1 7.10545E-1 1.1606E0 7.0003E-1 1.12379E0 2.4377E0
1.25608E-1 3.20427E-2 2.16109E-2 9.11457E-3 2.26076E-3 7.70048E-4 3.90165E-4 1.40588E-3 8.03722E-4 7.41638E-4 6.73175E-4 1.27649E-3 3.8853E-3 1.23486E-2 3.77728E-2 3.21457E-2 5.32575E-2 4.92305E-1 7.832E-1 1.01148E0 9.82604E-1 3.37765E-1 1.47518E0 8.74343E-1 1.88597E0 1.85729E0 2.72446E0 3.75659E0 8.35786E0 1.99722E0 3.92076E0 3.28614E0 1.50602E0 1.6685E0 1.46184E0 3.22425E0 3.0737E0 1.76501E0 4.8917E0 3.29914E0 3.17658E0 1.18656E1 1.04912E1 2.63047E1 7.70164E0 3.33265E0 7.56535E0 3.16138E0 3.28905E0 3.00552E0 1.08536E0 1.72924E0 1.81269E0 4.13831E0 6.23567E-1 3.98243E-1 3.79723E-1 2.10273E0 3.03313E0 1.71483E0 3.349E0
1.6746E-1 2.53166E-2 7.51966E-3 1.46501E-2 2.99385E-3 4.43556E-3 1.67777E-3 1.70911E-3 5.04002E-3 1.36757E-3 1.10633E-3 2.95624E-3 5.73147E-3 1.63706E-2 3.48297E-2 2.8498E-2 2.99176E-2 4.45693E-2 8.56894E-2 6.00176E-1 3.54553E-1 1.54403E0 7.7189E-1 8.94499E-1 8.18215E-1 7.39586E-1 1.25644E0 2.2023E0 1.08296E1 3.60293E0 7.30972E0 6.22368E0 6.79637E0 6.28616E0 3.52617E0 4.24677E0 3.04474E0 1.64256E0 5.22254E0 4.28633E0 3.92876E0 6.21088E0 3.52896E1 2.08888E1 3.82947E0 1.06179E1 7.34416E0 1.36746E1 6.41595E0 1.17662E1 1.68173E0 7.42198E-1 1.03023E0 7.89857E-1 5.88008E-1 4.27144E-1 5.78306E-1 4.16466E-1 5.92747E-1 7.22686E-1 2.14587E0
4.91876E-2 1.10148E-2 1.33076E-2 1.32991E-2 3.70704E-3 1.39131E-2 2.77742E-3 2.72782E-3 2.00475E-2 4.85445E-3 2.14654E-3 3.56717E-3 6.1356E-3 1.77528E-2 3.77191E-2 7.05674E-2 4.60839E-2 8.08732E-2 3.94658E-1 4.91154E-1 7.29376E-1 4.23536E-1 6.05245E-1 1.70323E0 9.94441E0 7.67061E-1 1.05745E0 2.53125E0 1.22967E1 1.30542E1 3.69642E0 4.54416E0 1.04917E1 3.41358E0 2.70054E0 2.46661E0 3.19391E0 8.28787E-1 2.92973E0 1.17294E1 2.875E1 3.11823E1 3.12023E0 8.38554E0 6.53835E0 7.35949E0 1.46276E1 2.6635E0 1.44334E0 3.43359E0 2.76913E0 9.4675E-1 1.53829E0 9.5779E-1 6.19156E-1 5.18441E-1 4.65902E-1 4.1738E-1 7.55945E-1 7.33071E-1 1.2324E0
-9999 3.92557E-2 3.53063E-2 3.52509E-2 2.62979E-2 2.67109E-2 1.70268E-2 2.14751E-2 4.27991E-2 9.70959E-3 5.85753E-3 6.50644E-3 2.9305E-2 2.25344E-2 2.48534E-2 3.89697E-2 1.02019E-1 8.28669E-2 8.37034E-2 2.85968E-1 5.57046E-1 9.4333E-1 3.19282E0 4.66246E0 7.52001E0 6.38248E0 3.1171E0 3.97805E0 9.93493E0 3.30617E1 5.11549E0 3.0946E0 2.70071E0 7.74387E0 2.44958E0 2.70644E0 8.10629E-1 7.89176E0 1.89823E0 8.3216E0 9.96489E0 6.93216E0 6.52731E0 2.83541E0 3.60226E0 7.66984E0 1.6484E0 4.51435E0 3.69233E0 3.22318E0 4.83183E0 4.94454E0 2.07631E0 7.44554E-1 1.23181E0 1.05652E0 1.37021E0 5.78643E-1 1.06443E0 1.36208E0 4.00721E0
-9999 1.51715E-1 1.65132E-1 7.13558E-2 9.36616E-2 4.98065E-2 1.97385E-2 8.18949E-3 5.24545E-2 1.39897E-2 1.72264E-2 1.68557E-2 2.85584E-2 4.74171E-2 3.07909E-2 2.84899E-2 1.02293E-1 2.37971E-1 1.04122E-1 1.38769E-1 1.54413E0 2.2223E0 1.77686E0 2.03789E0 3.11856E0 1.68476E1 9.45831E0 3.92353E0 7.63036E0 1.21142E1 1.28989E1 5.62241E0 4.80985E0 7.27715E0 3.49938E0 7.54534E0 3.62484E0 4.03129E0 7.22943E0 1.20773E1 6.94403E0 6.29741E0 1.36933E0 1.22208E0 3.76235E0 8.19684E0 6.72066E0 1.24796E1 9.56309E0 3.7472E0 1.25777E1 3.20539E0 1.87998E0 6.4269E-1 1.22164E0 1.03629E0 3.53863E-1 1.80245E0 4.07943E-1 1.1041E0 1.44324E0
