outputallcorrectTI_nofloodareas_nofloodcontrols_veryspread/flood.asc
ncols         319
nrows         495
xllcorner     219017.22331753
yllcorner     4610852.5305323
cellsize      500.0
NODATA_value  -9999
[rows 324 to 350 of 495, columns 244 to 304 of 319]
5.37427E-1 2.79357E-1 2.02113E0 6.35936E-1 2.62184E-1 1.23358E0 1.79023E-1 3.2259E-1 1.14882E-1 1.84774E0 3.78878E-1 1.01626E-1 1.53386E-2 4.58372E-3 1.91167E-4 6.01716E-4 6.74714E-4 3.40328E-4 4.7103E-5 8.3049E-6 3.38443E-5 2.60627E-4 2.21142E-3 8.05415E-3 1.10845E-2 3.74444E-2 7.90574E-2 2.27282E-1 2.68262E-1 2.29358E-1 8.63448E-2 -9999 -9999 -9999 -9999 -9999 -9999 -9999 -9999 -9999 -9999 -9999 -9999 -9999 -9999 -9999 -9999 -9999 -9999 -9999 -9999 -9999 -9999 -9999 -9999 -9999 -9999 -9999 -9999 -9999 -9999
1.79153E-1 1.0359E0 1.20732E0 2.75249E-1 6.50047E-1 8.24206E-2 9.04148E-2 2.17014E-1 1.24487E-1 3.58751E-1 4.11699E-1 1.34422E0 5.77715E-2 5.85925E-3 2.32779E-3 4.14241E-4 4.63208E-5 4.77928E-5 1.66933E-5 4.28064E-5 3.50409E-6 2.22861E-5 1.21293E-4 7.43989E-4 4.21996E-3 1.23789E-2 1.64187E-2 5.36392E-2 9.71125E-2 8.56593E-2 2.87914E-1 3.95989E-1 -9999 -9999 -9999 -9999 -9999 -9999 -9999 -9999 -9999 -9999 -9999 -9999 -9999 -9999 -9999 -9999 -9999 -9999 -9999 -9999 -9999 -9999 -9999 -9999 -9999 -9999 -9999 -9999 -9999
4.83901E-2 2.98181E-1 1.17597E-1 7.57674E-2 1.65455E-1 3.99146E-2 8.65409E-2 4.65968E-2 1.13289E-2 2.81478E-2 1.14838E-2 2.73817E-1 3.06415E-2 8.50136E-3 2.65935E-3 2.80387E-3 1.81048E-3 4.26139E-4 2.09561E-4 1.61543E-5 4.15286E-5 3.44784E-6 1.07934E-5 3.13558E-5 1.27302E-4 4.21605E-4 3.02218E-3 5.0208E-3 2.63509E-2 2.65302E-2 4.89663E-2 9.08284E-2 -9999 -9999 -9999 -9999 -9999 -9999 -9999 -9999 -9999 -9999 -9999 -9999 -9999 -9999 -9999 -9999 -9999 -9999 -9999 -9999 -9999 -9999 -9999 -9999 -9999 -9999 -9999 -9999 -9999
5.05671E-2 2.58752E-2 3.56198E-2 1.76328E-1 4.52018E-2 1.80773E-2 1.1291E-2 7.74584E-3 6.29104E-3 1.32126E-2 9.43494E-3 5.7141E-1 2.20246E-1 2.77163E-1 5.14387E-2 1.203E-2 5.79027E-3 1.21181E-3 6.40372E-5 3.61704E-5 3.88145E-5 2.20566E-5 1.56822E-5 6.84928E-5 1.46029E-4 6.53934E-4 4.90105E-4 1.90998E-3 8.29937E-3 4.96901E-3 4.95046E-3 2.33955E-2 -9999 -9999 -9999 -9999 -9999 -9999 -9999 -9999 -9999 -9999 -9999 -9999 -9999 -9999 -9999 -9999 -9999 -9999 -9999 -9999 -9999 -9999 -9999 -9999 -9999 -9999 -9999 -9999 -9999
1.85226E-2 2.31818E-2 6.4736E-3 6.40295E-3 4.87477E-3 1.17861E-2 3.78965E-2 1.39222E-2 9.06064E-3 2.73328E-2 3.24258E-2 1.05039E-1 9.65257E-2 9.70585E-1 1.73706E-1 1.90806E-2 1.76907E-3 7.01468E-4 6.80265E-4 5.30791E-4 6.75744E-5 1.61216E-4 6.87822E-5 6.67622E-4 1.28424E-3 4.38657E-3 1.12241E-3 3.07606E-3 1.75533E-2 6.88969E-3 6.39903E-3 1.60694E-2 -9999 -9999 -9999 -9999 -9999 -9999 -9999 -9999 -9999 -9999 -9999 -9999 -9999 -9999 -9999 -9999 -9999 -9999 -9999 -9999 -9999 -9999 -9999 -9999 -9999 -9999 -9999 -9999 -9999
3.20148E-2 4.45141E-2 1.34278E-2 5.02069E-3 6.5685E-3 5.27979E-3 6.95677E-3 7.50093E-2 2.45302E-2 6.52797E-2 1.65811E-2 8.61032E-3 8.97518E-3 6.577E-1 3.22855E-1 2.69435E-2 1.41554E-2 9.76098E-3 5.77411E-3 6.27303E-4 1.98822E-4 5.20783E-4 6.12019E-4 7.56803E-4 4.13975E-3 1.42137E-2 7.1089E-3 7.99567E-3 1.83828E-2 4.61088E-2 2.50063E-2 2.52259E-2 -9999 -9999 -9999 -9999 -9999 -9999 -9999 -9999 -9999 -9999 -9999 -9999 -9999 -9999 -9999 -9999 -9999 -9999 -9999 -9999 -9999 -9999 -9999 -9999 -9999 -9999 -9999 -9999 -9999
1.27773E-2 4.81445E-3 2.87184E-3 5.79328E-4 3.37753E-3 1.67148E-2 2.96181E-2 4.94254E-2 4.54085E-2 1.23511E-2 7.54228E-3 2.49452E-2 7.05822E-3 1.50902E-1 6.88753E-1 2.97666E-1 3.45053E-2 1.05773E-1 6.66378E-3 2.84347E-3 2.99496E-3 8.45896E-3 4.30329E-4 1.21661E-3 7.45488E-4 2.68485E-3 3.4717E-2 3.26438E-2 1.10291E-1 3.26268E-1 1.56021E-1 1.24679E-1 -9999 -9999 -9999 -9999 -9999 -9999 -9999 -9999 -9999 -9999 -9999 -9999 -9999 -9999 -9999 -9999 -9999 -9999 -9999 -9999 -9999 -9999 -9999 -9999 -9999 -9999 -9999 -9999 -9999
5.34874E-4 1.62106E-4 1.47E-4 2.3043E-4 3.67038E-4 4.47034E-4 9.37293E-4 1.74819E-3 3.15186E-3 3.5983E-3 5.61323E-4 7.92398E-4 2.19658E-3 8.87123E-3 1.295E-1 5.07047E-1 3.23084E-1 9.24937E-2 8.72983E-2 5.87892E-2 1.76636E-2 5.26477E-3 1.65917E-3 1.42373E-3 1.38771E-3 1.1892E-3 8.30472E-3 4.50353E-2 3.94836E-2 1.31881E-1 4.57926E-1 2.72683E-1 -9999 -9999 -9999 -9999 -9999 -9999 -9999 -9999 -9999 -9999 -9999 -9999 -9999 -9999 -9999 -9999 -9999 -9999 -9999 -9999 -9999 -9999 -9999 -9999 -9999 -9999 -9999 -9999 -9999
2.01114E-4 3.01549E-5 1.98865E-5 1.95839E-5 2.38405E-5 2.75943E-4 1.73696E-3 2.53043E-3 8.77749E-4 5.03856E-4 4.88822E-4 5.93451E-4 8.50305E-4 2.40962E-3 3.90457E-3 7.41399E-2 1.28776E-1 6.24981E-1 1.86209E-1 1.66987E-1 1.53115E-2 2.09244E-3 3.63561E-3 4.33429E-3 1.78143E-3 1.87012E-3 2.77585E-3 3.40763E-2 3.55426E-2 1.11841E-1 2.62081E-1 7.13565E-1 -9999 -9999 -9999 -9999 -9999 -9999 -9999 -9999 -9999 -9999 -9999 -9999 -9999 -9999 -9999 -9999 -9999 -9999 -9999 -9999 -9999 -9999 -9999 -9999 -9999 -9999 -9999 -9999 -9999
3.07355E-5 8.67981E-6 1.07482E-5 8.21938E-6 2.24511E-5 7.59313E-5 1.48556E-3 1.37262E-2 1.3817E-2 6.38916E-3 4.47547E-3 7.53913E-3 3.99927E-3 5.40452E-3 2.02125E-3 8.72313E-3 1.79201E-2 3.50599E-2 3.85268E-1 2.17755E-1 2.37552E-2 1.25144E-2 6.14315E-3 2.83969E-3 3.87237E-3 7.85195E-3 4.36799E-3 5.13127E-2 8.85945E-2 1.99495E-1 3.70807E-1 7.86489E-1 -9999 -9999 -9999 -9999 -9999 -9999 -9999 -9999 -9999 -9999 -9999 -9999 -9999 -9999 -9999 -9999 -9999 -9999 -9999 -9999 -9999 -9999 -9999 -9999 -9999 -9999 -9999 -9999 -9999
1.61908E-4 2.03038E-5 3.14745E-5 1.88054E-5 1.10651E-5 8.13551E-5 5.34312E-4 1.00308E-2 1.51114E-2 2.5426E-2 2.16889E-2 8.08999E-3 1.88859E-3 9.24728E-4 1.66194E-3 3.74829E-3 5.52354E-3 1.27559E-2 1.30076E-1 4.699E-2 2.80641E-2 4.86653E-2 8.4939E-3 4.18117E-3 6.09788E-3 1.5414E-2 2.50781E-3 6.54505E-3 6.17619E-2 1.83647E-1 2.90936E-1 -9999 -9999 -9999 -9999 -9999 -9999 -9999 -9999 -9999 -9999 -9999 -9999 -9999 -9999 -9999 -9999 -9999 -9999 -9999 -9999 -9999 -9999 -9999 -9999 -9999 -9999 -9999 -9999 -9999 -9999
1.14903E-4 4.83662E-5 2.57582E-5 2.42635E-5 1.70007E-5 1.85176E-4 5.56151E-4 9.07121E-4 3.34465E-3 5.60089E-3 6.21679E-3 3.81719E-2 1.00105E-2 8.09525E-3 1.43309E-3 7.41797E-4 1.25271E-3 3.9255E-3 4.93633E-2 1.71494E-2 1.25096E-2 8.86406E-2 1.88032E-2 1.04736E-2 2.83397E-2 1.46453E-2 3.0059E-3 4.26711E-3 3.90584E-2 1.54152E-1 3.40958E-1 3.19873E-1 -9999 -9999 -9999 -9999 -9999 -9999 -9999 -9999 -9999 -9999 -9999 -9999 -9999 -9999 -9999 -9999 -9999 -9999 -9999 -9999 -9999 -9999 -9999 -9999 -9999 -9999 -9999 -9999 -9999
4.37251E-4 3.3994E-5 5.01983E-5 7.11066E-5 6.59716E-5 1.03013E-4 4.97722E-4 3.09307E-4 2.95094E-4 8.78969E-4 1.96405E-2 6.82272E-2 1.58933E-2 4.645E-2 3.65861E-3 4.68067E-3 6.19448E-4 1.08115E-3 1.02683E-2 1.88559E-2 5.07278E-2 8.76817E-2 2.0009E-1 3.29492E-2 1.02708E-1 5.96677E-2 7.31861E-3 4.8994E-3 5.01733E-2 1.91592E-1 3.68851E-1 5.99053E-1 6.84503E-1 8.60726E-1 -9999 -9999 -9999 -9999 -9999 -9999 -9999 -9999 -9999 -9999 -9999 -9999 -9999 -9999 -9999 -9999 -9999 -9999 -9999 -9999 -9999 -9999 -9999 -9999 -9999 -9999 -9999
7.06043E-5 1.07547E-5 1.76158E-5 2.59736E-5 6.01867E-5 9.68491E-5 2.82644E-4 1.32356E-3 9.96187E-3 1.74737E-2 3.25017E-2 8.25136E-2 9.29234E-2 1.96329E-2 2.55029E-2 1.02815E-2 1.0527E-3 3.26895E-4 7.90444E-4 5.71981E-3 2.29559E-2 2.17294E-2 4.27912E-2 1.50707E-1 1.66294E-1 2.56331E-1 8.05146E-2 1.88691E-2 4.80001E-2 4.85887E-1 7.39622E-1 1.16556E0 1.15883E0 1.29782E0 1.54669E0 -9999 -9999 -9999 -9999 -9999 -9999 -9999 -9999 -9999 -9999 -9999 -9999 -9999 -9999 -9999 -9999 -9999 -9999 -9999 -9999 -9999 -9999 -9999 -9999 -9999 -9999
3.122E-5 5.17156E-5 3.29291E-5 2.80115E-5 3.12004E-5 3.36502E-4 9.07154E-4 1.51806E-3 2.48574E-3 3.28573E-2 5.1783E-2 1.08555E-1 2.40173E-2 3.53055E-2 4.49729E-2 2.37655E-2 1.68438E-3 2.83494E-3 6.06913E-4 8.76752E-4 6.6377E-3 2.95471E-2 1.13645E-2 6.82249E-3 3.26096E-2 1.12395E-1 3.15604E-1 8.93736E-2 5.45164E-1 1.36416E-1 2.503E-1 2.33335E-1 3.58636E-1 3.41901E-1 1.52154E0 2.3615E-1 -9999 -9999 -9999 -9999 -9999 -9999 -9999 -9999 -9999 -9999 -9999 -9999 -9999 -9999 -9999 -9999 -9999 -9999 -9999 -9999 -9999 -9999 -9999 -9999 -9999
1.37774E-4 2.16949E-5 3.99302E-5 1.5925E-4 3.4363E-4 1.21889E-3 4.2979E-3 3.3425E-3 1.80903E-2 4.87233E-2 5.34483E-2 6.43508E-2 1.33941E-2 1.86823E-2 5.89818E-2 3.56692E-2 1.18552E-2 1.00827E-3 3.7844E-4 2.11462E-4 1.0196E-3 2.82799E-3 4.31916E-3 1.50537E-2 6.84312E-3 4.70272E-2 1.30193E-1 2.04585E-1 3.18243E-2 5.86173E-2 1.66074E-1 1.7055E-1 3.25805E-1 6.02425E-1 1.6152E0 2.76683E-1 1.77126E-1 -9999 -9999 -9999 -9999 -9999 -9999 -9999 -9999 -9999 -9999 -9999 -9999 -9999 -9999 -9999 -9999 -9999 -9999 -9999 -9999 -9999 -9999 -9999 -9999
7.20492E-5 2.39077E-5 1.76929E-4 4.56658E-4 9.74351E-4 1.20231E-2 2.32683E-2 1.79891E-2 3.16726E-2 7.04975E-2 5.01172E-2 2.19709E-3 7.69117E-3 2.10248E-3 5.84257E-3 2.0515E-2 7.85242E-3 1.33138E-3 2.08995E-3 4.65592E-4 6.63107E-4 6.41348E-4 9.03523E-4 4.55614E-3 1.26027E-2 8.13555E-3 4.12645E-2 7.51019E-2 6.3935E-3 1.75747E-2 1.06664E-1 2.0888E-1 4.20678E-1 2.58853E-1 1.29588E0 4.11924E-1 1.64679E-1 -9999 -9999 -9999 -9999 -9999 -9999 -9999 -9999 -9999 -9999 -9999 -9999 -9999 -9999 -9999 -9999 -9999 -9999 -9999 -9999 -9999 -9999 -9999 -9999
7.43801E-5 9.78549E-5 8.63772E-4 8.40445E-4 2.71151E-3 2.05074E-2 3.447E-2 2.49075E-2 3.2134E-2 4.79631E-2 4.15451E-2 1.80971E-3 8.60388E-4 8.96913E-4 1.83184E-4 3.69793E-4 1.26612E-3 2.16736E-2 1.18179E-3 4.32154E-3 3.89535E-3 4.61156E-3 8.51156E-4 1.21879E-3 2.26156E-3 9.94804E-3 2.91372E-2 9.64687E-3 2.58117E-3 8.87723E-3 3.83157E-2 1.71958E-1 3.87513E-1 2.20964E-1 8.39625E-1 1.09393E0 2.71214E-1 1.97378E-1 -9999 -9999 -9999 -9999 -9999 -9999 -9999 -9999 -9999 -9999 -9999 -9999 -9999 -9999 -9999 -9999 -9999 -9999 -9999 -9999 -9999 -9999 -9999
2.3855E-4 2.62412E-4 7.21966E-4 1.78053E-3 1.12575E-2 1.48797E-3 9.49999E-3 3.58729E-2 2.71905E-2 4.18357E-2 4.4338E-2 3.21556E-3 1.91321E-3 3.86274E-4 2.57743E-4 1.47125E-4 2.18933E-4 1.47711E-3 3.16209E-3 9.95882E-3 8.72517E-3 1.03123E-2 1.58585E-3 6.3716E-4 7.38596E-4 2.50122E-3 3.87851E-3 7.72547E-3 1.67077E-3 2.62428E-3 1.64569E-2 9.64601E-2 2.04257E-1 2.18674E-1 7.33357E-1 2.41344E-1 9.06309E-1 1.92473E-1 -9999 -9999 -9999 -9999 -9999 -9999 -9999 -9999 -9999 -9999 -9999 -9999 -9999 -9999 -9999 -9999 -9999 -9999 -9999 -9999 -9999 -9999 -9999
6.90539E-4 8.60617E-4 4.25421E-3 2.60793E-3 3.98398E-4 4.95627E-4 3.80025E-4 8.54715E-3 3.30957E-2 3.32947E-2 4.34408E-2 2.80974E-3 2.47243E-3 2.93255E-4 2.30298E-3 2.70602E-4 1.47886E-3 2.24263E-4 5.6051E-3 1.16465E-2 3.15979E-2 1.83271E-2 1.98705E-3 9.34983E-4 5.36397E-4 6.2612E-4 3.6118E-4 1.31472E-3 1.28335E-3 8.84169E-4 1.16354E-2 5.16804E-2 9.67756E-2 1.77532E-1 7.21639E-1 2.38416E-1 8.51021E-1 2.57246E-1 1.97912E-1 -9999 -9999 -9999 -9999 -9999 -9999 -9999 -9999 -9999 -9999 -9999 -9999 -9999 -9999 -9999 -9999 -9999 -9999 -9999 -9999 -9999 -9999
8.49259E-3 2.10493E-2 2.9446E-3 1.64458E-3 1.40563E-3 6.10474E-4 7.29821E-4 8.94064E-4 7.9865E-3 4.31741E-2 1.82218E-2 1.17052E-2 1.25896E-2 5.61076E-3 1.86502E-3 2.34671E-3 7.91E-4 1.2388E-3 1.86314E-3 3.58986E-2 1.18356E-2 2.01145E-2 7.14991E-3 1.10301E-3 4.35919E-4 3.19651E-4 1.66126E-4 4.98979E-3 3.89018E-4 6.24227E-4 5.92038E-3 6.16429E-2 1.91852E-1 2.63885E-1 7.26898E-1 2.58086E-1 6.95103E-1 1.36149E-1 7.88997E-2 1.5606E-1 -9999 -9999 -9999 -9999 -9999 -9999 -9999 -9999 -9999 -9999 -9999 -9999 -9999 -9999 -9999 -9999 -9999 -9999 -9999 -9999 -9999
1.46582E-2 5.87071E-2 2.35833E-2 7.50678E-3 2.25643E-3 1.43562E-3 6.54007E-3 2.46619E-3 1.75763E-3 1.237E-2 4.68596E-2 5.99951E-2 1.23972E-2 9.22145E-3 3.93613E-3 5.29939E-3 2.60161E-3 3.28749E-2 4.61732E-2 5.0329E-2 3.20247E-3 9.49823E-3 7.26101E-3 9.43683E-4 3.77011E-4 3.12182E-4 2.0191E-4 8.52278E-3 2.24018E-3 1.76588E-4 2.2949E-3 1.72748E-2 1.26604E-1 2.20218E-1 3.48776E-1 5.35687E-1 1.64713E-1 5.97172E-1 8.77886E-2 1.20059E-1 1.04227E-1 -9999 -9999 -9999 -9999 -9999 -9999 -9999 -9999 -9999 -9999 -9999 -9999 -9999 -9999 -9999 -9999 -9999 -9999 -9999 -9999
1.28164E-1 9.93192E-3 3.51127E-2 1.1981E-1 8.82863E-3 1.71529E-2 9.55503E-3 9.09181E-3 1.5959E-2 1.21211E-2 2.06935E-2 1.93969E-2 7.8734E-2 8.0589E-2 1.31125E-2 5.13148E-3 3.74738E-2 9.00507E-3 2.36777E-3 3.45565E-3 9.5068E-3 2.78189E-2 2.02876E-2 9.56976E-3 1.0521E-3 2.64553E-4 2.02283E-4 1.00836E-2 7.40264E-3 5.57132E-4 3.469E-3 3.22415E-2 5.01702E-2 2.35963E-1 1.41645E-1 3.88011E-1 1.59218E-1 1.26778E-1 4.90757E-1 4.72699E-2 4.9044E-2 -9999 -9999 -9999 -9999 -9999 -9999 -9999 -9999 -9999 -9999 -9999 -9999 -9999 -9999 -9999 -9999 -9999 -9999 -9999 -9999
5.58351E-2 7.54394E-3 6.43221E-3 5.47556E-3 9.22011E-2 7.89994E-2 3.94228E-2 3.02606E-2 3.2779E-2 3.09354E-2 1.75039E-2 2.17661E-2 6.18705E-3 1.96835E-2 9.98938E-2 9.6174E-3 1.92062E-2 2.60781E-3 1.92958E-2 2.5955E-3 2.42514E-3 1.1444E-2 2.87481E-2 1.46621E-2 4.18956E-3 6.55636E-4 9.63998E-4 4.5305E-3 1.14766E-3 9.67205E-4 3.78334E-3 1.24088E-2 7.93329E-2 6.06355E-2 2.39289E-1 1.5516E-1 2.76608E-1 1.24904E-1 5.05433E-1 2.14012E-2 2.73483E-2 8.08297E-2 -9999 -9999 -9999 -9999 -9999 -9999 -9999 -9999 -9999 -9999 -9999 -9999 -9999 -9999 -9999 -9999 -9999 -9999 -9999
8.24961E-2 3.76018E-2 1.07691E-2 5.20814E-3 3.40966E-3 9.65087E-2 3.2144E-2 4.23298E-3 6.61653E-2 9.18136E-2 3.91451E-2 2.27278E-2 4.30168E-2 3.72895E-3 2.29668E-2 1.24192E-1 2.50244E-2 4.00294E-3 5.32482E-3 9.21137E-3 1.49765E-2 9.77302E-3 1.10472E-2 3.03908E-3 1.06087E-3 5.61456E-4 6.56863E-4 1.96861E-2 7.37289E-3 2.15175E-3 8.4004E-4 8.46183E-3 2.3653E-2 2.61639E-2 1.06557E-1 1.48408E-1 1.97958E-1 1.14628E-1 5.04995E-1 2.11013E-2 3.16127E-2 1.7449E-2 -9999 -9999 -9999 -9999 -9999 -9999 -9999 -9999 -9999 -9999 -9999 -9999 -9999 -9999 -9999 -9999 -9999 -9999 -9999
2.86636E-1 1.25439E-1 2.60656E-2 1.16869E-2 4.55524E-3 2.11494E-3 3.38257E-2 6.71451E-2 1.45665E-2 2.60245E-2 3.73212E-2 2.63521E-2 4.13941E-3 1.98337E-2 3.05859E-3 6.09002E-2 3.92361E-2 3.39326E-2 4.20373E-3 9.8991E-3 7.52701E-3 5.95529E-3 3.68517E-3 1.60069E-3 8.36417E-4 5.25446E-4 1.24178E-3 6.99082E-3 2.47249E-2 2.98231E-3 3.56888E-4 5.08469E-4 3.33703E-3 1.6262E-2 2.24825E-2 6.34679E-2 8.96145E-2 2.4718E-1 2.88358E-1 2.14691E-2 1.1396E-2 1.15153E-2 2.84686E-2 -9999 -9999 -9999 -9999 -9999 -9999 -9999 -9999 -9999 -9999 -9999 -9999 -9999 -9999 -9999 -9999 -9999 -9999
2.45904E-1 8.19776E-2 1.24579E-2 6.42671E-3 4.85542E-3 4.84272E-3 9.55973E-4 7.92255E-4 6.41588E-3 1.25586E-3 5.60962E-3 2.01814E-2 9.06371E-3 1.36616E-3 5.02728E-3 4.71679E-3 1.00353E-1 8.74731E-3 7.53335E-3 5.21085E-3 3.12673E-3 6.18563E-3 7.95879E-3 2.08746E-3 1.04878E-3 1.03276E-3 1.20959E-3 7.72904E-3 4.56018E-2 1.54205E-2 1.38085E-3 3.35222E-4 1.55467E-4 1.06842E-3 1.01266E-2 2.13228E-2 1.21849E-1 1.16374E-1 3.98701E-1 2.24183E-2 3.86053E-3 5.02418E-3 6.07413E-3 -9999 -9999 -9999 -9999 -9999 -9999 -9999 -9999 -9999 -9999 -9999 -9999 -9999 -9999 -9999 -9999 -9999 -9999
