outputallcorrectTI_nofloodareas_nofloodcontrols_veryspread/flood.asc
ncols         319
nrows         495
xllcorner     219017.22331753
yllcorner     4610852.5305323
cellsize      500.0
NODATA_value  -9999
[rows 405 to 431 of 495, columns 122 to 182 of 319]
3.30587E1 3.25889E1 1.23804E1 4.44584E1 4.29724E1 1.31111E1 9.20141E0 3.15767E1 9.61983E0 2.72034E1 3.23945E1 4.14741E1 3.51627E1 2.89267E1 4.06864E1 3.81023E1 1.1885E1 2.41908E1 3.8205E1 2.93506E1 3.80169E1 3.44192E1 3.25697E1 4.41224E1 3.29105E1 2.98467E1 3.37753E1 8.00217E1 7.31416E1 7.05494E1 7.30398E1 8.98384E1 4.94514E1 4.06975E1 4.43825E1 1.10676E1 9.41499E0 4.12185E1 1.7077E1 1.42175E1 2.78321E1 2.74635E1 3.32574E1 2.28116E1 2.75563E1 4.609E1 5.22854E1 2.94011E1 1.94397E1 2.78164E1 1.40345E1 1.49861E1 2.63746E1 1.43783E1 1.41971E1 1.51563E1 3.4176E1 1.45948E1 1.8083E1 1.22278E1 1.02429E1
3.0303E1 3.97427E1 1.00619E1 5.09952E1 4.80633E1 1.12812E1 2.71659E1 1.11149E1 3.39732E1 6.3544E1 2.90572E1 3.09272E1 4.05843E1 3.81162E1 1.15374E1 3.08376E1 1.15339E1 6.09563E1 3.3238E1 3.4611E1 7.23848E1 3.38413E1 3.81714E1 5.546E1 3.96694E1 3.11406E1 3.53013E1 8.16984E1 7.11912E1 8.50286E1 9.52632E1 5.00111E1 3.8912E1 2.87767E1 4.31697E1 9.6405E0 2.95519E1 2.74821E1 9.44046E0 2.02322E1 2.89083E1 3.36833E1 9.72057E0 2.61455E1 2.34804E1 1.30836E1 2.25704E1 1.41537E1 2.98999E1 2.06441E1 2.77768E1 1.20723E1 3.00511E1 1.33301E1 1.3693E1 3.00903E1 1.65461E1 1.80874E1 1.52529E1 1.52369E1 2.1251E1
2.82366E1 4.12906E1 2.58748E1 2.82278E1 2.91804E1 3.38154E1 2.34745E1 2.26358E1 3.51157E1 3.25389E1 2.94448E1 4.18206E1 2.85257E1 1.30801E1 1.32566E1 2.39236E1 5.66567E1 4.03986E1 1.84947E1 3.35632E1 1.32297E1 5.91374E1 4.79337E1 3.67321E1 7.20086E1 6.37219E1 3.58789E1 8.01594E1 2.27255E1 8.8813E1 5.91964E1 5.51477E1 3.52403E1 1.2398E1 4.22738E1 3.59375E1 3.72407E1 3.31337E1 2.87732E1 2.65773E1 2.61253E1 2.61559E1 2.65357E1 1.54737E1 2.9713E1 1.78353E1 1.01581E1 8.83598E0 9.85367E0 9.04395E0 1.27028E1 1.24147E1 1.80706E1 2.75278E1 1.58144E1 4.15087E1 1.82692E1 1.90393E1 1.6158E1 1.85962E1 1.93343E1
2.83147E1 4.62208E1 1.19105E1 2.65685E1 1.05089E1 3.8189E1 2.7617E1 2.67386E1 2.68054E1 1.03655E1 6.20205E1 3.65859E1 2.89425E1 2.6903E1 1.06192E1 7.18684E1 1.23506E1 3.3511E1 3.7792E1 1.3947E1 4.56827E1 2.98418E1 1.20905E1 5.21022E1 6.89145E1 6.47948E1 4.18851E1 8.55165E1 8.8534E1 4.29592E1 4.06181E1 3.02972E1 1.05801E1 3.60552E1 3.92352E1 1.07624E1 3.23315E1 3.06018E1 2.72003E1 2.04945E1 4.55194E1 4.0357E1 4.12783E1 3.53021E1 2.83783E1 1.77822E1 1.03604E1 8.92275E0 9.08777E0 1.82177E1 1.87885E1 1.50325E1 1.5322E1 3.08338E1 1.22051E1 3.37132E1 1.64734E1 1.59237E1 3.88539E1 1.59179E1 3.20845E1
5.09719E1 2.66422E1 4.58563E1 4.67063E1 3.93351E1 2.70614E1 2.70895E1 8.81964E0 2.39884E1 2.73118E1 3.52124E1 9.76462E0 3.63068E1 4.00591E1 6.81353E1 3.13971E1 7.37637E1 1.10249E1 6.96867E1 2.81451E1 3.05936E1 3.51108E1 6.69302E1 3.4799E1 6.85528E1 1.11642E1 6.34682E1 9.25699E1 8.7863E1 4.58292E1 3.96228E1 3.48128E1 3.90165E1 4.73472E1 3.94723E1 2.99137E1 3.13277E1 2.90124E1 5.05557E1 3.17755E1 2.78277E1 3.08785E1 3.02209E1 2.68371E1 2.80016E1 2.74205E1 1.02641E1 8.42491E0 8.84516E0 7.76626E0 1.24137E1 2.47776E1 1.06401E1 1.06469E1 2.72961E1 1.54561E1 2.79577E1 5.23439E1 3.29305E1 1.37499E1 8.54331E0
1.18055E1 3.09997E1 2.75396E1 1.28277E1 1.48828E1 1.42657E1 3.26649E1 2.61582E1 2.96203E1 3.3276E1 2.63845E1 2.97097E1 2.90062E1 2.75006E1 3.26984E1 9.01377E0 3.10085E1 7.56273E1 3.04716E1 3.90908E1 4.01069E1 1.29089E1 4.64116E1 4.32772E1 1.48681E1 1.18231E1 6.12983E1 8.77131E1 8.52976E1 3.73293E1 1.03168E1 2.98251E1 3.13425E1 3.65339E1 3.93559E1 3.04668E1 3.49228E1 1.82521E1 5.26282E1 1.79805E1 2.80016E1 2.69105E1 4.70324E1 5.27937E1 3.78663E1 3.03403E1 1.28917E1 1.03934E1 9.50279E0 2.08006E1 1.48274E1 1.70145E1 2.82651E1 1.54882E1 4.54985E1 3.68348E1 5.78408E1 2.98411E1 1.35344E1 1.14922E1 8.56905E0
4.24981E1 2.91398E1 3.13803E1 2.00644E1 2.84016E1 3.58382E1 2.51802E1 2.75603E1 3.56128E1 2.66195E1 2.7974E1 9.51917E0 3.88025E1 5.27082E1 3.0978E1 2.95556E1 2.69525E1 1.49827E1 7.85435E1 7.36388E1 3.37347E1 3.37597E1 3.69979E1 1.09864E1 6.53461E1 5.32248E1 6.55842E1 8.85308E1 9.40182E1 1.53884E1 5.01272E1 3.37158E1 4.3127E1 3.19827E1 4.097E1 3.63674E1 2.97735E1 2.88141E1 2.00611E1 3.73874E1 5.72079E1 5.09896E1 2.268E1 2.71211E1 1.44704E1 9.54332E0 1.07006E1 8.42923E0 9.33433E0 1.47692E1 1.75643E1 1.77568E1 1.42879E1 5.61572E1 1.26672E1 2.97959E1 9.49659E0 1.19222E1 1.06971E1 8.06649E0 8.86407E0
3.05171E1 2.97935E1 2.97729E1 4.58804E1 3.70551E1 1.45055E1 2.61517E1 4.94903E1 3.12473E1 2.85754E1 3.4175E1 3.48579E1 2.77514E1 3.41503E1 1.87554E1 1.40547E1 3.8795E1 3.25029E1 9.98892E0 2.97664E1 7.15867E1 3.2845E1 1.12778E1 1.16972E1 4.61394E1 6.89494E1 7.1987E1 -9999 7.97812E1 4.42122E1 1.17132E1 3.57598E1 3.44857E1 4.39731E1 3.27134E1 5.9826E1 2.00989E1 2.74141E1 4.36118E1 2.31476E1 2.98173E1 2.86342E1 1.19404E1 3.36305E1 1.00403E1 3.47546E1 2.9468E1 2.60607E1 1.6728E1 1.02102E1 1.49111E1 2.07704E1 1.32675E1 3.96269E1 1.08422E1 9.59783E0 1.05943E1 1.00031E1 9.73385E0 9.53185E0 1.08874E1
3.57488E1 1.07842E1 5.28608E1 6.32655E1 5.53441E1 3.48067E1 3.42883E1 2.66894E1 3.45052E1 9.48132E0 3.39272E1 2.48963E1 3.28733E1 2.51529E1 5.31255E1 1.39124E1 3.59224E1 3.18979E1 3.02383E1 3.01638E1 1.26255E1 7.20023E1 9.82684E1 7.39062E1 1.17019E1 7.07584E1 6.19314E1 8.66808E1 3.0958E1 6.87655E1 3.72602E1 3.17117E1 6.57783E1 6.41353E1 2.93857E1 4.3623E1 4.12846E1 3.24295E1 1.45147E1 3.11015E1 3.2543E1 3.14343E1 3.55114E1 3.03304E1 3.25165E1 3.00487E1 3.78696E1 2.82912E1 1.65192E1 2.79735E1 2.47493E1 1.60104E1 2.18188E1 6.40699E1 2.8669E1 1.69224E1 9.87752E0 2.27766E1 4.91335E1 1.93374E1 1.663E1
1.20017E1 5.17215E1 5.63111E1 6.09288E1 5.65328E1 1.02839E1 3.62328E1 3.91951E1 3.0504E1 2.03102E1 4.89921E1 3.74828E1 4.22941E1 1.88577E1 1.37515E1 5.08848E1 5.71153E1 2.72866E1 3.0959E1 2.99784E1 2.86788E1 3.87371E1 3.97622E1 3.18141E1 7.05766E1 4.16309E1 8.46008E1 3.39512E1 4.11065E1 3.62897E1 6.41783E1 6.76549E1 3.33487E1 1.33105E1 1.15103E1 4.30873E1 3.97922E1 4.11847E1 3.68287E1 3.59836E1 1.25873E1 4.19002E1 3.00013E1 2.96862E1 3.4946E1 3.25439E1 4.65992E1 3.08399E1 2.76258E1 1.04863E1 1.06692E1 2.244E1 4.66415E1 3.3705E1 2.40925E1 1.9199E1 5.35368E1 2.84245E1 3.27906E1 3.02172E1 1.31228E1
2.20691E1 5.49634E1 5.93312E1 5.53915E1 3.29754E1 2.89669E1 4.88101E1 2.68154E1 3.14435E1 2.77788E1 1.48038E1 5.21535E1 9.79485E0 3.07548E1 1.10003E1 3.38569E1 4.21422E1 6.54005E1 3.09863E1 3.03459E1 3.70803E1 3.31881E1 3.51927E1 3.233E1 3.23996E1 3.86665E1 9.22549E1 3.86443E1 1.23031E1 5.87378E1 4.42446E1 3.22911E1 7.92923E1 3.30944E1 3.50846E1 3.50383E1 3.48313E1 2.74994E1 3.56581E1 3.58707E1 4.62244E1 3.42879E1 4.29642E1 3.70425E1 2.99956E1 3.19567E1 3.26155E1 4.68994E1 1.80724E1 2.78617E1 1.58015E1 3.00136E1 6.7442E1 3.50857E1 5.8387E1 4.96467E1 3.83708E1 2.78688E1 3.19499E1 3.20308E1 3.07231E1
2.89928E1 5.88206E1 5.56092E1 3.61456E1 4.16198E1 3.07699E1 4.97053E1 2.93625E1 1.69864E1 3.27642E1 3.28335E1 2.59375E1 1.62512E1 3.59203E1 1.10499E1 9.26139E0 2.82365E1 1.01016E1 2.42611E1 5.73794E1 1.04817E1 3.8283E1 4.29972E1 3.23752E1 5.72482E1 4.15336E1 8.97671E1 3.32512E1 1.479E1 4.17611E1 3.80337E1 3.50709E1 3.59149E1 3.28246E1 4.30216E1 6.29901E1 4.51749E1 3.89108E1 3.96137E1 4.90496E1 1.89577E1 4.55702E1 3.47936E1 1.45217E1 2.38346E1 4.92819E1 1.62738E1 3.22227E1 1.77445E1 2.92614E1 1.6718E1 6.42298E1 3.52246E1 5.71167E1 3.25693E1 2.93057E1 2.79362E1 3.83569E1 1.13986E1 9.98529E0 3.84459E1
3.13302E1 5.84963E1 6.32844E1 1.80845E1 2.25077E1 2.93866E1 3.00526E1 3.56777E1 3.08313E1 9.1274E0 4.45395E1 9.16066E0 1.36276E1 2.3079E1 5.27283E1 3.44178E1 3.23064E1 3.8642E1 1.01129E1 6.73062E1 5.59266E1 3.22413E1 3.43623E1 2.10905E1 5.20835E1 4.5749E1 8.43926E1 4.50648E1 3.6251E1 3.86058E1 4.48545E1 3.84065E1 3.63372E1 4.60073E1 3.72924E1 2.37752E1 3.58618E1 3.76796E1 4.08124E1 3.64463E1 6.0759E1 4.95131E1 4.83238E1 4.93595E1 3.40163E1 3.20641E1 2.05691E1 3.74575E1 1.66614E1 6.63745E1 6.954E1 5.2125E1 8.85832E0 1.22762E1 3.98093E1 3.58202E1 3.18088E1 3.66319E1 1.25564E1 3.74179E1 3.29467E1
4.44806E1 9.27586E1 6.86638E1 3.05721E1 2.05508E1 5.21237E1 5.70319E1 1.31321E1 2.54267E1 1.21007E1 3.74482E1 1.48186E1 8.87916E0 2.49112E1 2.09531E1 1.02576E1 3.34491E1 3.3645E1 3.1464E1 1.23681E1 7.02413E1 2.91654E1 1.25253E1 5.5028E1 5.66212E1 5.61251E1 7.90725E1 1.05281E1 4.92773E1 1.20204E1 2.20072E1 1.26896E1 3.76401E1 4.03269E1 3.5465E1 5.31814E1 3.51209E1 4.6025E1 3.61161E1 6.00709E1 3.60973E1 5.90704E1 4.14085E1 3.71853E1 3.8374E1 2.86575E1 1.13268E1 3.19749E1 6.68962E1 4.18796E1 2.941E1 3.22645E1 1.18532E1 6.98096E0 2.58981E1 3.06899E1 3.8672E1 3.64064E1 3.2503E1 3.11329E1 3.87868E1
3.17099E1 3.43724E1 3.09966E1 3.8832E1 5.44873E1 2.96522E1 1.26221E1 2.74798E1 3.01094E1 3.0483E1 2.89583E1 1.20624E1 1.03022E1 2.58952E1 3.35556E1 3.01909E1 4.55366E1 6.7343E1 3.39101E1 2.84649E1 2.90413E1 5.88425E1 4.00218E1 3.62474E1 8.40749E1 9.92918E1 6.28456E1 5.1979E1 4.85991E1 5.23251E1 2.15548E1 5.85075E1 3.80431E1 4.19314E1 4.59277E1 6.34315E1 4.69491E1 3.72047E1 6.13513E1 4.05572E1 6.22597E1 6.06795E1 3.28159E1 3.31894E1 3.09419E1 3.48567E1 3.13521E1 9.8129E1 4.60299E1 1.11297E1 1.05854E1 2.61486E1 7.32557E0 9.76993E0 3.25626E1 3.0502E1 2.98692E1 3.56497E1 2.79343E1 3.16628E1 4.02881E1
5.48535E1 1.54705E1 3.14503E1 4.69295E1 5.20903E1 3.03068E1 4.30163E1 2.94178E1 1.16142E1 3.05734E1 5.67102E1 3.3434E1 3.28461E1 3.69585E1 1.69487E1 1.07702E1 2.43064E1 6.23856E1 3.7884E1 2.97925E1 3.11777E1 1.31015E1 2.886E1 3.82564E1 7.9749E1 4.28902E1 8.36372E1 1.36274E1 3.89842E1 5.25957E1 3.7606E1 5.37504E1 4.14798E1 3.99405E1 4.65042E1 6.38639E1 4.15002E1 6.58015E1 5.22028E1 4.29001E1 3.91227E1 7.32108E1 6.20556E1 4.44883E1 3.11305E1 4.17938E1 4.70173E1 7.59733E1 3.57855E1 3.37839E1 3.38013E1 1.08164E1 1.2693E1 2.94656E1 2.82204E1 3.27048E1 3.24754E1 3.88988E1 3.47301E1 3.91573E1 6.33713E1
2.98718E1 5.33137E1 3.17221E1 6.96957E1 1.0346E1 3.71577E1 4.25297E1 3.90387E1 3.41428E1 3.58455E1 3.01608E1 3.66896E1 1.0638E1 1.16675E1 2.78756E1 1.54495E1 9.35314E0 2.83057E1 3.17816E1 3.24817E1 6.36165E1 3.25141E1 6.60181E1 4.38677E1 4.95779E1 7.40094E1 8.17268E1 6.89901E1 4.21618E1 5.50479E1 4.94116E1 4.09537E1 4.3409E1 4.30683E1 3.97893E1 7.07569E1 6.51887E1 3.88893E1 2.38356E1 5.06922E1 4.79025E1 3.81866E1 3.72553E1 3.37271E1 4.54844E1 3.58498E1 7.49729E1 4.73241E1 5.53546E1 4.28974E1 9.79923E0 1.02815E1 3.40851E1 3.05029E1 3.84766E1 2.99243E1 3.99494E1 4.39221E1 4.79922E1 3.89516E1 3.36807E1
2.4942E1 3.79738E1 3.3077E1 6.99236E1 3.3072E1 3.37851E1 1.98661E1 3.27833E1 3.36395E1 4.33148E1 2.9258E1 3.271E1 1.1171E1 1.00248E1 8.86121E0 5.47718E1 4.80587E1 9.09421E0 4.20201E1 3.56681E1 4.05551E1 3.73936E1 9.28954E1 2.65305E1 6.53863E1 7.88168E1 3.48932E1 1.29127E1 3.8408E1 6.23516E1 4.11386E1 2.27467E1 7.36163E1 4.51355E1 3.30737E1 3.89438E1 4.20856E1 5.03381E1 4.33868E1 4.31657E1 3.85821E1 4.08696E1 3.97494E1 3.3304E1 4.55886E1 8.35811E1 4.7756E1 4.25356E1 3.01813E1 3.90569E1 3.71897E1 7.82709E0 3.96128E1 3.05081E1 3.10819E1 4.09827E1 4.70041E1 1.48517E1 1.04606E1 6.14154E1 4.20231E1
7.95107E1 3.56213E1 6.47178E1 4.09329E1 5.4688E1 1.4673E1 5.47794E1 3.57559E1 4.37918E1 1.18322E1 3.16665E1 6.57099E1 3.29832E1 3.67095E1 1.46402E1 4.58481E1 1.13112E1 4.11289E1 3.13056E1 4.86107E1 3.81866E1 3.78508E1 8.8897E1 2.07783E1 9.71813E1 9.80325E1 8.78702E1 9.27656E1 5.65849E1 3.95082E1 6.24422E1 4.66264E1 6.14602E1 4.44757E1 3.72176E1 4.41177E1 4.00114E1 3.98462E1 4.45777E1 4.63296E1 3.74499E1 4.21002E1 5.74286E1 3.50039E1 7.7271E1 3.61804E1 1.22992E1 3.49025E1 4.04805E1 1.10028E1 3.29696E1 3.55595E1 3.14275E1 4.11564E1 3.26145E1 3.68298E1 9.30012E0 1.80139E1 9.40927E0 2.55345E1 3.60229E1
2.93381E1 3.19436E1 6.11657E1 1.75255E1 3.36704E1 5.08723E1 5.79781E1 3.36317E1 4.79894E1 1.10537E1 6.65427E1 6.86915E1 3.29269E1 4.31255E1 3.75159E1 1.42824E1 4.56553E1 2.00047E1 3.23943E1 5.55955E1 4.03004E1 3.71075E1 6.65555E1 9.37295E1 6.87215E1 1.09343E1 5.24533E1 1.25038E1 9.51541E1 5.32742E1 4.36676E1 4.5708E1 1.7951E1 4.06461E1 6.87761E1 3.92473E1 2.08315E1 5.56591E1 4.3919E1 7.23513E1 1.9017E1 1.73201E1 3.96536E1 8.13364E1 4.91884E1 4.33691E1 4.12085E1 3.72392E1 3.39293E1 3.20197E1 3.59754E1 1.62186E1 3.42518E1 4.60573E1 3.92878E1 3.27253E1 4.32107E1 2.48338E1 4.49148E1 1.25424E1 4.587E1
5.99608E1 6.03551E1 3.16744E1 1.34632E1 3.51127E1 3.81727E1 7.35373E1 5.25266E1 3.5837E1 4.36752E1 5.71279E1 3.89553E1 3.34876E1 6.87039E1 5.46127E1 3.92138E1 1.13934E1 1.52627E1 7.07208E1 5.587E1 2.2499E1 7.734E1 6.02668E1 5.17184E1 4.83967E1 2.05849E1 5.8233E1 3.60527E1 3.60146E1 6.78926E1 3.85766E1 3.93865E1 6.69127E1 4.15855E1 4.94372E1 4.36396E1 5.95139E1 6.6672E1 4.3954E1 4.48662E1 4.08175E1 9.87514E1 9.37774E1 3.83055E1 3.61886E1 3.80555E1 4.64186E1 4.49676E1 3.51167E1 4.08196E1 4.09061E1 4.62932E1 3.54167E1 3.27648E1 4.62154E1 4.32399E1 4.80211E1 7.20829E1 6.90457E1 1.40321E1 2.0229E1
3.15955E1 6.82363E1 3.00834E1 3.43488E1 5.48897E1 3.27518E1 3.04493E1 5.75524E1 3.54866E1 2.53673E1 4.08211E1 3.23442E1 3.55207E1 6.79928E1 4.02915E1 1.02534E1 1.12948E1 1.15031E1 4.9378E1 4.95465E1 4.6188E1 7.82683E1 3.53411E1 3.15637E1 3.17249E1 2.20877E1 2.37522E1 3.97718E1 1.92435E1 3.80573E1 6.74697E1 4.25755E1 9.9346E1 5.97038E1 9.10699E1 4.14271E1 3.92786E1 7.45262E1 4.47302E1 4.59415E1 9.44164E1 4.12281E1 3.99111E1 9.63295E1 3.75826E1 1.28888E1 4.8789E1 3.73929E1 3.82108E1 5.61837E1 4.9818E1 1.14218E1 4.59321E1 3.30589E1 5.05806E1 5.49218E1 9.60082E1 5.5864E1 9.36049E1 9.83127E1 5.73021E1
1.28475E1 6.6906E1 3.84806E1 1.67331E1 6.49197E1 6.29232E1 3.24877E1 1.0781E1 1.25327E1 3.57779E1 5.73742E1 3.48259E1 4.13264E1 3.07813E1 5.88991E1 4.07713E1 1.35197E1 1.04158E1 1.74566E1 8.92044E1 8.12757E1 3.4447E1 4.41577E1 3.77599E1 1.59544E1 1.86545E1 1.73174E1 5.36207E1 4.12317E1 3.71312E1 7.63891E1 5.75095E1 1.56085E1 5.62806E1 1E2 4.20894E1 4.30982E1 6.6716E1 4.09094E1 6.48706E1 4.59961E1 4.10232E1 5.19833E1 4.11345E1 5.46586E1 4.77946E1 3.57255E1 3.83538E1 4.99613E1 5.67601E1 5.51486E1 3.51339E1 5.34341E1 4.09288E1 5.93398E1 9.80718E1 8.21236E1 8.90563E1 3.61794E1 3.7152E1 9.90353E1
1.26062E1 7.70678E1 4.69676E1 3.84646E1 3.55249E1 3.85715E1 7.60751E1 7.64591E1 5.86231E1 2.43842E1 6.05821E1 3.76423E1 3.73102E1 1.386E1 2.12748E1 2.94966E1 2.78132E1 5.41953E1 1.46714E1 5.25771E1 7.87999E1 3.20628E1 4.01777E1 3.69712E1 4.03575E1 1.74496E1 4.04753E1 5.58868E1 4.53071E1 4.05766E1 3.14301E1 9.58122E0 4.12715E1 6.46252E1 9.97494E1 7.37733E1 5.35404E1 4.57399E1 9.98156E1 5.91368E1 1.99045E1 6.85748E1 5.75829E1 5.26074E1 9.936E1 1.49051E1 4.68767E1 4.22433E1 3.90123E1 4.59103E1 4.89017E1 4.97161E1 7.13659E1 5.34158E1 9.01289E1 3.50874E1 4.04964E1 3.51351E1 7.6218E1 3.58092E1 4.89744E1
3.19183E1 6.93374E1 3.34593E1 3.59777E1 4.03713E1 5.97318E1 8.44248E1 4.9474E1 5.84297E1 3.76734E1 2.00212E1 3.62341E1 3.73505E1 1.08376E1 2.37991E1 3.27931E1 4.93963E1 2.94021E1 4.13208E1 3.79651E1 9.24583E1 2.31814E1 4.76847E1 2.12875E1 3.75038E1 3.91198E1 4.14565E1 4.2283E1 4.12826E1 3.62763E1 3.32473E1 9.90179E0 8.21377E1 4.53759E1 2.96548E1 6.56747E1 6.62258E1 6.46514E1 9.90614E1 6.00073E1 3.93872E1 2.14424E1 4.13208E1 1.24544E1 4.22895E1 9.73504E1 9.8861E1 9.92132E1 9.86128E1 9.86695E1 9.95815E1 9.8423E1 9.85902E1 5.50087E1 5.90821E1 1.54154E1 3.51817E1 3.54508E1 4.15506E1 3.66472E1 1.8545E1
4.59209E1 6.26585E1 2.9799E1 3.71933E1 3.43108E1 3.1686E1 8.15412E1 5.05472E1 3.26921E1 4.80093E1 3.79519E1 3.5857E1 4.42692E1 1.22077E1 2.84391E1 3.84575E1 1.82933E1 5.98341E1 7.13673E1 6.61037E1 9.1687E1 1.9617E1 1.47764E1 1.49281E1 3.89444E1 1.70839E1 3.77142E1 2.44844E1 4.22331E1 3.5656E1 3.25138E1 9.88967E0 1.1072E1 1.92795E1 4.9735E1 4.48234E1 8.77911E1 4.73041E1 4.7769E1 9.1888E1 9.95641E1 4.13579E1 5.24628E1 4.3195E1 4.208E1 4.5362E1 4.93443E1 7.71453E1 1.44315E1 4.95626E1 4.39246E1 7.60426E1 4.74077E1 5.39093E1 2.58182E1 2.22233E1 3.27665E1 3.16785E1 7.55557E1 3.38184E1 4.36328E1
8.14125E1 7.92982E1 3.95443E1 3.58603E1 3.15067E1 6.83301E1 4.14358E1 3.97798E1 2.23324E1 4.11619E1 6.07827E1 5.10199E1 3.76614E1 1.14311E1 5.45528E1 1.49665E1 5.28651E1 3.69343E1 3.95059E1 3.87947E1 3.90704E1 8.0309E1 1.87302E1 3.26843E1 3.8132E1 4.20727E1 4.08258E1 3.91521E1 4.61547E1 5.2303E1 9.94215E1 4.10024E1 4.63188E1 6.10469E1 6.35324E1 6.77524E1 8.80241E1 4.80767E1 5.4142E1 1.44815E1 1.52495E1 7.93687E1 5.53517E1 3.94205E1 4.64384E1 4.46997E1 3.24941E1 4.57371E1 6.52544E1 6.81639E1 3.3149E1 3.39279E1 3.50982E1 4.88328E1 1.99361E1 4.22181E1 6.04919E1 3.38135E1 7.70415E1 2.37218E1 4.63154E1
