outputallcorrectTI_nofloodareas_nofloodcontrols_veryspread/flood.asc
ncols         319
nrows         495
xllcorner     219017.22331753
yllcorner     4610852.5305323
cellsize      500.0
NODATA_value  -9999
[rows 108 to 134 of 495, columns 122 to 182 of 319]
5.68585E0 4.33363E1 1.39004E1 3.21922E0 1.00349E1 3.23744E0 2.70053E0 4.80456E0 4.63913E1 1.35768E1 8.4902E0 1.14487E0 2.02381E0 4.6208E0 1.30314E0 1.86835E0 7.01674E-1 6.7043E-1 5.45501E-1 4.00236E-1 1.76368E0 1.46388E0 1.5257E0 7.73722E-1 3.35066E0 7.29078E0 1.24022E0 6.48587E-1 9.26825E-1 5.34785E-1 7.08691E-1 1.90152E0 7.62585E-1 2.03029E0 2.37855E1 1.59309E1 1.68105E1 1.47644E1 4.05153E0 3.01073E0 9.55435E0 2.00443E0 1.54692E0 2.16014E0 1.19901E0 1.33917E0 3.47234E-1 4.19091E-1 4.56744E0 3.36751E-1 2.60746E-1 2.05809E-1 3.19612E-1 5.36363E-1 2.75444E0 1.599E0 4.76067E-1 5.71327E-1 8.91271E-1 1.98692E0 3.0095E0
1.63585E1 5.09313E0 1.34977E1 1.24751E1 9.62517E0 1.01253E1 2.96891E0 1.53387E1 4.63176E1 1.19885E1 2.95499E0 2.59399E0 6.18538E0 7.22895E0 9.55391E-1 7.46387E-1 1.98547E0 1.29404E0 6.72246E-1 6.60945E-1 2.38352E0 3.13317E0 5.73369E0 2.11792E0 1.10139E1 1.7316E0 5.2173E-1 5.47673E-1 6.11783E-1 7.74938E-1 5.96292E-1 1.02904E0 2.17304E0 1.04748E0 3.37108E0 2.42064E1 2.48208E1 2.50434E1 2.37332E1 2.17423E1 1.96444E1 1.78852E1 1.69803E1 4.95416E0 5.12659E0 1.6733E0 1.43487E0 3.82875E0 2.73805E-1 2.67567E-1 1.94407E-1 2.62073E-1 2.37955E-1 1.42024E0 1.38077E0 1.33269E0 7.09351E-1 5.71748E-1 5.30298E-1 1.2142E0 1.06507E1
4.13265E1 6.45184E0 5.24118E0 1.60747E1 1.4349E1 3.04931E0 3.99097E0 5.51062E0 4.55729E1 1.20633E1 2.85973E0 8.17078E0 2.10665E0 8.86408E-1 1.01055E0 2.30003E0 1.63003E0 1.69565E0 6.47263E-1 6.43486E-1 1.16688E0 1.41906E1 3.71043E0 1.0685E0 1.2918E1 2.17099E0 8.27539E-1 1.98689E0 6.68968E-1 1.14666E0 5.62066E-1 9.62248E-1 1.25153E0 1.55461E0 1.11152E0 2.54234E0 2.129E1 2.61937E1 1.5804E1 1.36176E1 1.16807E1 9.77083E0 9.40291E0 1.19286E1 5.25653E0 4.07894E0 3.48856E0 1.20517E0 9.24758E-1 3.00471E-1 2.52082E-1 5.38518E-1 3.69805E-1 3.70953E-1 6.08152E-1 6.14646E-1 2.08017E0 2.88768E0 1.94296E0 2.21271E0 1.31074E0
2.65706E1 6.55208E1 3.5087E1 6.3517E1 2.90204E1 1.33713E1 4.73523E0 2.0338E1 4.49157E1 1.30023E1 1.0971E1 6.85118E0 1.28347E0 1.17049E0 2.82787E0 1.33281E0 1.44236E1 1.06729E0 8.3743E-1 1.26611E0 1.10198E0 4.94962E0 2.5448E0 2.67063E0 1.16105E1 2.32307E0 1.33295E0 6.60245E-1 2.06987E0 1.73028E0 2.15457E0 6.39417E-1 3.05122E-1 8.68904E-1 7.13511E-1 1.00438E0 1.88937E0 1.39895E1 2.83841E1 1.21514E1 1.09453E1 1.14465E1 1.01551E1 1.98562E1 1.67361E1 1.03775E1 4.88011E0 4.95406E0 2.58089E0 3.65559E-1 5.57662E-1 1.30535E0 1.729E0 2.56278E-1 4.03375E-1 1.77044E0 1.03501E0 6.10415E-1 9.53388E-1 1.45163E0 7.22242E-1
2.95597E0 1.56449E1 1.8241E1 2.75948E1 6.51046E1 1.44385E1 4.873E0 4.69931E1 1.69852E1 1.17465E1 8.40967E0 1.05608E1 2.53875E0 3.71913E0 2.81453E0 7.0321E0 4.38691E0 3.22521E0 1.15334E0 2.58888E0 1.18974E0 2.67851E0 2.06182E1 1.05345E1 2.70899E0 6.59266E0 6.10438E0 2.22469E0 1.59091E1 1.90561E0 1.16709E0 9.37015E-1 3.45394E-1 4.23958E-1 5.86653E-1 8.18113E-1 1.43622E0 1.15989E1 1.8679E1 2.85343E1 2.43197E1 2.20023E1 2.09446E1 1.02453E1 2.81708E0 2.52456E0 7.8347E0 5.05146E0 5.21629E0 2.67861E0 3.67262E0 3.23992E-1 1.36153E0 3.28563E-1 3.21889E-1 4.5952E-1 2.92605E-1 5.2362E-1 1.10517E0 6.607E-1 5.80696E-1
1.82347E0 1.10964E1 1.87503E1 3.10516E1 6.71025E1 1.5972E1 9.18438E0 5.23323E1 1.65471E1 1.384E1 2.67992E1 1.15529E1 1.67038E1 2.50515E0 2.11845E0 5.45717E0 1.41235E0 6.93184E0 3.15738E0 2.03707E0 3.6188E0 1.74535E1 2.06535E0 8.32135E-1 2.83844E0 9.386E-1 1.31271E0 1.55906E0 2.4803E0 5.70261E-1 9.29223E-1 2.98162E-1 6.7947E-1 6.43152E-1 1.15807E0 4.4056E0 8.51576E-1 2.63925E0 8.98923E0 1.22384E1 1.26799E1 1.29069E1 1.41496E1 1.13965E1 9.85477E0 1.35287E1 9.36895E0 1.08449E1 9.79459E0 4.7941E0 1.80393E0 9.1169E-1 3.17442E-1 5.46329E-1 7.51709E-1 1.22699E0 2.32096E-1 2.52443E-1 6.76119E-1 8.88262E-1 8.05326E-1
2.77832E0 4.42858E0 1.96633E1 7.38457E1 2.4016E1 1.94194E1 2.30704E1 5.14633E1 1.66738E1 1.38327E1 3.30996E1 1.95628E1 1.11022E1 1.05331E1 6.0522E0 9.21104E-1 3.20934E0 3.59354E0 3.11189E0 5.39978E0 1.84593E1 2.5777E0 1.07918E0 1.35572E0 9.28967E-1 5.78282E-1 5.62692E-1 9.73568E-1 6.95251E-1 5.12337E-1 6.38426E-1 6.99537E-1 6.14718E-1 6.65503E-1 6.36759E-1 3.67545E-1 5.83618E-1 7.11765E0 1.17354E0 9.0601E0 8.43252E0 1.06018E1 1.70675E1 1.09203E1 1.54881E1 1.13754E1 1.06505E1 1.81697E1 2.52247E0 1.64019E0 1.63354E0 2.77425E0 1.07363E0 1.40881E0 5.22307E-1 5.3718E-1 2.47292E-1 2.00712E-1 4.34735E-1 2.6055E0 1.28501E0
3.15624E0 3.87409E0 2.35438E1 7.78873E1 2.51942E1 2.27448E1 5.89095E1 2.07629E1 1.44495E1 3.12725E1 1.77179E1 4.66799E0 2.43947E1 7.12433E0 2.74316E0 3.20715E0 4.80102E0 5.50888E0 1.59676E1 4.51808E1 3.12665E0 1.03775E1 2.96501E1 8.16787E0 1.18189E0 1.0218E0 2.07014E0 9.99118E-1 5.76761E-1 4.03701E-1 4.1977E-1 7.57086E-1 5.08992E-1 1.96993E0 2.17175E0 6.85472E-1 2.00027E0 9.73499E-1 7.30643E-1 1.02317E0 3.6072E0 9.89827E0 1.83298E1 6.41801E0 4.3456E0 3.17486E0 1.16049E1 1.76496E1 3.10995E0 2.56195E0 1.08028E1 1.10268E1 1.55042E0 5.54545E-1 8.62799E-1 5.87982E-1 7.26846E-1 7.83153E-1 3.12153E-1 3.40006E-1 7.37455E-1
5.4793E0 5.20292E0 6.67414E1 2.65805E1 2.43572E1 5.90773E1 3.96665E1 3.37022E1 2.92724E1 3.74288E0 5.29589E0 2.88369E1 4.52423E0 8.83707E0 1.75438E0 1.52916E1 5.87449E1 4.38898E1 1.37911E1 2.69475E0 3.64497E0 1.15449E0 1.94448E0 4.15347E0 8.34999E0 7.08638E0 7.4008E-1 1.26475E0 3.02015E0 2.93479E0 7.01435E-1 1.43164E0 2.19783E0 2.13018E0 5.1369E0 1.59506E0 1.4396E0 6.91196E-1 2.12263E0 2.168E0 9.38742E-1 9.24128E0 1.28272E1 2.18809E1 5.02231E0 4.58252E0 1.07606E1 6.37918E0 7.41293E0 6.5401E0 3.76902E0 4.28737E0 1.08662E1 1.73281E0 1.35073E0 1.03665E0 1.1987E0 4.63781E-1 5.43554E-1 2.78087E-1 9.69977E-1
4.67675E1 4.82462E1 6.71155E1 6.77336E1 6.32962E1 2.44921E1 2.19449E1 1.70469E1 1.51656E1 3.52585E0 3.49996E1 1.27862E1 1.0323E1 2.87682E0 2.35598E0 4.5044E1 4.69339E0 3.78121E0 2.01957E0 1.90447E0 2.32613E0 9.14455E-1 3.74336E0 8.57542E0 1.50155E0 8.8383E0 3.50031E0 9.14955E-1 4.89067E0 3.10861E0 6.42838E0 1.05455E0 1.22463E0 7.60422E-1 2.47425E0 6.1385E-1 1.86871E0 2.22854E0 2.29304E0 2.26089E0 2.84624E0 4.43424E0 8.42168E0 1.81874E1 2.23988E1 1.88805E1 1.1407E1 7.25295E0 3.33734E0 4.09824E0 4.49608E0 1.68727E1 4.31979E0 8.53126E0 1.17573E0 1.86799E0 6.71092E-1 5.02851E-1 5.94737E-1 6.89326E-1 6.14505E-1
3.13653E0 3.76685E0 1.54864E1 7.38615E1 2.85829E1 3.30197E1 2.36518E1 1.72132E1 2.0843E1 3.51029E1 1.52771E1 1.49704E1 1.15095E1 9.09458E0 1.4589E1 4.88037E1 4.43793E0 9.0037E0 2.35133E0 7.58618E-1 8.16929E-1 7.15569E-1 2.38584E0 3.43609E0 3.94068E0 5.21853E0 1.53321E0 7.06938E0 8.53076E0 1.61153E1 3.32728E0 2.10054E0 1.98393E0 1.84762E0 1.70677E0 1.55255E0 2.91055E-1 5.95578E-1 1.07339E0 2.63006E0 1.11041E0 1.43967E1 1.46964E1 7.99268E0 1.73294E1 2.57745E1 1.35445E1 7.47747E0 1.16459E1 5.27854E0 5.34616E0 2.08095E1 3.03665E0 4.35224E0 1.93654E0 1.00225E0 9.74979E-1 4.98666E-1 1.42065E0 7.55153E-1 4.02932E-1
2.33358E0 3.01463E0 2.11867E1 3.21881E1 6.87343E1 7.47125E1 2.94898E1 2.60902E1 3.66059E1 1.64873E1 1.77847E1 1.19795E1 1.20199E1 3.663E0 4.56294E1 9.28892E0 5.80537E0 4.31571E0 6.75818E0 9.09793E-1 1.30659E0 8.06261E-1 1.9214E0 8.53015E-1 1.51819E0 2.01808E0 2.55766E0 2.53523E0 3.73539E0 2.35057E0 5.91429E0 2.42141E0 1.9888E0 1.97367E0 1.82479E0 2.34385E-1 2.19652E-1 4.4042E-1 1.49256E0 1.73928E0 1.79665E0 9.28827E-1 4.40117E0 1.12069E0 9.54781E0 2.14187E1 2.69561E1 3.11153E1 3.84757E0 5.7293E0 1.06442E1 2.25234E1 1.92187E1 2.86303E0 9.81444E0 1.48064E0 1.01345E0 1.26591E0 8.07446E-1 3.57978E-1 4.94389E-1
2.1894E0 4.51815E0 3.80032E0 2.61493E1 1.39626E1 1.88704E1 8.78557E1 4.29232E1 2.10622E1 7.66958E0 1.50435E1 1.34918E1 1.14539E1 1.51316E1 5.42524E1 3.8055E0 2.66806E0 2.55306E0 8.20593E0 3.21449E0 9.78962E-1 9.88619E-1 1.91206E0 7.46887E-1 8.46219E-1 3.06837E0 1.82563E0 2.26258E0 7.63663E-1 5.06196E-1 1.6298E0 2.36626E0 6.53252E0 3.51081E0 1.92955E0 2.29964E-1 4.10431E-1 5.72484E-1 8.77252E-1 5.50233E-1 8.02076E-1 3.61615E0 5.55417E0 2.65276E0 1.23238E1 1.49661E1 2.05496E1 1.17089E1 2.98465E1 3.55221E1 1.37073E1 1.71207E1 3.89566E0 1.23667E1 1.17794E1 1.08051E1 3.73162E0 1.91619E0 6.15354E-1 1.04902E0 6.64447E-1
2.06273E0 2.52331E0 7.91991E0 4.47603E0 4.27499E0 2.61123E1 6.86289E1 2.94439E1 2.62067E1 2.52705E1 1.87623E1 1.44142E1 4.32753E0 1.97564E1 5.38367E1 1.47055E1 3.42961E0 1.05699E1 5.06756E0 1.37857E0 1.36924E0 1.45859E0 1.17565E0 8.33823E-1 7.02327E-1 8.71764E-1 1.84381E0 2.12709E0 5.12988E-1 6.65864E-1 1.21289E0 5.46679E-1 8.53912E-1 2.22001E0 1.42627E0 3.72153E-1 1.57758E0 3.16518E-1 3.17614E-1 5.68927E-1 7.43348E-1 1.49122E0 1.99812E0 2.75395E0 1.37735E0 7.91082E0 9.20693E0 1.08609E1 1.15553E1 1.1212E1 3.24602E1 1.30129E1 4.73224E0 2.03048E1 1.53143E1 1.20129E1 1.58629E1 3.1617E0 1.30924E0 2.69182E0 5.41597E-1
2.11502E0 4.02114E0 7.84597E0 4.14467E0 2.47571E1 4.69573E0 1.54304E1 6.34562E1 6.86179E1 2.35344E1 2.4053E1 6.08001E0 5.52779E0 2.50991E1 5.28528E1 2.49461E1 7.52062E0 6.0203E0 2.23199E0 4.21635E0 4.58472E0 1.55639E0 3.10156E0 1.44084E0 8.09E-1 1.883E0 1.74145E0 2.01855E0 2.07781E0 1.90337E0 6.47639E-1 2.78775E-1 5.71253E-1 1.7755E0 1.65622E0 1.29096E0 5.34361E-1 7.87696E-1 5.50525E-1 4.77043E-1 1.92133E0 8.60313E-1 1.17231E0 1.46512E0 3.21469E0 7.92273E0 9.40479E0 1.09159E1 2.90917E1 2.74549E1 3.82855E1 1.55157E1 1.1858E1 4.42207E0 1.90986E1 1.19602E1 7.12867E0 5.31093E0 3.73953E0 1.28545E0 1.05542E0
3.3265E0 7.34559E0 2.52645E0 6.09769E0 3.56494E0 3.94536E0 7.2431E0 3.85111E0 1.65985E1 6.80285E1 7.19743E1 1.95068E1 2.31326E1 2.78143E1 5.10905E0 3.32982E0 3.11028E0 2.30954E0 2.38538E0 1.1425E1 2.29339E0 1.55045E0 5.06476E0 1.11418E0 7.76299E-1 1.27997E0 8.41667E-1 1.39495E0 4.46281E-1 5.45061E-1 3.17146E-1 2.33789E-1 2.12048E-1 2.38937E-1 2.54434E-1 3.53915E-1 4.87985E-1 1.45442E0 1.73286E0 9.62213E-1 1.01022E0 9.87395E-1 1.04595E0 3.54233E0 8.5934E0 2.17679E1 2.47932E1 6.41075E0 1.86817E0 9.1367E0 1.03007E1 3.38983E1 1.32878E1 4.43628E0 2.11391E1 4.13994E0 7.79052E0 1.09835E1 9.86223E0 9.94808E0 3.65021E0
1.517E0 5.27203E0 1.07653E1 7.67121E0 4.07715E0 3.77535E0 7.56896E0 4.3685E0 4.84903E0 2.95787E1 3.35034E1 7.87384E1 6.1999E1 2.17538E1 1.65939E1 6.15311E0 4.56769E0 2.21901E0 1.51324E0 1.16108E1 3.42277E0 5.20932E0 1.57522E0 1.40125E0 6.16123E0 6.54122E0 5.43541E0 2.16734E0 2.15375E0 1.95041E0 1.70425E0 1.91642E-1 2.4851E-1 1.76023E-1 3.17127E-1 1.83624E0 2.51344E0 6.81006E-1 2.22813E0 6.5943E0 1.06842E0 1.74524E0 4.13774E0 1.02725E1 7.32078E0 7.18849E0 8.62502E0 1.40931E1 1.0267E0 1.02168E0 6.15609E0 8.63473E0 3.88784E1 1.37918E1 2.83232E1 3.44912E0 2.20837E1 1.07849E1 1.08257E1 1.82252E1 2.28545E0
1.26568E0 2.57269E0 2.07326E0 4.32711E0 3.11321E0 3.33631E0 4.53376E0 8.49202E0 1.18646E1 3.27185E0 5.26767E0 1.91793E1 6.76033E1 6.1999E1 2.48652E1 1.33709E1 1.05261E1 2.49643E0 1.95629E0 3.05992E1 1.96403E1 7.64473E0 7.72733E0 1.74338E1 1.15167E0 1.47524E0 1.02113E0 4.49952E-1 2.56028E0 1.68959E0 8.32582E-1 4.6476E-1 1.89319E-1 2.43947E-1 2.46976E-1 2.92666E-1 4.80287E-1 6.4153E-1 1.85335E0 3.98253E0 8.83907E0 1.52339E1 1.87062E1 1.79781E1 4.78251E0 1.31978E0 3.47424E0 1.07971E1 5.04367E0 9.47182E-1 1.00974E0 8.46886E0 2.7159E1 1.1287E1 3.35598E1 1.18791E1 2.35076E1 1.16262E1 2.08581E1 1.18833E1 1.15379E1
4.86683E-1 1.61603E0 7.05716E-1 2.22039E0 2.44119E0 3.66772E0 8.77557E0 4.60469E0 2.10481E1 3.24749E0 2.36719E0 2.67274E0 1.7399E1 6.97754E1 2.96117E1 1.9489E1 4.66514E0 5.6452E0 1.092E1 4.69472E0 1.31677E0 2.5464E0 8.07767E-1 1.05416E0 7.39581E-1 7.18839E-1 5.41839E-1 5.74786E-1 2.9721E-1 6.5119E-1 7.21704E-1 3.69263E-1 3.05165E-1 3.48426E-1 1.84561E-1 3.15817E-1 7.1221E-1 3.2487E0 9.15597E-1 1.82391E0 9.29862E-1 3.92616E0 3.9333E0 5.8015E0 1.17961E0 7.88305E-1 1.06477E0 5.03715E0 2.49994E0 6.96239E-1 9.30649E-1 9.19592E-1 6.4606E0 1.16661E1 2.21091E0 3.48953E0 1.02193E1 1.33705E1 2.32589E1 1.46145E1 1.83856E1
1.03592E0 1.05608E0 2.30171E-1 8.90542E-1 2.70137E0 4.64576E0 3.27419E0 6.10967E0 4.08939E0 1.17925E0 1.03231E0 1.68278E0 3.39337E0 2.11312E1 7.09633E1 1.49859E1 4.23083E0 6.41769E0 1.34244E1 2.50044E0 3.72191E0 1.42169E0 1.43677E0 9.0009E-1 7.03458E-1 1.12102E0 1.82331E0 8.18946E-1 3.48471E-1 4.07209E-1 1.97123E0 1.64309E0 2.05675E0 3.69898E-1 2.69151E-1 4.06356E-1 5.60822E-1 7.084E-1 3.57159E0 8.81218E-1 3.67677E-1 9.72585E-1 2.29605E0 4.53522E0 5.99308E-1 6.02296E-1 2.9877E0 4.45015E0 8.07555E-1 6.37764E-1 7.76963E-1 1.16439E0 3.64616E0 3.23505E0 8.02195E0 1.54369E0 1.00494E1 3.54217E1 1.28206E1 3.06251E0 3.14645E0
8.97784E-1 4.11733E-1 3.49667E-1 2.38068E-1 8.53758E-1 1.23402E0 9.26502E0 1.7035E1 2.24808E0 6.9298E-1 6.24973E-1 1.91711E0 1.89836E0 1.77504E1 6.77862E1 6.97101E0 4.11231E0 3.65526E0 1.18035E1 2.42402E0 1.46476E0 3.17349E0 2.79815E0 1.25535E0 9.99944E-1 1.39946E0 7.30856E-1 1.13855E0 7.89287E-1 1.96444E0 1.80165E0 2.15662E0 2.84452E0 8.29549E-1 1.08179E0 5.28609E-1 2.02247E-1 3.27256E-1 7.07864E-1 4.20625E-1 3.24766E-1 5.32272E-1 7.09751E-1 6.98308E-1 7.07048E-1 2.02534E0 4.61715E-1 2.23642E0 7.89634E-1 7.08642E-1 2.44903E0 3.73022E0 3.82483E0 1.61707E0 2.55507E0 6.88962E-1 8.09278E-1 8.59813E0 3.59136E1 1.13452E1 3.01725E0
9.0623E-1 9.21465E-1 6.09005E-1 2.41121E-1 1.32057E0 2.2536E0 2.81441E0 9.46723E0 2.31331E0 6.37735E-1 5.24436E-1 6.79323E-1 1.90316E0 2.88327E0 6.2612E1 1.96132E1 5.41583E0 1.25343E1 4.85638E0 3.01252E0 5.44517E0 6.57782E0 3.22796E0 1.01213E0 1.8304E0 2.28661E0 1.83881E0 4.58172E-1 4.78048E-1 3.08671E-1 1.77868E0 4.06471E0 4.76628E0 1.67225E0 5.05267E-1 4.00667E-1 4.91928E-1 3.33083E-1 4.61282E-1 4.21318E-1 4.60097E-1 4.7214E-1 7.16323E-1 2.00529E0 2.45769E0 7.50393E-1 1.9892E0 4.70269E-1 6.96803E-1 1.5203E0 1.369E1 9.4616E0 8.43623E0 3.02705E0 4.20778E0 2.57574E0 1.95707E0 9.71278E-1 3.0494E1 1.24846E1 2.88704E0
1.24911E0 3.65476E0 1.58436E0 4.3273E-1 1.2535E0 3.58206E0 5.05933E0 1.67239E0 2.1753E0 1.11911E0 1.27149E0 8.63289E-1 2.09719E0 3.70245E0 1.86834E1 7.69318E1 4.67174E1 2.08828E1 1.40019E1 9.20911E0 2.94909E0 5.39545E0 1.7494E0 1.43174E0 1.84598E0 6.02115E0 1.00495E0 4.85312E-1 1.05772E0 5.86039E-1 5.96091E-1 1.28638E0 2.20822E0 7.9165E-1 1.62253E0 5.25314E-1 8.66773E-1 2.29549E-1 2.49762E-1 1.23731E0 3.37303E-1 5.41238E-1 7.13125E-1 1.11814E0 1.93831E0 3.03165E0 1.99489E0 2.56441E0 4.64325E0 1.14557E0 1.44027E0 5.2567E0 1.44732E1 4.08071E0 1.19551E0 1.13662E0 2.40974E0 2.82353E0 2.26438E0 3.80955E1 3.971E1
8.68808E-1 2.04777E0 2.72772E0 1.81229E0 1.09549E0 2.94191E0 6.16873E0 2.45482E0 4.51411E0 4.57758E0 7.11375E0 1.93879E0 1.37097E1 4.04913E0 2.09503E1 7.10271E1 2.98642E1 2.01535E1 2.44099E1 4.98747E0 5.74882E0 2.31322E0 1.53789E0 1.40479E0 6.17456E0 2.74252E0 6.18045E-1 1.11399E0 1.78849E0 1.08654E0 1.72174E0 5.4806E0 7.49156E-1 9.065E-1 2.85733E0 4.79028E0 4.99144E-1 2.84158E-1 1.3299E0 2.48516E-1 8.03552E-1 1.4365E0 1.29049E0 6.75383E-1 5.35562E-1 1.70926E0 6.6859E-1 1.89766E0 2.82898E0 3.17392E0 1.13464E0 2.49646E0 2.51694E1 2.60866E0 3.50717E0 7.26697E0 3.94687E0 3.44762E0 1.68115E0 4.78013E0 4.47841E0
2.53865E0 2.16221E0 5.28924E0 3.07607E0 1.24725E0 2.92424E0 6.59654E0 2.64125E0 2.79037E0 8.18179E0 1.2052E1 2.77615E0 2.99192E1 2.55213E1 5.02772E1 7.02913E0 7.31332E1 3.21074E1 1.02775E1 8.78186E0 3.69009E0 2.60488E0 3.53998E0 6.00329E0 2.91445E0 1.24083E0 8.73723E-1 1.36798E0 9.42823E-1 1.93956E0 7.18763E0 1.36687E0 4.93E-1 1.02802E0 9.32315E0 9.59432E-1 5.25559E-1 3.17711E-1 4.47616E-1 1.71259E0 4.99464E-1 1.68342E0 1.9083E0 1.86961E0 9.99142E-1 1.97212E0 2.13298E0 2.29286E0 2.70623E0 1.113E0 4.05175E0 4.86405E1 4.9408E1 3.12835E0 8.39882E0 1.34112E1 5.51326E0 2.58765E0 3.89595E0 4.45592E0 4.27229E0
4.13557E0 2.53487E0 1.92136E1 9.06369E0 2.6117E0 3.07203E0 8.82177E0 1.19219E1 1.03516E1 1.02557E1 1.2125E1 1.90858E1 4.8185E0 1.69938E1 1.59731E1 1.90936E1 7.23646E1 3.82902E1 2.12167E1 4.97241E0 6.46185E0 5.19297E0 2.8924E0 2.06604E1 1.31405E0 1.24795E0 5.09924E0 1.3481E0 9.54415E-1 9.887E-1 5.86452E0 1.2639E0 3.27236E0 6.55995E0 8.39038E-1 6.14414E-1 1.92397E0 2.41363E0 1.05264E0 8.39447E-1 4.34576E-1 1.51065E0 5.23839E-1 2.20592E0 1.90216E0 1.15468E1 9.40276E-1 1.18649E0 7.98632E0 9.93084E0 2.20437E1 1.02707E1 9.64589E0 4.96781E1 3.19866E0 4.60092E1 1.79265E1 1.11489E1 8.29714E0 2.88916E0 1.1558E1
3.6338E0 3.3256E0 3.69366E0 1.81555E1 6.05482E0 1.17351E1 2.81095E1 2.52478E0 7.11954E-1 7.12254E-1 2.15045E0 2.7553E0 3.61681E0 4.53725E0 4.53432E0 1.86929E1 6.89862E1 2.98003E1 2.17205E1 1.64917E1 6.35299E0 1.13519E1 3.38751E0 6.65254E0 1.17528E0 1.26365E0 4.56843E0 1.10397E0 2.70642E0 2.794E0 8.56261E0 4.57422E0 2.80462E0 4.75207E-1 5.90713E-1 5.70553E-1 1.59064E0 9.30502E-1 6.1469E0 1.94055E0 7.92796E-1 3.13769E0 1.30365E0 2.39239E0 2.1417E0 4.54582E0 9.47658E0 6.91942E0 1.33772E1 4.97464E1 1.1111E1 2.01043E0 9.90766E0 3.38156E0 2.18186E1 5.13011E1 1.23617E1 4.15527E1 8.70062E0 9.32039E0 1.92823E1
