outputallcorrectTI_nofloodareas_nofloodcontrols_BK10/flood.asc
ncols         319
nrows         495
xllcorner     219017.22331753
yllcorner     4610852.5305323
cellsize      500.0
NODATA_value  -9999
[rows 338 to 363 of 495, columns 60 to 119 of 319]
-9999 -9999 -9999 -9999 -9999 -9999 -9999 -9999 -9999 -9999 -9999 -9999 -9999 -9999 -9999 -9999 -9999 -9999 -9999 -9999 8.53747E0 7.42706E-1 2.16525E0 1.22095E0 6.20969E-1 2.64787E-2 5.45169E-3 3.42284E-2 2.90046E-2 1.90105E-2 5.55735E-3 2.1062E-3 2.29135E-2 2.98028E-2 -9999 -9999 -9999 -9999 -9999 2.04497E-1 7.21332E-2 4.86963E-2 1.18559E-2 2.88856E-2 6.35979E-3 4.28195E-2 3.80863E-2 1.48331E-1 2.93473E0 3.74973E-1 3.9546E0 7.67704E-1 1.2562E0 2.59907E0 7.00655E-1 9.4803E-1 1.33767E1 5.46658E0 8.90516E-1 9.41882E-1
-9999 -9999 -9999 -9999 -9999 -9999 -9999 -9999 -9999 -9999 -9999 -9999 -9999 -9999 -9999 -9999 -9999 -9999 -9999 -9999 1.54578E0 2.98551E0 3.23307E0 1.34692E0 7.15448E-1 5.16498E-2 4.62902E-2 2.82294E-2 2.19792E-2 4.22152E-3 6.37518E-3 9.88612E-3 5.96514E-2 2.09853E-1 -9999 -9999 -9999 -9999 -9999 2.0656E-1 6.82456E-2 2.33292E-2 4.31226E-2 7.74034E-3 3.93102E-2 4.73753E-2 3.55388E0 2.31675E-1 7.58377E0 1.27037E1 2.4693E0 6.23333E0 7.30866E0 7.39687E0 5.2591E0 5.27853E0 5.23932E0 5.22795E0 2.41906E1 4.9363E0
-9999 -9999 -9999 -9999 -9999 -9999 -9999 -9999 -9999 -9999 -9999 -9999 -9999 -9999 -9999 -9999 -9999 -9999 -9999 -9999 3.42393E0 3.75972E0 3.34222E0 3.06612E0 7.03023E-1 5.49611E-2 4.7404E-2 5.01738E-3 4.09708E-3 4.11982E-3 1.54289E-2 2.52673E-2 8.44392E-2 2.34732E-1 -9999 -9999 -9999 2.42913E-1 2.35623E-1 1.78754E-1 1.55644E-1 1.06444E-2 1.98834E-2 2.91074E-2 1.42996E-2 1.22017E-2 1.53828E-1 3.24521E0 5.11476E-1 9.26851E0 9.10376E0 1.07652E0 1.75172E0 1.05699E0 6.04517E-1 1.00152E0 2.63494E0 6.55947E0 3.45604E0 2.4256E1
-9999 -9999 -9999 -9999 -9999 -9999 -9999 -9999 -9999 -9999 -9999 -9999 -9999 -9999 -9999 -9999 -9999 -9999 -9999 -9999 3.51086E0 3.50007E0 3.32466E0 1.25854E0 5.60627E-1 5.8327E-2 5.78331E-2 3.70196E-2 2.30751E-2 9.97009E-3 1.15515E-2 5.42882E-3 8.38414E-2 1.59912E-1 1.89625E-1 2.03131E-1 2.08227E-1 2.01396E-1 1.8359E-1 1.83336E-1 7.40948E-2 3.49101E-2 2.56967E-2 1.82597E-2 1.60937E0 3.01712E-1 1.57346E0 3.55935E0 6.1615E-1 6.49885E0 7.55474E0 5.33093E0 8.02304E0 3.91904E0 2.23907E0 4.01803E0 9.21302E0 6.91968E0 4.41843E0 1.16163E1
-9999 -9999 -9999 -9999 -9999 -9999 -9999 -9999 -9999 -9999 -9999 -9999 -9999 -9999 -9999 -9999 -9999 -9999 -9999 9.08419E0 2.48473E0 3.04088E0 2.92883E0 2.89859E0 6.76493E-1 1.56714E-2 1.75734E-2 2.70521E-2 4.45077E-2 2.30852E-2 5.07751E-3 1.75288E-2 3.60823E-2 7.92709E-2 9.51581E-2 1.11098E-1 1.24571E-1 1.40567E-1 1.07123E-1 1.64968E-2 4.65195E-2 7.51147E-2 1.01791E-2 3.01945E-2 1.68734E-1 6.36279E-1 3.61485E-1 4.12225E-1 1.31691E1 1.76158E0 4.51049E0 2.35018E0 1.89635E0 7.72869E-1 1.99796E0 3.08531E0 1.19051E1 5.25882E0 2.07563E0 1.18257E0
-9999 -9999 -9999 -9999 -9999 -9999 -9999 -9999 -9999 -9999 -9999 -9999 -9999 -9999 -9999 -9999 -9999 -9999 1.95428E0 1.35071E0 3.13091E-1 2.92416E-1 1.3337E-1 1.5946E-1 5.64032E-1 9.58295E-1 6.9147E-2 8.9723E-2 3.5839E-2 2.4866E-2 4.11569E-3 1.11801E-2 3.5204E-2 1.03985E-2 8.65123E-3 8.75822E-3 9.53154E-3 4.73592E-2 6.64512E-2 6.20251E-2 3.87854E-2 1.01604E-1 1.05992E0 1.79161E-2 1.25486E0 3.30043E0 3.45876E0 6.93731E0 6.31756E0 1.10747E0 1.08407E0 5.15819E0 3.45531E0 8.01278E-1 8.52533E-1 1.05741E0 1.86757E0 3.89459E0 3.12239E0 1.17358E0
-9999 -9999 -9999 -9999 -9999 -9999 -9999 -9999 -9999 -9999 -9999 -9999 -9999 -9999 -9999 -9999 -9999 -9999 1.25712E0 5.46019E-1 4.57772E-1 4.11206E-1 2.10423E-1 2.27477E-1 4.27529E-2 4.60183E-1 5.57587E-2 2.87668E-2 6.35986E-2 2.73276E-2 9.1913E-2 1.10755E-2 1.41462E-2 4.64541E-2 1.5653E-2 1.25485E-2 4.83824E-2 1.0228E-2 2.97284E-2 1.26483E-2 3.35473E-2 4.87329E-2 1.60835E-1 2.98838E0 2.81926E-1 1.42089E0 5.65107E-1 1.31644E1 1.25286E0 7.83689E0 5.17513E0 6.05778E0 4.10633E0 2.98983E0 2.73951E0 1.52617E0 5.94747E0 1.20993E1 5.2107E0 2.43617E0
-9999 -9999 -9999 -9999 -9999 -9999 -9999 -9999 -9999 -9999 -9999 -9999 -9999 -9999 -9999 -9999 -9999 1.27014E1 6.09316E0 5.13132E-1 7.26722E-1 4.40608E0 3.04946E0 1.95792E-1 2.28523E-1 9.17292E-1 2.06572E-2 3.45612E-2 6.5569E-2 4.84099E-2 3.33964E-2 1.08123E-2 4.19264E-2 1.23105E-2 1.77495E-2 3.224E-2 2.91492E-2 3.92929E-2 1.48477E-2 5.01272E-2 3.90046E-1 5.27153E-1 1.82493E-1 1.0357E1 6.78276E-1 4.80884E-1 1.13088E1 7.10768E0 6.60636E0 1.17911E0 1.62359E0 1.38782E0 7.91011E-1 4.41136E0 4.3111E0 3.52914E0 1.38263E0 8.01014E-1 4.64065E0 5.13301E0
-9999 -9999 -9999 -9999 -9999 -9999 -9999 -9999 -9999 -9999 -9999 -9999 -9999 -9999 -9999 -9999 -9999 2.27042E0 8.81548E0 3.79559E0 3.52627E0 4.27348E-1 6.66738E-1 2.55377E-1 1.65048E0 1.01208E0 9.66253E-1 1.00167E0 2.71986E-2 2.7931E-2 5.60634E-2 4.1766E-2 3.14786E-2 3.15988E-2 1.472E-2 3.00142E-2 4.60246E-2 1.29624E-2 5.20727E-2 1.66214E-1 8.98001E-1 3.37831E0 5.5335E-1 1.32233E0 3.99432E0 4.42089E0 2.04176E0 1.35412E0 6.28701E0 2.128E0 1.0826E0 3.20913E0 4.36202E-1 6.80048E-1 8.28645E0 1.22632E1 4.75105E0 4.64462E0 2.23654E1 2.17776E1
-9999 -9999 -9999 -9999 -9999 -9999 -9999 -9999 -9999 -9999 -9999 -9999 -9999 -9999 -9999 -9999 1.13069E0 2.3816E0 5.60085E0 6.80918E-1 1.10934E0 3.23457E0 1.54192E0 2.50577E0 2.32703E0 2.22633E-1 3.99351E-1 8.43965E-1 2.1404E-2 7.55043E-2 6.64537E0 4.41399E-2 2.75393E-2 3.86021E-2 3.35101E-2 2.99669E-2 4.8864E-2 6.12362E-1 1.32977E0 1.91861E-1 2.01438E-1 2.87213E-1 1.458E1 1.5378E0 2.14843E1 8.25882E0 6.925E0 9.36141E-1 5.30196E0 1.32554E0 2.98889E0 4.4248E0 1.06948E0 7.7245E0 7.8761E0 1.26824E0 4.70704E-1 6.7118E-1 7.62181E-1 5.13904E-1
-9999 -9999 -9999 -9999 -9999 -9999 -9999 -9999 -9999 -9999 -9999 -9999 -9999 -9999 -9999 -9999 9.64828E0 4.1596E0 3.45426E-1 7.36297E-1 6.78326E0 1.83736E-1 1.49351E-1 8.14116E-1 7.40206E-1 1.68954E-2 2.7388E-1 1.26581E0 9.91135E-1 1.93113E-1 2.16165E-1 9.90414E-1 2.77131E-2 1.42088E-2 8.89347E-2 1.42762E-2 1.627E-1 1.16323E0 1.60794E0 5.88571E-1 1.32709E0 5.1303E-1 7.95536E-1 1.33654E1 2.19068E0 1.12E0 1.32725E0 4.87834E0 6.21578E-1 3.8525E0 4.84553E0 9.62861E-1 4.35912E0 1.42453E0 4.20767E0 2.12583E1 8.35099E0 8.62757E0 1.36274E0 7.57624E0
-9999 -9999 -9999 -9999 -9999 -9999 -9999 -9999 -9999 -9999 -9999 -9999 -9999 -9999 -9999 7.28016E0 1.62925E0 5.21885E-1 6.66584E-1 4.04471E0 5.7622E0 3.50144E0 1.20074E-1 6.25864E-2 1.21276E-2 1.508E-2 4.76413E-2 1.05106E0 2.49535E0 1.08152E0 3.00672E-1 1.03106E0 1.79768E-1 3.123E-1 7.00085E-1 3.10191E-1 1.58978E-1 1.08194E0 3.47823E0 3.9527E-1 5.68191E0 1.73096E0 6.62889E-1 2.57606E0 6.5734E0 1.39537E0 8.22877E-1 7.79115E-1 5.24849E0 5.14453E0 3.49169E0 2.78846E0 1.12104E0 4.59237E0 7.10062E0 2.47443E1 8.54409E0 1.93543E1 2.19145E1 3.42916E0
-9999 -9999 -9999 -9999 -9999 -9999 -9999 -9999 -9999 -9999 -9999 -9999 -9999 -9999 -9999 9.05045E0 4.02938E0 1.12794E0 5.37375E0 3.87448E0 9.42471E-1 3.76095E0 3.51985E-1 2.9065E-2 1.85375E-2 9.4288E-3 2.28502E-2 1.53423E-2 2.32695E-1 4.72485E-1 1.08105E0 1.69647E0 4.85691E-1 2.49417E-1 3.61215E0 3.8656E-1 1.94486E0 3.67011E-1 1.29808E1 7.40362E0 1.29637E1 5.88037E-1 2.7437E0 8.56533E0 1.55132E0 7.76823E0 2.28415E1 1.18716E1 2.62733E0 2.40842E1 1.78925E1 2.38765E1 4.84409E0 2.16664E1 8.87186E0 2.58068E1 2.70438E1 2.69065E1 2.68217E1 6.2206E0
-9999 -9999 -9999 -9999 -9999 -9999 -9999 -9999 -9999 -9999 -9999 -9999 -9999 -9999 -9999 9.70881E-1 3.61186E0 4.88204E0 2.58509E0 6.41849E0 5.38117E0 6.72101E-1 9.54034E-2 1.24134E-2 2.4799E-2 9.68552E-3 2.05442E-2 4.57211E-2 8.6362E-1 2.13114E0 1.76458E0 2.7063E-1 2.19602E0 9.6078E0 1.90738E0 2.7269E1 9.97642E-1 1.0248E1 1.39812E0 1.49833E1 1.46403E1 1.90345E1 2.37874E0 9.63292E-1 5.67902E0 2.56515E0 6.26794E-1 4.03219E0 4.48762E0 1.40569E1 5.18154E0 4.29481E0 5.12716E0 2.5695E1 2.17665E1 1.05618E1 1.11253E1 1.71457E1 9.87641E0 5.11726E0
-9999 -9999 -9999 -9999 -9999 -9999 -9999 -9999 -9999 -9999 -9999 -9999 -9999 -9999 -9999 1.64239E0 7.33571E-1 3.11803E0 2.04851E0 5.76944E0 1.11437E1 8.79273E-1 1.34951E-1 3.56622E-1 8.70324E-3 3.48746E-2 7.04405E-2 1.43696E-2 9.44634E-3 1.64033E-1 2.52853E-1 1.09782E1 4.39137E0 3.93125E0 4.61899E0 3.25533E1 2.74877E1 1.19808E1 1.56652E1 1.21066E0 1.22568E1 2.31506E1 3.66337E0 1.81164E1 8.47757E0 2.09247E0 6.95857E0 1.37269E0 6.6326E0 8.26273E0 4.36224E0 5.35582E0 1.09567E1 4.55659E0 1.80095E0 4.32113E0 8.97652E0 2.55754E1 1.09447E1 1.10593E1
-9999 -9999 -9999 -9999 -9999 -9999 -9999 -9999 -9999 -9999 -9999 -9999 -9999 -9999 -9999 1.13474E0 2.92717E0 2.12994E0 9.93577E-1 8.08869E0 3.41392E-1 2.68467E1 2.20092E0 3.14699E-1 1.46916E-1 2.49387E-1 2.81658E-1 1.97338E-2 3.13792E-2 4.08908E-1 8.05148E-1 7.01678E-1 1.27616E0 7.48802E0 1.83076E0 1.05358E0 4.12456E0 1.74255E0 9.39576E0 9.87906E0 2.44629E0 8.49964E0 2.17429E0 1.08145E1 2.04321E0 2.21154E0 3.29417E0 1.09619E1 2.69008E0 2.5649E0 1.18725E1 2.44362E1 1.01013E1 1.72727E0 2.66693E1 2.63103E1 2.57112E1 2.59611E1 2.15696E1 1.02548E1
-9999 -9999 -9999 -9999 -9999 -9999 -9999 -9999 -9999 -9999 -9999 -9999 -9999 -9999 -9999 1.32061E0 1.87857E0 1.51729E0 3.40662E-1 3.56401E0 9.95928E-1 9.20242E-1 1.30548E0 2.89729E-1 1.50439E0 1.81023E0 1.74695E0 9.13647E-3 2.41362E-2 1.24069E-2 1.55057E-1 2.85152E0 1.30251E0 8.8396E-1 1.17862E1 1.34975E1 1.12586E1 3.01539E0 1.66658E0 1.13767E0 1.24559E1 1.20842E1 1.93197E0 9.02821E0 1.29664E0 1.40023E0 9.09125E0 2.0652E1 2.15249E1 6.25217E0 5.70625E0 1.27209E1 2.528E1 2.22456E1 1.54675E0 9.70737E0 1.08713E1 1.13197E1 1.52501E0 3.91332E0
-9999 -9999 -9999 -9999 -9999 -9999 -9999 -9999 -9999 -9999 -9999 -9999 -9999 -9999 -9999 -9999 9.04683E-1 1.9375E0 2.92963E0 3.04895E-1 1.41003E0 1.44864E0 3.73309E-1 2.93638E-1 2.62021E0 5.97768E-1 2.50438E0 1.29829E-1 1.20738E-2 7.64445E-1 5.82801E0 3.41209E0 8.23605E-1 6.07501E0 3.66798E0 6.21341E0 1.2464E1 2.5511E1 1.83959E1 6.51884E0 6.67365E-1 2.29297E0 1.67074E1 1.69034E0 5.39347E0 2.03149E0 1.08571E0 1.38322E0 8.2559E0 2.08106E1 4.97019E0 5.0815E0 1.69269E1 2.57746E1 2.48188E1 4.40132E0 1.99079E1 1.99413E1 1.16771E1 5.53846E0
-9999 -9999 -9999 -9999 -9999 -9999 -9999 -9999 -9999 -9999 -9999 -9999 -9999 -9999 -9999 -9999 2.65198E0 2.84739E0 9.04699E-1 7.87209E-1 1.82528E0 3.93155E0 1.59342E0 7.88484E-1 1.2922E1 1.0731E0 1.28069E1 2.92734E0 2.07426E-1 9.75996E0 2.38175E0 1.51448E1 3.572E0 2.98532E0 1.22296E0 8.14332E0 5.51517E0 3.32321E0 3.15197E0 8.1514E0 9.46215E0 2.79216E0 2.36312E0 1.44137E1 1.55144E1 3.80613E0 7.68245E-1 2.14779E0 1.92507E1 6.60936E0 2.09948E1 8.86683E0 2.52161E1 2.89138E1 2.99451E1 2.99608E1 3.15075E1 2.8647E1 1.32017E0 2.20745E0
-9999 -9999 -9999 -9999 -9999 -9999 -9999 -9999 -9999 -9999 -9999 -9999 -9999 -9999 -9999 -9999 -9999 2.12423E0 7.7468E-1 1.32299E-1 1.67578E-1 3.5942E0 4.53996E0 8.24722E-1 2.1689E0 1.75549E1 1.18858E1 1.29031E1 6.12334E-1 1.15517E1 1.30208E1 1.24307E1 5.52361E-1 7.53056E-1 3.56522E-1 3.38371E0 5.7396E0 8.33204E0 7.54989E0 1.58885E0 5.29516E-1 9.51534E-1 1.98025E0 5.26768E-1 5.27352E0 1.46784E1 5.79918E0 2.77877E1 2.97211E1 2.79618E1 2.61593E1 8.61217E0 7.14105E0 1.10655E1 7.23912E0 7.96509E0 1.84686E0 1.16883E1 7.26371E0 7.5247E0
-9999 -9999 -9999 -9999 -9999 -9999 -9999 -9999 -9999 -9999 -9999 -9999 -9999 -9999 -9999 -9999 -9999 1.44707E-1 1.03487E-2 2.09255E-2 1.60085E-1 3.18902E0 1.06272E1 1.66407E1 1.73401E0 1.01231E0 5.90756E0 2.49752E0 1.48727E1 5.89219E0 9.82724E0 7.97893E-1 5.57998E-1 1.35501E1 7.77414E0 2.36683E0 7.49692E0 2.19151E0 4.71525E0 5.86544E0 5.96955E0 2.02682E0 6.75569E-1 4.25796E-1 1.31879E0 8.73475E-1 3.14542E0 9.73564E0 5.56597E0 6.20935E0 4.28807E0 1.55991E1 2.43895E1 1.08059E1 2.29377E1 9.02203E0 9.43083E0 1.73877E0 2.63816E0 2.23056E0
-9999 -9999 -9999 -9999 -9999 -9999 -9999 -9999 -9999 -9999 -9999 -9999 -9999 -9999 -9999 -9999 -9999 -9999 3.70428E-1 3.77123E-2 2.63774E-1 3.85399E-1 1.05061E0 1.82395E1 1.91864E0 7.0103E0 1.13201E1 1.72073E0 1.42319E1 1.47149E0 2.02875E0 3.04531E0 4.90247E-1 1.44053E0 7.33756E-1 8.82551E0 5.87247E-1 4.25995E-1 5.71195E0 6.82582E0 1.6305E0 1.32536E0 1.49153E0 4.94982E0 5.08282E0 4.85507E0 4.68751E0 5.08259E0 5.45413E0 3.80704E0 7.63509E0 1.04646E1 2.48274E1 2.99926E1 3.04822E1 7.22401E0 3.31908E1 3.38607E1 2.77754E1 6.23539E0
-9999 -9999 -9999 -9999 -9999 -9999 -9999 -9999 -9999 -9999 -9999 -9999 -9999 -9999 -9999 -9999 -9999 -9999 -9999 -9999 9.7307E-1 3.35482E-1 5.31982E-1 1.9994E0 2.13316E1 1.68861E1 2.84543E0 1.87726E1 7.81731E0 5.94832E0 1.41834E1 1.20109E1 1.19894E1 1.26819E1 1.26145E1 1.21685E0 5.55856E0 4.43575E1 2.96975E1 1.15027E1 5.97468E0 6.60076E0 1.45473E0 1.40404E0 4.77944E-1 3.26282E-1 7.77403E-1 7.0256E-1 5.3163E-1 1.39173E0 2.26565E1 1.26743E1 1.67261E1 3.94214E0 4.53105E0 9.32422E0 1.27756E1 1.56291E1 7.28391E0 2.66441E1
-9999 -9999 -9999 -9999 -9999 -9999 -9999 -9999 -9999 -9999 -9999 -9999 -9999 -9999 -9999 -9999 -9999 -9999 -9999 -9999 -9999 1.0802E1 1.24998E1 1.55125E1 2.52385E0 1.34825E1 7.2754E0 1.52554E1 7.86327E0 4.3078E0 1.32669E1 3.95352E0 9.87896E-1 9.17619E-1 2.15741E0 3.14969E-1 4.11674E-1 3.84859E-1 1.29055E1 3.23319E0 4.38564E0 6.68938E0 8.83073E-1 1.49402E0 4.60136E-1 1.5258E0 2.18849E1 2.41584E1 2.42567E1 2.42054E1 2.42404E1 2.07703E1 1.71074E1 1.38685E1 2.48343E1 2.60652E1 2.18268E1 7.10939E0 3.9032E0 1.75848E1
-9999 -9999 -9999 -9999 -9999 -9999 -9999 -9999 -9999 -9999 -9999 -9999 -9999 -9999 -9999 -9999 -9999 -9999 -9999 -9999 -9999 -9999 -9999 4.56485E-1 3.43893E-1 1.13747E0 2.19903E1 1.06651E1 6.97298E0 6.86886E0 1.43835E1 1.24944E1 7.55854E0 2.10572E-1 3.81789E-1 1.54998E0 5.51263E-1 1.90503E-1 6.00119E-1 1.41366E0 3.2608E0 3.12592E0 5.25017E0 3.03931E-1 1.15515E0 1.5901E0 5.01074E0 1.11218E0 3.81687E0 1.21487E1 6.48761E0 1.89748E1 1.9671E1 1.52735E1 7.11849E0 1.08279E1 1.80535E1 6.20735E0 9.74433E0 1.84899E1
-9999 -9999 -9999 -9999 -9999 -9999 -9999 -9999 -9999 -9999 -9999 -9999 -9999 -9999 -9999 -9999 -9999 -9999 -9999 -9999 -9999 -9999 -9999 -9999 -9999 6.86219E-1 5.34262E-1 4.06641E-1 2.54244E1 2.35299E1 1.06722E1 3.20727E0 2.74408E-1 1.67375E-1 1.44872E-1 2.22693E-1 2.40091E-1 3.29446E-2 6.35687E0 1.57298E0 1.4644E0 1.8363E-1 5.95758E-1 1.95955E-1 2.77283E0 7.00091E0 2.75965E-1 4.47511E-1 2.89477E0 1.53244E1 1.96294E0 9.49822E0 1.75774E1 3.9428E0 6.91482E0 2.14872E0 2.89299E-1 4.76745E0 1.73084E1 3.56544E0
