outputallcorrectTI_nofloodareas_nofloodcontrols_BK10/flood.asc
ncols         319
nrows         495
xllcorner     219017.22331753
yllcorner     4610852.5305323
cellsize      500.0
NODATA_value  -9999
[rows 364 to 389 of 495, columns 120 to 179 of 319]
1.196E1 4.40069E0 6.71824E0 8.13475E0 2.01887E1 2.26424E1 1.25819E1 1.11017E1 6.28231E0 2.82355E0 8.62661E-1 1.52393E0 1.23348E0 9.77048E0 5.85117E0 6.91494E0 3.46392E0 2.58726E0 5.1031E0 1.78468E0 5.79371E0 4.79225E-1 4.36981E-1 2.44547E0 1.64431E0 5.33035E-1 3.95292E-1 1.30448E0 3.98086E1 3.71825E1 2.11622E1 6.55688E0 2.70139E0 4.41262E0 2.64464E0 7.90652E0 2.67219E-1 1.55703E1 2.56406E0 1.00539E1 5.20674E0 1.24264E0 8.39783E0 1.51615E0 1.07914E0 1.72999E0 9.22308E1 9.96415E0 9.09057E1 6.7244E1 6.21425E1 7.45856E0 5.80291E1 1.83032E1 6.96534E1 1.3116E1 6.31374E-1 1.24624E1 1.47983E1 1.28522E1
9.35769E0 1.12393E1 6.20632E0 6.06735E0 1.23016E1 1.31991E1 2.57928E1 2.41897E1 1.54534E0 1.02389E1 1.1223E1 5.35705E-1 4.02233E-1 5.28291E0 3.27188E-1 1.2751E1 3.24365E-1 1.52345E1 5.3852E0 3.77258E0 3.43357E1 1.55628E1 1.38317E0 3.49121E0 3.22304E0 5.32705E-1 2.44713E0 1.31236E0 1.11357E0 5.59022E-1 9.3191E0 1.57859E0 2.93322E0 4.48377E0 3.09621E0 2.64343E0 7.82116E0 3.91749E0 3.14805E0 1.8166E0 1.73677E0 8.18366E0 6.57399E0 1.23231E1 1.55246E0 1.75164E-1 1.31526E0 9.37932E1 3.40572E0 9.26998E-1 7.75865E0 8.35288E1 6.16309E0 7.27644E-1 1.45007E0 5.05537E0 1.19449E1 2.48108E0 3.2147E-1 5.03626E-1
1.29492E1 6.48761E0 2.16728E1 1.29394E1 9.97504E0 1.00041E1 1.97354E1 8.42394E0 9.2047E0 6.94643E0 5.38705E-1 2.63623E0 6.44103E0 3.31112E-1 3.82523E-1 4.69767E0 2.41219E0 8.82463E0 6.40389E0 1.50973E0 1.00515E1 1.80015E1 1.04284E0 2.84326E0 5.91352E0 1.15891E0 2.99976E-1 3.00819E-1 4.84539E0 8.29941E-1 1.77931E0 2.05838E1 1.03747E1 1.38328E0 1.33388E1 7.49744E0 2.30329E0 4.30285E0 5.68392E-1 7.54717E0 5.55362E-1 5.29886E-1 9.3496E0 1.07836E1 3.07826E0 3.46642E-1 7.1912E0 9.20044E1 1.72309E0 5.68618E0 8.00335E0 5.87576E0 8.84372E-1 1.24916E0 1.19178E1 5.78474E0 1.56209E0 4.19152E0 9.85562E-1 8.31814E0
2.18633E1 8.22527E0 1.24334E1 9.11668E0 1.10055E1 5.1731E0 3.7437E0 1.44378E1 1.55692E1 5.78192E-1 1.0787E1 5.3173E0 3.21481E-1 6.88708E-1 4.48299E0 4.60415E0 3.24305E0 2.06042E1 1.13182E1 3.43532E0 7.8647E0 1.52956E1 8.41261E0 1.05247E1 1.08653E1 8.69745E0 5.84294E-1 8.17711E-1 5.12093E0 4.61581E0 3.3951E0 4.21453E0 1.90528E1 2.33339E1 2.17499E0 5.43856E0 1.07502E0 1.66604E0 6.08777E-1 7.03635E0 3.87236E0 2.00062E0 2.19498E0 2.23042E1 1.85851E0 4.1744E0 2.46345E1 8.50694E1 2.61065E1 4.33353E0 3.24365E1 1.80997E1 3.31197E0 2.26686E1 1.3158E0 4.07949E0 7.90073E0 6.70024E0 1.11751E0 5.98259E0
2.46188E1 1.23295E1 8.36322E0 8.26987E0 1.87734E1 2.25528E1 2.47867E1 2.76776E1 7.33575E0 5.01533E0 2.28438E0 4.74962E-1 1.14973E0 8.90121E-1 3.57523E0 7.56707E0 3.9776E0 6.9704E0 5.89728E0 6.03069E0 1.98253E0 7.48371E0 2.29998E0 3.90727E0 5.00242E0 5.51407E0 4.34362E-1 5.26787E0 5.03224E0 3.48727E1 1.96128E1 2.28138E1 3.83912E1 3.67185E1 2.85516E1 1.21996E0 7.71958E-1 8.95336E-1 3.93014E0 5.58078E0 1.63045E0 4.41059E0 6.52281E0 1.0306E0 1.56594E1 9.86655E-1 2.19623E1 -9999 2.69308E1 2.44857E0 8.88441E0 2.19502E1 7.04342E0 1.31133E1 3.42219E1 2.67872E1 9.2174E0 5.08424E0 9.59032E-1 5.37679E0
2.64063E0 1.22314E1 6.61389E0 3.97193E0 5.85755E0 1.14869E1 6.56081E0 9.70046E0 1.93449E1 4.59243E0 3.44354E0 1.33504E1 2.42986E1 1.58988E1 8.50494E0 2.21253E0 3.46269E0 8.9616E0 2.68944E0 5.78053E0 8.99849E0 2.31081E0 3.45735E0 3.5081E0 7.1773E0 1.39945E0 5.15654E0 8.58525E0 7.29811E-1 7.02987E-1 8.9084E0 8.02836E-1 7.5158E0 5.99992E-1 3.44494E1 1.26629E1 8.45304E0 5.33239E0 1.86236E0 7.12652E0 1.60525E0 1.26486E0 2.83365E0 5.297E-1 3.77432E-1 2.07116E1 6.16371E1 6.65472E1 1.20365E1 4.28537E0 4.24899E1 3.14447E1 1.43707E0 7.86187E0 1.3782E0 1.7553E0 5.61227E0 1.42425E0 6.81681E0 9.72983E0
8.96244E0 5.44156E0 4.32631E0 1.7899E1 2.37508E1 1.5283E1 1.01739E1 4.00885E0 6.11264E0 3.05637E1 4.43665E0 9.9751E0 1.02585E1 9.34624E-1 2.2736E0 2.14704E1 2.20635E0 6.22225E0 8.67564E0 8.65611E0 1.84052E1 3.36974E0 1.56996E1 3.26361E0 6.22441E0 1.03609E1 7.81022E0 1.24981E1 1.37021E1 2.37392E1 6.41664E0 6.20601E0 6.45511E0 3.9153E0 2.41849E0 3.14057E1 2.45203E0 1.33389E0 2.33164E0 1.4997E1 1.68581E0 1.17062E0 3.27762E-1 3.64253E-1 2.199E0 1.04148E1 4.01087E1 9.15059E1 6.13296E0 4.90695E0 3.7567E1 1.65917E1 1.03163E1 8.20616E-1 1.12971E0 1.64603E0 1.37424E0 1.56718E1 4.08695E1 4.99414E0
5.09768E0 4.53681E0 1.29628E1 5.11327E0 7.42433E0 2.49274E1 6.17617E0 6.96415E0 7.72635E-1 8.1989E0 2.26363E1 6.19367E0 5.51054E0 1.50209E1 5.28417E-1 1.58488E1 1.5596E1 5.12708E0 5.77876E0 1.27699E1 2.08578E0 1.49377E1 5.70496E0 1.49563E1 7.93032E0 4.16279E0 5.49793E0 2.152E1 1.05078E0 3.2575E1 6.15171E0 6.8043E0 1.00923E1 4.36152E1 3.62539E1 1.03384E1 9.26816E0 1.4825E1 3.07497E1 1.50009E0 6.80011E0 5.46868E0 8.94277E0 9.15085E-1 5.55475E0 3.11387E1 6.47479E1 8.10118E1 9.2959E1 4.73522E1 6.22775E0 1.84096E0 8.5338E0 2.48132E0 9.6564E-1 3.02286E0 1.35634E0 4.62875E1 4.49902E0 4.42835E0
2.12016E1 3.93139E0 4.38041E0 1.98977E1 1.59726E1 2.36894E1 3.07065E1 1.9726E1 5.97851E0 9.24359E0 2.32222E1 1.61244E1 4.48974E0 1.37027E1 1.24452E0 1.26789E0 7.70545E0 2.68583E0 2.02152E0 1.9336E1 6.96136E-1 6.28717E0 9.57691E0 1.72804E1 5.08236E0 8.55379E0 1.26475E1 5.83084E0 4.41429E0 3.77628E0 4.38068E0 2.42076E1 5.96578E-1 1.8755E0 8.20438E0 3.49022E1 1.92237E1 1.77037E0 4.08732E-1 2.19286E0 2.20622E0 7.64481E-1 1.23281E0 1.45171E1 5.6108E0 1.68353E1 1.22003E1 2.1864E0 9.65426E0 9.31396E1 8.96396E0 7.06258E0 4.76489E1 7.78437E0 6.31842E0 1.38737E0 1.43134E0 5.32491E1 2.11599E0 1.16341E0
2.77833E0 2.31356E1 2.56969E1 2.57144E1 2.4158E1 1.757E1 7.37271E0 1.90238E1 2.5847E1 5.83193E0 5.79823E0 1.85615E1 3.78729E0 4.91446E-1 4.00573E-1 3.87049E0 8.23364E0 3.90182E0 5.16398E0 8.92583E0 1.07604E1 2.27864E1 4.613E0 3.60817E0 6.51573E0 5.06651E0 2.13819E1 4.13177E0 3.99793E0 1.96149E1 3.7857E0 8.27321E0 1.89921E0 1.24911E1 2.91932E0 1.06536E0 2.17515E1 1.92395E0 4.22183E0 1.48792E1 1.0406E1 9.07192E0 2.03351E0 7.42234E0 6.43958E0 3.94552E0 1.23135E1 1.01173E1 5.30602E1 6.77613E1 8.6058E1 1.28931E1 1.10158E1 4.37288E1 1.28692E0 2.20385E0 1.61352E0 4.47375E1 9.2124E-1 7.00837E0
1.0782E1 4.26726E0 8.72274E0 1.21116E1 8.4059E0 1.69558E1 1.79005E1 7.65094E0 1.94662E1 9.04986E0 4.33708E0 1.95298E1 3.40979E0 4.87259E-1 1.11765E0 2.00258E1 7.86221E0 4.16462E0 2.16294E0 9.47101E0 9.16692E0 1.7935E1 7.40468E0 1.0888E1 1.32778E1 1.70831E1 7.48973E-1 1.57677E0 9.344E0 3.96791E0 1.60748E0 5.44163E0 4.39912E-1 5.39421E-1 7.09448E0 1.09368E1 1.5913E1 3.14719E1 7.03584E0 1.76336E1 5.15026E0 3.33708E0 1.84374E0 6.12657E0 4.96082E0 8.13097E0 2.49697E1 1.32352E1 1.12424E1 3.62752E1 4.52573E1 8.73467E1 1.13339E1 1.17669E1 1.35644E0 2.52752E0 6.85748E1 1.04926E0 7.06256E0 2.66877E0
2.13715E1 1.17894E1 8.30157E0 1.9954E1 8.46456E0 1.28677E1 6.0108E0 1.6303E1 1.75496E1 1.59389E1 3.66262E0 8.79006E0 3.42381E0 4.05844E-1 3.64223E-1 1.15334E0 6.52381E0 3.37466E0 3.48033E0 7.46417E0 5.07309E0 1.79669E1 2.21832E1 1.82369E1 3.72353E0 1.32312E1 1.37848E0 1.07815E0 1.03241E1 1.51591E0 2.57531E-1 2.60258E0 8.93633E-1 3.84375E-1 2.03051E-1 9.70303E-1 3.48447E1 3.8936E0 2.97242E1 1.39704E1 4.51908E0 3.56006E0 1.7022E1 3.00666E1 8.49635E0 1.96615E0 9.49882E0 2.49986E1 3.17106E1 7.45058E1 7.28162E1 8.6832E1 6.53235E1 1.17183E1 1.53499E0 9.89972E0 7.50291E1 8.91237E0 1.03302E0 7.01022E-1
9.39161E0 2.78924E1 2.34628E1 1.73047E1 3.91064E0 1.95537E1 1.78983E1 1.02818E1 2.73171E0 1.77979E1 2.42304E0 4.66094E-1 3.64757E0 1.42359E0 3.92592E-1 3.83696E-1 1.22169E0 8.93545E0 1.71058E0 4.37216E0 4.81271E0 1.76413E1 1.47268E1 3.23158E0 8.92532E0 6.30124E0 1.46909E0 9.95314E-1 2.09881E0 3.78131E0 4.21655E0 3.76883E-1 7.612E-1 3.2517E-1 4.80679E-1 4.24491E0 5.34464E0 4.22738E1 1.91213E1 5.4937E0 7.69086E-1 1.06228E0 1.22938E1 8.88851E0 4.37998E0 1.10225E1 2.92532E1 3.52446E1 2.25535E1 1.52885E1 4.32257E1 9.02087E1 6.04977E1 1.08121E1 1.38985E1 5.23894E1 1.59723E1 1.10494E0 5.68409E0 3.28958E0
1.28712E1 5.84887E0 1.19495E1 1.83919E1 3.09697E0 1.12019E1 1.57982E1 2.7496E0 3.92445E-1 9.69578E-1 7.74743E0 8.5631E-1 1.46115E1 1.16422E0 2.33005E0 9.62112E-1 2.85672E0 1.61529E0 1.7439E0 1.2358E1 1.18786E1 6.98611E0 1.20292E1 2.34642E0 3.4818E0 2.83869E0 3.63777E0 1.92122E0 9.84683E-1 4.14381E-1 4.88715E0 7.40584E-1 5.01198E-1 4.77016E0 1.06219E0 5.6872E-1 8.83809E-1 4.11158E1 1.20087E1 9.26339E-1 2.31506E0 9.84983E-1 6.16349E0 3.02932E1 1.37978E1 1.90735E1 7.83601E0 7.70429E0 9.20973E0 4.65893E1 7.67731E1 8.87366E1 9.37376E1 7.32899E1 1.91223E1 7.89049E1 1.34925E1 1.33E0 1.17147E0 1.20111E0
9.91453E0 1.22204E1 1.29113E1 9.75547E0 9.38307E0 7.22085E-1 7.32891E-1 5.85519E0 1.14451E0 1.59349E0 7.93902E0 1.13932E0 2.11549E0 3.66861E-1 1.96295E0 9.13808E-1 3.41059E0 5.77687E0 1.19269E1 4.29351E0 2.43194E0 2.04418E0 1.08328E1 4.40116E0 1.16796E1 3.98867E0 1.14556E1 1.73331E0 9.11839E-1 1.21152E1 1.90443E0 9.86986E0 1.266E0 4.80901E-1 1.01886E1 1.36815E0 2.59498E0 9.15716E0 8.23244E-1 1.31919E0 6.18013E0 1.05266E0 4.78514E0 9.40125E0 1.94365E1 1.18521E1 3.53281E1 6.14426E0 3.03598E1 7.54674E1 9.5365E1 9.22853E1 6.11638E1 1.45894E1 6.62046E1 8.15321E0 6.87797E0 1.04664E1 8.45545E0 9.96795E0
3.92087E0 9.03335E0 7.67889E0 2.1838E0 2.30373E0 2.07086E0 3.59726E-1 1.94515E0 1.76379E0 1.39007E0 2.5023E0 2.98894E-1 1.15713E0 3.94457E-1 3.86355E-1 6.36886E-1 3.24118E0 1.08632E0 6.47178E-1 5.676E0 1.23596E0 2.86022E0 4.79447E0 3.19541E0 4.03708E0 5.27746E0 1.11814E1 3.73598E0 3.26928E0 2.5794E1 8.10607E0 8.75741E-1 6.01946E0 5.60629E-1 9.7392E0 1.0315E0 7.44056E-1 8.55724E0 1.24302E0 3.42513E0 1.88181E0 6.04032E0 8.0044E0 3.2413E1 6.49135E0 1.98039E1 1.90654E1 2.57808E1 7.54691E1 7.90192E1 6.72809E1 9.01109E1 6.33689E1 3.0741E1 9.75208E0 8.95987E0 9.61431E0 1.11623E0 4.63573E0 6.30797E-1
2.93273E0 2.3462E0 2.39054E0 3.35256E0 6.47633E0 1.33108E0 1.27752E0 9.21107E-1 2.00548E0 1.0207E0 2.06153E0 6.36789E-1 6.75238E0 1.86709E0 1.02936E0 4.87338E0 1.96717E0 6.72941E0 1.20156E0 1.38679E0 8.59224E0 3.6707E0 1.38956E0 1.60288E0 8.73857E0 1.07808E1 3.2447E0 7.94473E-1 1.23526E0 3.92678E-1 1.79419E1 2.26163E0 5.74776E0 8.51381E-1 8.2348E0 6.08421E0 9.8575E-1 4.27294E0 4.64549E1 3.76135E1 1.01859E0 7.66807E0 3.70863E1 1.86261E1 1.87419E1 2.08848E1 2.8411E1 6.84497E1 8.48144E1 9.11928E1 8.15264E1 9.36603E1 4.28901E1 1.2742E1 3.72319E1 1.16768E1 2.35645E1 6.70606E0 1.87908E0 1.13659E1
5.84838E0 2.44527E0 1.23023E0 2.63707E0 6.76633E0 6.46299E0 2.63161E0 2.05926E0 6.99278E-1 5.51503E-1 1.52023E0 4.29226E0 1.09546E0 2.76823E0 6.03235E0 5.68458E0 3.23171E0 1.79988E0 1.56641E0 6.04151E0 4.3436E0 6.39154E0 9.02471E0 1.12142E1 5.48874E0 1.4371E0 1.0486E1 3.21908E0 4.44009E-1 4.80912E-1 9.0542E-1 1.81014E1 2.07275E0 3.02836E-1 1.07029E0 7.37524E0 1.10472E0 2.1163E0 6.19232E0 4.14883E1 1.52931E0 9.47194E0 1.29004E1 3.1067E1 2.29629E1 2.94348E1 3.29915E1 8.49187E1 9.0745E1 6.0257E1 3.16517E1 9.47875E1 5.85224E1 4.94466E1 1.28478E1 3.40175E1 9.42309E0 1.46064E1 5.45536E0 1.27074E1
3.65322E-1 6.155E0 1.13742E0 1.0646E1 2.16119E1 1.97376E1 3.80136E0 2.97035E-1 3.1446E0 1.44261E0 1.48834E0 3.83141E-1 1.84556E0 1.97974E1 1.60111E1 1.42343E1 1.50821E1 2.70374E0 1.04072E1 6.35448E0 5.49516E0 3.07751E0 2.92629E0 3.24023E0 9.57965E0 1.10993E0 1.02962E1 1.71882E0 3.81286E-1 4.04331E-1 3.486E0 5.79898E0 9.18655E0 5.61622E-1 6.22333E0 8.38985E0 1.9605E0 1.73004E0 1.40451E0 1.12635E1 7.94265E0 1.35794E1 2.24178E1 3.04172E1 6.97709E0 3.12184E1 6.43823E1 4.66951E1 6.15147E1 7.38568E1 7.36256E1 9.43158E1 7.45766E1 7.24481E1 6.61798E1 6.20261E1 6.02298E1 5.59005E1 4.48006E1 4.2874E1
8.90836E-1 1.05074E0 9.32748E0 2.66194E1 2.92181E1 2.77028E1 1.83862E1 1.50455E0 2.9023E-1 2.59052E-1 1.08452E0 1.40533E0 7.28372E-1 1.05333E0 2.16998E1 2.2104E1 4.81785E0 1.60805E1 2.22167E0 8.63611E-1 5.66078E0 9.90705E0 1.3376E1 8.01894E0 3.15362E0 8.52788E0 1.58654E1 6.86894E0 1.70256E1 4.36865E-1 6.48822E-1 2.98619E-1 2.47345E0 6.95591E0 1.01253E0 1.69899E1 1.61701E0 3.9835E0 1.02102E1 8.70543E0 1.26822E0 8.61599E0 1.95811E1 2.73649E1 5.71283E1 4.63336E1 3.79369E1 8.70375E1 8.8022E1 6.59258E1 2.36968E1 8.4092E1 4.64084E1 2.34589E1 5.15834E1 1.60467E1 9.18321E0 1.04106E0 2.24228E0 7.52049E0
6.98814E-1 4.62021E0 1.09711E1 2.75246E1 2.77177E1 2.78406E1 2.43402E1 8.82939E0 7.56834E-1 8.36989E-1 5.37747E0 5.90825E0 2.69734E0 7.7423E-1 1.0001E0 2.05294E1 1.79414E1 1.92405E1 1.61879E1 2.60142E0 7.42846E0 2.33662E0 7.82738E0 9.25241E0 1.18585E1 9.88478E0 2.58386E0 7.19025E-1 4.57275E-1 1.67065E1 3.44185E0 1.11761E0 3.97666E-1 9.56187E-1 2.42183E0 6.72031E0 7.35781E0 1.38618E0 1.12019E0 1.28324E0 1.04711E1 1.13909E1 5.47767E1 6.57749E1 6.57808E1 4.23144E1 9.5506E1 8.59097E1 5.76525E1 5.27721E1 7.65607E1 7.55193E1 6.81824E0 3.46754E0 5.48516E1 1.47326E1 7.79643E0 9.48624E-1 7.99878E-1 9.97579E-1
3.69295E0 1.08372E0 6.50329E0 1.18769E1 2.00144E1 2.28757E1 1.1848E1 3.35027E0 1.08525E1 5.11292E-1 1.78618E0 1.01661E1 2.10465E0 4.80792E0 5.71823E0 4.57831E0 1.66094E0 2.45628E0 9.60679E-1 1.37734E0 1.40829E0 2.00743E0 1.58914E0 2.32392E0 2.80385E0 1.52309E0 5.14239E0 3.96725E-1 4.49096E-1 1.31896E1 1.78988E0 8.39056E-1 4.46796E0 9.47316E-1 5.97519E-1 1.11607E0 7.48249E0 8.77187E0 1.01576E1 4.7671E1 5.60922E1 1.42702E1 1.22282E1 1.77906E1 3.4187E1 7.52629E1 7.01435E1 9.18709E1 4.48703E1 9.52666E1 6.01529E1 4.60434E1 2.06214E0 5.44784E0 6.19557E0 1.05974E1 1.05393E0 5.36224E0 1.12226E0 1.06747E0
1.68839E0 8.51271E0 1.75873E0 6.03218E0 2.51136E0 1.63138E1 6.94081E0 2.7014E-1 4.255E-1 4.23202E0 6.21464E-1 2.4749E0 1.60172E1 8.85701E0 1.76731E1 1.93708E1 6.68321E0 2.12495E0 1.9775E0 1.40917E0 9.11261E-1 3.87585E0 2.63847E0 3.75815E0 1.47855E0 1.82468E1 4.56806E-1 4.0793E-1 1.82202E0 7.69191E0 1.83352E1 3.70887E0 1.15031E0 2.54956E1 1.08775E1 1.13344E0 1.25667E0 1.40079E0 1.49123E0 1.59761E1 1.30188E1 6.75689E1 8.15033E1 8.20134E1 8.56324E1 7.10859E1 5.24594E1 6.21798E1 6.75275E1 9.50249E1 6.46189E1 1.61206E1 3.25473E0 4.68913E0 3.57784E0 1.60922E0 6.29542E0 9.62063E-1 5.13583E0 4.47411E0
4.61148E-1 1.99262E0 4.70567E0 2.61809E0 2.39422E0 2.0189E1 2.89558E0 9.87175E-1 5.62261E-1 7.06791E-1 9.74431E0 8.20051E0 2.05618E0 7.82378E0 1.13778E1 2.60366E0 8.02637E0 1.32415E0 1.21006E0 2.82377E0 9.33942E0 2.88316E0 2.80816E1 2.03172E1 3.52622E0 1.94945E0 7.52897E0 1.95902E0 2.8574E-1 5.10834E-1 5.48955E0 1.98828E1 8.50527E-1 1.36738E0 3.22717E1 3.19078E0 1.12351E1 1.22609E0 2.6887E1 4.60826E1 6.30252E1 6.23414E1 7.59341E1 8.1119E1 9.48027E1 4.04191E1 3.64283E1 8.05154E1 5.77482E1 8.44376E1 5.67124E1 2.35634E1 1.24989E1 1.22761E1 1.05933E1 1.93618E0 1.26512E0 2.23974E0 1.20566E0 1.71088E0
1.04755E1 7.02536E0 5.90649E0 4.5768E0 2.07982E0 1.43121E1 2.0743E0 6.70027E-1 1.18101E1 1.41511E1 6.66326E0 3.36579E0 6.01682E0 6.05644E0 5.42226E-1 2.70059E0 2.42588E0 7.74752E-1 4.09195E0 7.80197E-1 8.72541E0 1.79658E0 9.17787E-1 2.59097E0 3.07676E1 1.25275E0 7.63745E0 1.93192E0 1.15139E0 3.70242E-1 4.11922E-1 3.2291E1 1.2795E0 1.94466E0 2.07153E0 3.70194E1 2.62261E0 1.14915E0 5.74175E0 9.64787E0 1.3337E1 9.07911E0 5.17407E1 8.08022E1 9.43197E1 4.40154E1 9.70033E1 7.6035E1 8.02629E1 8.39373E1 5.83013E1 1.91409E1 6.05143E1 1.30183E1 1.10495E1 7.41394E0 7.23143E0 3.97907E0 1.21225E0 4.83727E0
4.26343E0 3.21903E-1 5.18092E-1 3.55943E0 6.23538E0 5.44926E0 1.57846E1 1.73684E0 2.00336E0 4.38684E-1 1.15055E1 7.23486E-1 3.05488E-1 4.36642E0 1.37234E0 8.2805E-1 3.53008E-1 2.11696E-1 2.01378E-1 2.03138E0 1.07048E0 1.7062E1 1.12341E0 3.21286E-1 3.05166E1 3.65161E0 1.6258E1 6.14758E0 2.36987E0 2.52402E0 3.4662E-1 7.456E-1 6.99557E0 5.26159E0 7.48251E-1 2.15125E0 1.05325E1 2.19071E0 5.07362E0 6.4526E0 1.01768E1 7.52242E0 2.52562E1 7.03802E1 9.42958E1 8.87437E1 8.95077E1 7.87848E1 8.85518E1 7.92541E1 1.95721E1 1.69032E1 1.904E1 5.30247E1 3.70349E1 5.34468E0 1.18078E0 6.60603E0 3.35671E1 3.36497E1
