outputallcorrectTI_nofloodareas_nofloodcontrols_BK10/flood.asc
ncols         319
nrows         495
xllcorner     219017.22331753
yllcorner     4610852.5305323
cellsize      500.0
NODATA_value  -9999
[rows 442 to 467 of 495, columns 180 to 239 of 319]
2.1068E1 5.41571E0 2.78788E1 3.09243E1 2.77328E1 1.60656E1 2.77008E1 6.27267E0 1.56408E1 9.71298E0 7.81838E0 5.45778E-1 6.51812E0 5.00446E-1 1.1573E0 3.16011E-1 3.34559E-1 2.25677E0 2.62637E0 8.97905E0 4.55885E-1 1.02002E1 1.28184E0 9.63782E-1 3.86143E0 1.81051E1 1.17411E0 2.42669E1 2.13285E0 1.07569E0 4.43718E-1 1.63548E-3 2.11321E-2 4.18842E-3 2.6686E-3 2.83743E-3 6.26919E-3 1.84889E-2 5.80032E-3 3.19186E-2 9.8294E-3 2.82996E-3 2.24813E-3 2.62586E-2 4.66715E-2 6.08028E-2 1.2796E-2 2.93555E-1 1.08173E1 8.01511E-1 8.91942E0 3.04887E-1 1.54083E-1 2.2141E0 1.89095E-1 2.85048E-3 2.72988E-2 1.98118E-2 2.75556E-2 2.48072E-2
9.80751E0 1.72193E1 1.03362E0 2.67151E1 6.09496E0 4.34346E0 2.60488E0 1.91077E0 5.58117E0 8.3216E0 1.90942E1 4.33689E-1 6.0338E-1 3.03299E0 5.24439E-1 5.23709E-1 1.91226E0 3.2951E-1 2.90678E-1 3.38199E0 1.81713E1 5.13278E-1 3.68838E0 4.49502E0 9.43772E-1 2.03168E0 7.35861E-1 1.36692E0 5.60792E0 1.29656E1 1.32917E1 1.57945E0 2.44817E-2 2.62568E-2 1.09782E-2 2.15954E-2 1.82281E-2 1.43467E-2 7.94333E-3 1.02992E-2 5.63237E-2 1.33977E-2 2.24986E-3 8.10581E-3 1.56629E0 5.5155E-3 4.25932E-2 2.36299E-1 1.49643E0 8.82366E0 8.9577E0 1.08678E0 2.3175E0 2.68127E0 2.60483E-1 1.55314E-2 6.4588E-3 1.50809E-2 1.15923E-2 5.22935E-3
2.36036E0 6.23466E0 4.38936E-1 6.2024E0 2.74507E1 7.02811E0 5.70959E0 4.68225E0 8.65631E-1 2.80915E1 3.44526E0 1.70828E0 1.39073E0 3.54721E0 5.41199E-1 3.18404E0 5.76769E-1 2.62194E0 3.68707E-1 4.54571E-1 9.51687E0 1.52131E1 9.33796E-1 3.01221E0 4.71454E0 8.47555E-1 7.51762E-1 4.72398E-1 1.42026E0 6.33403E-1 3.83668E0 1.58755E-3 9.89177E-4 4.62718E-2 5.48861E-2 3.56672E-2 1.71386E-3 3.53736E-3 4.64528E-3 2.07227E-2 4.79895E-2 1.79003E-2 1.8123E-2 2.23861E-2 9.78636E-1 1.35747E-1 1.33318E-2 3.14794E-3 7.31698E-1 8.32248E-1 2.79137E0 3.79646E0 1.91378E0 8.40575E-1 1.54876E-1 2.28303E-3 8.72878E-3 5.63855E-2 4.51994E-3 4.2331E-3
4.94128E-1 4.90706E0 1.00107E0 6.4338E-1 5.6884E0 2.35766E0 7.57042E0 1.06159E0 5.63043E-1 1.97883E0 1.48846E0 2.94992E0 1.36632E0 5.25391E0 2.9712E0 5.78237E-1 1.47468E0 7.81502E-1 4.98183E0 7.67625E-1 2.02919E0 8.30104E-1 2.92255E0 6.13358E-1 1.74137E0 3.33735E0 1.27116E1 4.78429E0 5.66479E-1 4.08589E-1 5.72705E-1 7.82217E-3 1.93535E-2 7.47596E-3 6.35199E-3 7.85559E-2 7.49677E-3 5.82043E-4 2.57042E-2 1.31411E-2 3.20999E-2 5.9468E-2 4.9559E-3 3.66447E-2 4.83594E-1 2.40691E0 1.52502E-1 1.79098E0 6.38004E-1 2.5708E-1 3.322E-1 4.5082E0 6.56761E-1 3.93172E-1 1.72903E-1 2.52583E0 6.37136E-2 2.66032E0 2.48818E-3 9.04263E-2
1.98159E0 6.73666E0 9.38325E-1 1.81397E1 6.33396E0 6.6168E0 1.99463E0 6.87499E0 3.49961E0 1.25556E0 3.64838E-1 1.45036E0 2.97413E0 1.1E0 2.22918E0 2.67932E0 1.43906E0 6.58111E-1 2.59868E0 6.37185E-1 2.34181E0 2.89493E0 4.0449E-1 2.24072E0 3.9064E0 1.08344E0 5.9923E0 6.75069E0 6.57003E0 7.10065E0 2.26067E-1 3.5934E-2 1.76648E-2 4.52992E-2 3.42023E-3 6.49811E-3 6.02921E-2 2.44219E-2 7.54037E-3 1.10921E-3 1.36931E-2 5.48782E-3 2.34017E-2 9.81063E-4 1.06366E-2 3.37696E0 2.40833E-2 2.62739E0 6.94277E0 1.6705E0 6.38086E-1 3.94619E0 3.27743E-1 6.85721E-1 2.0963E0 1.45705E0 3.53067E-1 3.61592E0 2.54967E0 1.90658E-1
3.23437E0 5.46953E0 3.21412E0 2.69872E0 2.87937E0 3.78076E-1 1.50597E1 2.85255E-1 6.81585E-1 2.85658E0 3.86281E-1 4.44215E-1 2.99453E0 2.9272E0 5.37557E-1 2.93187E0 4.25718E-1 4.73185E-1 6.58909E-1 5.57515E-1 4.24928E0 3.25101E0 4.18685E-1 3.18563E0 7.20865E-1 4.67827E0 1.21281E0 1.49838E0 3.36721E-1 1.23547E0 7.7587E-2 7.55496E-4 3.58051E-3 1.0644E-2 1.52933E-3 1.62675E-2 3.24433E-2 8.23827E-1 7.47787E-3 5.5709E-3 7.95279E-4 1.00311E-2 3.84507E-3 7.92726E-3 1.82925E-1 3.34668E0 1.96427E-1 3.49517E-1 2.91412E0 5.00203E0 1.55132E0 5.45924E-1 4.47216E0 3.17919E0 2.25986E0 5.77984E-1 5.55715E-1 3.41966E0 1.12606E1 5.43344E0
3.66798E-1 1.59106E0 1.78751E0 1.36215E1 2.75205E0 2.37833E0 3.17773E0 8.42273E-1 2.96136E-1 3.22985E-1 2.95063E0 3.38734E-1 2.67117E0 3.46512E0 3.14219E0 6.81338E-1 2.82833E0 2.41893E0 1.68807E0 1.14644E1 1.72776E0 1.21211E0 2.44897E0 2.02979E0 4.60064E0 1.88508E0 3.86467E0 1.83831E0 5.23176E-1 3.18642E-1 1.50764E0 1.73162E-1 1.30525E-2 4.5428E-2 4.74988E-3 6.26398E-3 1.39581E-2 1.62841E0 1.51732E0 2.07422E-2 8.3837E-3 3.81706E-3 2.68318E-3 7.40874E-3 2.87405E-1 6.07797E0 -9999 -9999 -9999 4.30051E-1 4.40349E-1 7.18628E-1 9.34654E0 1.48294E0 3.95407E-1 6.52573E-1 5.46918E0 1.74403E0 3.78282E0 3.10953E0
2.68733E-1 1.16202E0 1.57884E0 2.18002E0 2.22957E0 1.5129E0 1.60134E1 8.54797E-1 2.88937E0 2.87753E-1 3.27662E0 9.01268E-1 1.20418E0 2.94673E0 3.349E0 1.24166E0 2.49412E0 2.83714E0 8.91007E-1 9.30727E-1 2.68081E0 1.00288E0 2.50588E0 6.04013E-1 1.11924E1 2.79115E1 1.98701E0 5.80758E0 3.96759E-1 4.5534E-1 1.25967E0 4.00433E-1 2.35117E0 1.5187E-1 2.45872E-1 1.75108E-1 4.79002E-3 9.71095E-1 5.68492E-1 1.72682E-2 5.44172E-3 1.0035E-2 2.59541E-3 9.21662E-3 1.45515E-1 -9999 -9999 -9999 -9999 -9999 4.63796E-1 3.3817E0 5.71019E-1 6.67567E-1 3.30345E0 5.92593E-1 3.6305E-1 1.07603E0 1.37741E0 3.87105E0
3.08769E-1 9.8023E-1 1.25593E0 1.91708E0 1.87898E0 9.77962E-1 1.93177E0 2.9496E0 5.21291E-1 2.62383E-1 3.32773E0 4.71728E-1 3.21031E-1 2.4999E0 1.12529E0 3.13421E0 2.01309E0 1.60024E0 2.88274E0 6.50752E-1 1.74704E0 1.54236E0 2.88732E0 2.02783E0 2.78573E0 1.85902E0 2.61776E1 8.49992E0 1.09383E1 2.6222E0 5.55721E-1 7.9671E-1 3.40881E0 2.34874E-1 2.67497E0 3.06333E-1 1.03404E-1 5.03841E0 3.08547E-1 1.69395E-3 6.72478E-4 8.52215E-4 4.24229E-3 -9999 -9999 -9999 -9999 -9999 -9999 -9999 -9999 3.20378E0 1.07092E0 1.36081E0 2.74995E0 2.79574E-1 2.86662E-1 7.65233E-1 2.93263E-1 3.27138E0
1.96732E0 2.71324E-1 5.85353E-1 1.32983E0 7.12026E0 1.00594E0 3.62496E-1 2.05027E0 3.04811E0 1.18757E0 2.92189E0 2.62111E0 1.91097E0 6.15137E-1 5.31965E-1 3.15064E0 1.20313E0 4.28368E0 2.43163E0 5.67801E-1 1.4273E0 2.1699E0 2.5224E0 2.97477E0 4.34593E0 2.01446E1 1.55648E1 1.65885E0 1.13797E0 2.4648E0 7.15671E0 8.79558E-1 1.067E1 5.50541E-1 1.99068E0 4.09098E0 3.41936E-1 6.82162E0 9.80047E-2 1.60196E-3 6.47109E-3 8.26142E-3 -9999 -9999 -9999 -9999 -9999 -9999 -9999 -9999 -9999 -9999 8.75218E-1 3.84967E0 5.16241E-1 3.95162E-1 1.12119E0 1.5682E0 5.98926E-1 3.73005E0
1.92912E0 2.30933E0 1.60569E-1 1.97279E0 5.38909E0 1.58372E-1 1.9746E0 4.58904E-1 5.39841E0 2.43476E0 3.55554E0 3.42326E0 4.41455E0 7.31563E-1 2.90833E0 9.39811E0 4.18887E0 3.11183E0 4.80519E-1 1.67647E0 4.21065E0 1.68042E0 1.47571E0 4.74188E0 1.65966E0 5.58126E0 1.60223E1 2.21464E1 1.16897E1 1.87885E0 1.08464E0 7.22113E0 3.85159E0 5.44676E-1 1.42281E0 1.17953E0 5.73053E0 6.85789E0 2.74273E-1 3.63539E0 8.85052E-1 1.34486E0 -9999 -9999 -9999 -9999 -9999 -9999 -9999 -9999 -9999 -9999 -9999 -9999 2.75848E0 3.18961E0 3.95383E0 1.87188E0 2.37799E0 4.13512E0
3.51565E0 4.13771E0 3.87492E0 1.63117E0 8.62364E-1 2.88646E-1 1.00875E-1 2.18182E0 7.31476E0 3.00576E0 5.53706E0 3.40339E0 3.65715E0 4.59499E0 5.2562E0 7.89974E-1 2.10374E0 5.17964E-1 3.10131E0 1.45232E0 2.20947E0 5.14586E0 2.29589E0 5.51093E0 5.14537E0 1.3208E0 5.86543E0 2.64095E1 1.03919E1 1.12289E1 1.69638E0 1.92057E0 1.00048E1 3.65838E-1 5.00928E-1 2.10262E0 3.62112E-1 5.73083E0 3.32308E-1 1.31967E0 5.85306E0 -9999 -9999 -9999 -9999 -9999 -9999 -9999 -9999 -9999 -9999 -9999 -9999 -9999 -9999 -9999 -9999 -9999 -9999 -9999
4.4687E-1 1.72554E-1 8.03906E-3 7.24834E-3 1.52495E-2 5.9185E-3 2.31874E-3 2.64958E-1 3.84243E0 1.40951E-1 8.34273E-1 1.32547E0 2.74014E-1 6.37948E-1 9.48093E0 2.05043E0 6.63775E0 1.44201E1 5.72031E0 1.01221E0 3.82616E0 1.42094E0 5.11273E0 1.54403E1 2.71858E1 3.0699E1 2.24984E1 4.33391E0 7.05583E0 2.50043E0 2.28318E0 2.0096E0 6.19457E0 2.07143E0 8.77351E0 2.60354E1 1.26009E0 1.15342E1 1.94701E0 6.6733E-1 -9999 -9999 -9999 -9999 -9999 -9999 -9999 -9999 -9999 -9999 -9999 -9999 -9999 -9999 -9999 -9999 -9999 -9999 -9999 -9999
1.5208E-2 1.9662E-3 2.28225E-3 2.51381E-3 2.18094E-3 1.43937E-2 9.93764E-3 4.51557E-3 2.34524E-2 4.214E-1 1.69204E-2 2.53935E-1 9.83054E-2 7.56335E-1 1.41532E-1 1.02133E0 5.48255E0 7.85219E-1 5.69489E0 1.24892E0 6.71851E0 4.03995E0 1.52958E0 2.62803E1 1.79718E0 2.18709E0 6.92939E0 1.47875E0 6.70322E0 1.66603E0 6.14286E0 1.96639E0 6.59761E0 2.99538E0 2.29649E0 8.67289E0 6.60788E0 3.02997E0 3.09312E0 -9999 -9999 -9999 -9999 -9999 -9999 -9999 -9999 -9999 -9999 -9999 -9999 -9999 -9999 -9999 -9999 -9999 -9999 -9999 -9999 -9999
1.23762E-2 1.79617E-2 5.10637E-2 5.31884E-3 3.06074E-2 2.5275E-2 5.3508E-4 4.78047E-3 1.43139E-3 1.78361E-2 1.43624E-3 1.87509E-2 2.60154E-2 7.31536E-3 2.96932E-1 1.36694E-2 1.88421E0 3.71619E-1 4.52242E0 5.29667E0 6.03321E0 1.93242E0 2.15294E1 1.12796E1 1.08397E1 1.15552E1 4.82823E0 4.76961E0 6.79736E0 1.96721E0 6.76283E0 1.80875E0 7.42975E0 1.77796E0 6.3869E0 4.53648E0 1.49253E0 8.84832E-1 -9999 -9999 -9999 -9999 -9999 -9999 -9999 -9999 -9999 -9999 -9999 -9999 -9999 -9999 -9999 -9999 -9999 -9999 -9999 -9999 -9999 -9999
7.31057E-2 2.51362E-2 2.51465E-2 2.08922E-2 7.09409E-2 4.51228E-3 1.52286E-2 2.21331E-2 1.29784E-3 2.7765E-3 5.58736E-4 1.5501E-3 3.03559E-2 2.67522E-2 1.16014E-2 2.02233E-1 1.4231E0 3.28975E-1 1.99068E1 3.929E0 2.37234E0 2.47743E1 3.12319E1 3.91808E1 2.96561E1 7.00284E0 5.91722E0 2.44133E0 3.95678E0 6.92093E0 1.2059E0 3.59569E0 6.48279E0 1.65539E0 7.92878E0 1.2387E0 3.82496E0 -9999 -9999 -9999 -9999 -9999 -9999 -9999 -9999 -9999 -9999 -9999 -9999 -9999 -9999 -9999 -9999 -9999 -9999 -9999 -9999 -9999 -9999 -9999
1.40973E-1 1.71173E-1 7.22493E-2 7.28372E-2 6.54408E-2 9.51613E-2 6.60041E-2 5.53038E-3 1.38595E-2 1.58355E-2 4.96046E-2 1.33852E-2 4.06318E-4 1.96388E-2 8.7748E-3 9.62395E-3 8.78889E-2 1.40262E-1 4.99442E0 3.76834E-1 6.15781E0 6.30914E0 2.47175E1 8.79367E0 7.26856E0 1.46428E0 1.51385E0 2.47071E0 1.03532E0 2.4655E0 3.7801E0 4.14023E0 1.69824E0 6.11487E0 1.46912E0 3.12922E0 -9999 -9999 -9999 -9999 -9999 -9999 -9999 -9999 -9999 -9999 -9999 -9999 -9999 -9999 -9999 -9999 -9999 -9999 -9999 -9999 -9999 -9999 -9999 -9999
1.47623E0 1.49235E-2 5.4595E-2 1.28312E-2 5.66107E-2 6.52308E-2 1.38176E-1 8.64247E-2 7.26033E-2 2.78587E-2 1.40865E-2 2.79879E-2 4.65065E-3 2.70828E-3 1.53329E-3 1.31463E-3 2.49399E-2 2.15002E-1 3.75353E-1 6.42087E-1 6.16883E-1 7.66308E-1 3.89354E0 1.78751E0 3.50917E0 8.97533E0 6.44718E0 8.88009E0 7.40894E0 1.47995E0 1.07083E0 6.50586E0 1.23922E0 5.79454E-1 4.26685E0 2.17402E0 -9999 -9999 -9999 -9999 -9999 -9999 -9999 -9999 -9999 -9999 -9999 -9999 -9999 -9999 -9999 -9999 -9999 -9999 -9999 -9999 -9999 -9999 -9999 -9999
2.70918E-1 1.21687E-2 4.30348E-2 2.7648E-2 1.18881E-2 4.51415E-2 1.34692E-1 7.06315E-2 1.53006E-1 4.35634E-2 2.66386E-2 2.18692E-2 2.37141E-2 1.38803E-2 2.11201E-2 6.97525E-4 2.4086E-4 1.20691E-3 1.11362E-1 2.19679E-1 4.04744E-1 5.2151E0 3.82537E0 1.36567E1 2.57393E0 9.33639E-1 1.57618E0 1.01797E0 1.35242E0 9.61431E0 1.6851E0 2.35487E0 6.02241E0 5.1401E0 1.01401E0 -9999 -9999 -9999 -9999 -9999 -9999 -9999 -9999 -9999 -9999 -9999 -9999 -9999 -9999 -9999 -9999 -9999 -9999 -9999 -9999 -9999 -9999 -9999 -9999 -9999
2.78784E0 1.05664E-1 3.49724E-2 2.99007E-2 8.63938E-3 3.06256E-2 1.07127E-1 4.32743E-2 5.13506E-2 7.80632E-2 6.77689E-2 5.80848E-2 1.42418E-2 5.14631E-2 4.43654E-2 5.76849E-3 5.69303E-3 8.82348E-2 1.20004E0 1.782E-1 1.89377E0 4.00611E-1 4.39516E0 2.86226E0 1.39539E0 1.69826E0 2.54478E0 3.46313E0 7.35708E0 1.07373E0 1.34163E0 9.99684E-1 1.92444E0 1.2867E1 3.2413E0 -9999 -9999 -9999 -9999 -9999 -9999 -9999 -9999 -9999 -9999 -9999 -9999 -9999 -9999 -9999 -9999 -9999 -9999 -9999 -9999 -9999 -9999 -9999 -9999 -9999
3.16306E-2 4.32394E-2 3.77545E-3 1.5635E-2 8.45332E-3 1.47368E-2 2.26354E-2 2.71337E-2 1.65708E-2 7.03469E-2 7.5062E-2 5.04243E-2 1.70535E-2 1.15469E-2 8.75568E-2 1.49861E-2 4.60738E-2 1.51275E-2 4.39301E-1 8.05588E-1 2.17927E-1 2.14689E-1 3.93372E-1 1.19399E0 1.02392E0 6.48548E-1 3.33239E0 6.32244E0 1.43757E0 1.04185E1 5.94408E0 8.37534E0 8.35352E-1 1.3601E0 -9999 -9999 -9999 -9999 -9999 -9999 -9999 -9999 -9999 -9999 -9999 -9999 -9999 -9999 -9999 -9999 -9999 -9999 -9999 -9999 -9999 -9999 -9999 -9999 -9999 -9999
1.19414E-1 2.76432E-2 1.91131E-2 1.42477E-3 1.00334E-3 1.33053E-3 7.93155E-3 2.25078E-2 1.98024E-2 3.59896E-2 6.20837E-2 8.47838E-2 8.62229E-2 6.5508E-2 6.32578E-2 5.00801E-2 1.36985E-2 1.30733E-3 5.03853E-3 1.58805E-1 2.0966E-1 1.90009E0 3.99704E0 4.60753E0 8.90921E0 6.03967E0 1.08947E0 1.10469E0 7.47942E0 1.75728E0 4.4831E0 1.41365E0 1.27005E0 -9999 -9999 -9999 -9999 -9999 -9999 -9999 -9999 -9999 -9999 -9999 -9999 -9999 -9999 -9999 -9999 -9999 -9999 -9999 -9999 -9999 -9999 -9999 -9999 -9999 -9999 -9999
3.30421E-3 1.00335E-1 2.13035E-2 1.69493E-2 4.15216E-3 7.65831E-3 2.3355E-4 4.41645E-4 2.87184E-3 5.13971E-3 6.22362E-3 2.11677E-2 2.51524E-2 7.04642E-2 4.28265E-2 2.79937E-2 2.55721E-2 6.80328E-3 5.17005E-2 9.30922E-1 1.5307E0 3.07129E0 4.47455E-1 5.55741E-1 2.59399E0 5.6345E0 8.53833E0 7.99391E0 8.2349E0 7.50103E0 5.01398E0 3.91889E0 3.47569E0 -9999 -9999 -9999 -9999 -9999 -9999 -9999 -9999 -9999 -9999 -9999 -9999 -9999 -9999 -9999 -9999 -9999 -9999 -9999 -9999 -9999 -9999 -9999 -9999 -9999 -9999 -9999
5.34574E-2 1.56297E-2 1.22523E-1 4.48364E-2 4.92033E-3 1.34013E-2 4.40057E-3 3.33058E-2 5.55063E-2 4.83796E-2 1.55254E-2 2.46111E-2 3.24078E-2 1.14887E-2 5.83039E-2 4.8444E-2 4.71446E-2 1.22187E-2 8.06625E-3 1.81163E-1 2.02006E-1 4.30199E-1 1.48556E1 7.59076E0 6.17367E0 1.25317E0 6.80907E0 1.33774E0 2.23096E0 1.45031E0 1.09637E0 -9999 -9999 -9999 -9999 -9999 -9999 -9999 -9999 -9999 -9999 -9999 -9999 -9999 -9999 -9999 -9999 -9999 -9999 -9999 -9999 -9999 -9999 -9999 -9999 -9999 -9999 -9999 -9999 -9999
9.46042E-3 1.50905E-2 2.28654E-2 1.11003E-1 1.2993E-2 5.92742E-2 5.18302E-3 1.16387E-2 6.46438E-3 2.46332E-2 6.06544E-2 4.67586E-2 2.63818E-2 4.0913E-2 2.9032E-2 5.38981E-2 3.57635E-2 6.64146E-3 6.37808E-3 1.14453E-2 2.16951E-1 3.09073E0 5.16127E-1 1.57955E0 3.02848E0 6.35634E0 1.46297E0 4.01186E0 5.89382E0 -9999 -9999 -9999 -9999 -9999 -9999 -9999 -9999 -9999 -9999 -9999 -9999 -9999 -9999 -9999 -9999 -9999 -9999 -9999 -9999 -9999 -9999 -9999 -9999 -9999 -9999 -9999 -9999 -9999 -9999 -9999
1.28882E-3 1.68417E-2 2.47382E-2 3.97009E-2 3.14983E-2 2.30394E-2 5.00829E-3 1.40944E-2 2.77701E-2 3.64406E-2 5.24126E-2 7.83282E-2 4.06122E-2 7.08888E-2 2.86592E-2 4.39855E-2 1.92543E-2 2.79238E-2 4.23405E-2 6.7681E-1 3.49598E0 1.76078E1 3.57216E0 5.27527E0 3.97577E0 1.01682E1 4.70228E0 -9999 -9999 -9999 -9999 -9999 -9999 -9999 -9999 -9999 -9999 -9999 -9999 -9999 -9999 -9999 -9999 -9999 -9999 -9999 -9999 -9999 -9999 -9999 -9999 -9999 -9999 -9999 -9999 -9999 -9999 -9999 -9999 -9999
