outputallcorrectTI_nofloodareas_nofloodcontrols_BK10/flood.asc
ncols         319
nrows         495
xllcorner     219017.22331753
yllcorner     4610852.5305323
cellsize      500.0
NODATA_value  -9999
[rows 286 to 311 of 495, columns 120 to 179 of 319]
2.14418E0 2.28855E0 5.72042E-1 2.47657E0 1.69394E1 1.06358E1 1.25906E0 1.76466E0 3.89541E-1 2.07951E-1 7.3295E0 1.44438E1 2.17937E-1 1.73357E-1 1.3446E0 1.89525E-1 5.11423E0 2.20577E0 1.33232E1 5.82427E0 3.8154E0 9.07455E0 3.77422E-1 5.29565E0 1.79504E0 1.22039E1 9.29129E-1 1.54722E-2 9.90595E-2 2.08538E-1 2.74468E-1 1.26574E0 2.03192E-1 5.96408E0 5.02616E1 1.22119E0 1.82532E1 3.58721E1 3.91105E1 3.01853E1 3.07183E1 2.85171E1 3.71458E1 5.40339E1 3.59883E1 3.78622E1 3.36499E1 3.3452E1 3.13366E1 3.08967E1 3.24701E1 3.83335E1 3.57564E1 2.87005E1 2.84316E1 2.96254E1 3.05203E1 3.09696E1 3.3104E1 3.22409E1
7.52032E-1 5.35354E-1 1.3362E0 1.68896E1 1.82052E0 8.02882E0 1.06746E0 2.19882E-1 5.07863E0 3.21331E0 4.58702E0 4.97835E-1 2.42475E-1 8.19848E-1 1.51941E0 7.53614E-1 4.67901E0 2.24914E0 1.49557E1 1.39339E1 3.43104E0 5.25771E0 6.11294E-1 2.89808E0 6.31053E0 4.98995E-1 5.27933E-1 1.82566E-2 5.07686E-3 8.26143E-1 1.35487E0 3.66076E-1 5.05021E-1 1.24995E1 4.6847E1 2.12088E1 6.18829E0 3.58651E1 3.91718E1 4.55316E1 4.43392E1 1.11539E1 7.25503E1 2.57917E1 7.72767E1 2.47289E1 2.46502E1 7.53447E1 7.44611E1 7.44049E1 7.45115E1 7.48052E1 7.47615E1 7.43137E1 6.04221E1 6.0999E1 6.11197E1 6.04152E1 6.29518E1 6.30304E1
7.54458E-1 1.69147E0 1.57904E1 2.06537E0 2.30101E0 6.27953E-1 8.86141E0 1.34229E0 1.42032E-1 3.33288E-1 1.7853E0 4.12536E0 2.80774E0 1.83372E1 6.48642E-1 5.21628E0 1.70757E1 1.59806E0 1.8452E0 1.34617E0 1.23293E1 3.89831E0 4.30076E0 7.75103E-1 1.59392E-1 1.01745E0 1.75138E-1 1.40962E-1 1.29782E-3 3.63211E-1 3.51148E-1 6.85062E0 8.04588E-1 1.48991E1 4.5252E1 3.30711E1 7.28769E0 3.66942E1 3.8695E1 3.72877E1 4.37595E1 7.04924E1 3.5112E1 3.51926E1 3.68994E1 3.46287E1 3.37833E1 3.33466E1 2.89993E1 2.85898E1 2.86792E1 3.28647E1 3.22213E1 2.64739E1 2.68816E1 2.67946E1 2.57014E1 1.26672E0 9.28034E-1 5.54761E-1
6.44765E0 1.46364E1 9.75069E0 3.37451E-1 3.06866E0 1.09684E1 3.84466E0 1.16148E0 3.56584E-1 4.80277E0 5.41153E0 8.80068E-1 3.01942E0 2.08687E1 2.14949E0 1.69892E1 5.68179E0 5.33629E0 3.98172E-1 3.85027E0 3.53603E-1 3.11836E0 5.81071E0 3.8604E0 4.5177E-1 1.03448E-1 3.26467E-1 9.41953E-2 1.39332E-2 1.05903E-1 3.41012E-1 1.32673E0 7.57571E0 1.07671E0 6.70694E0 4.65682E1 4.42189E1 3.80038E1 3.78295E1 3.65559E1 6.92847E1 3.75105E1 3.8212E1 3.81656E1 3.91359E1 3.69713E1 3.55397E1 3.51358E1 3.06342E1 2.99514E1 2.98695E1 2.96171E1 3.34891E1 2.74131E1 2.70091E1 2.52908E1 2.27215E1 2.59118E1 5.35526E0 4.38585E0
8.94447E0 2.06676E-1 9.84952E-1 9.11131E-1 9.22039E-1 3.3395E-1 2.04765E0 5.48087E-1 1.07657E1 9.22841E0 9.67495E0 1.34346E0 1.69529E1 1.79562E1 1.77059E1 3.24586E-1 7.32875E-1 2.01382E0 1.0215E0 3.08032E0 9.41377E-1 3.72647E-1 2.36444E0 2.95138E-1 1.11637E0 1.00762E0 1.4142E0 1.59213E-1 8.17339E-2 1.12843E0 1.4394E0 4.13722E0 1.88674E1 1.62786E1 5.36233E0 4.66581E1 4.23909E1 3.29882E1 3.80717E1 7.09478E1 3.76134E1 3.66357E1 3.55207E1 3.43789E1 3.31653E1 3.25158E1 3.23806E1 3.25628E1 2.83936E1 2.65743E1 2.77269E1 2.31385E1 2.60812E1 2.21493E1 2.76509E1 5.4053E0 1.2309E1 2.75102E1 4.01935E0 1.77762E-1
8.74064E0 2.00666E0 3.15921E1 2.25339E0 1.69966E0 1.86896E0 1.9785E0 8.63497E0 1.06407E1 7.62001E-1 6.12576E-1 1.30142E0 7.1613E0 7.33826E-1 4.84511E0 2.03666E0 3.78942E-1 3.46187E-1 3.71173E0 6.09088E-1 3.40482E-1 3.46051E-1 3.23993E0 4.8039E-1 2.02684E0 2.02296E0 8.93347E-1 8.66196E-1 7.3368E-1 4.61688E-1 3.57337E-1 3.27637E-1 5.96635E0 1.71738E1 1.40375E1 3.92692E1 3.5633E1 3.97626E1 7.15E1 3.73759E1 3.67033E1 3.72594E1 3.40719E1 3.27995E1 3.25893E1 3.28186E1 3.30174E1 3.28371E1 3.04462E1 1.97225E1 2.80833E1 3.83586E0 9.6551E0 9.96978E0 9.46301E0 2.47738E1 1.86064E0 1.18862E1 5.91643E-1 1.358E0
1.38981E1 1.54229E0 1.60969E1 1.82141E-1 2.68092E-1 5.01747E-1 3.27628E0 8.86903E0 8.16765E0 3.08606E0 2.97447E-1 6.45905E-1 5.59763E0 2.65165E-1 8.15954E0 3.32354E-1 1.11308E0 2.14981E-1 3.49538E0 3.85737E0 4.73303E0 3.43578E0 6.6589E-1 7.65396E-1 4.78748E-1 2.99919E0 1.29884E1 1.77035E0 7.98685E0 1.95239E0 1.44481E-1 1.64184E-1 6.16335E-1 1.61886E1 2.9041E1 4.46277E1 3.51637E1 7.17611E1 3.91438E1 3.72845E1 3.78321E1 3.55367E1 3.28902E1 3.33904E1 3.60883E1 3.37258E1 2.82254E1 1.81706E1 2.26034E1 1.37635E1 1.61129E0 1.55097E0 2.89905E-1 2.70227E-1 1.57346E0 1.83247E1 3.06426E-1 1.36182E1 2.97004E-1 2.81665E-1
4.86776E0 3.48136E1 9.71598E0 7.21074E-1 7.98298E0 9.26906E0 1.09135E1 2.05735E1 1.68408E1 5.86697E0 3.71491E-1 1.00218E0 5.19001E0 1.72899E-1 1.0938E0 9.64421E-1 1.90329E0 4.42323E0 2.57767E0 2.71653E-1 3.05236E-1 9.21014E-1 6.19344E-1 1.29901E0 3.23413E-1 4.72159E0 8.62281E0 4.94059E0 9.5021E-1 3.53062E-1 3.95276E-1 3.2515E-1 1.08052E0 2.53529E1 3.21158E1 4.61842E1 6.37655E1 3.31134E1 3.1485E1 3.13204E1 3.1663E1 2.72864E1 3.08314E1 3.11026E1 3.11849E1 3.42795E1 6.40835E0 5.26556E0 1.41353E1 4.97309E0 1.62205E0 3.01487E-1 2.14129E0 5.9702E-1 3.8403E0 1.36346E1 3.3966E-1 9.51893E-1 2.92403E0 1.55514E0
4.16928E0 3.37488E1 3.11728E1 3.22443E0 1.19512E0 5.83842E-1 1.81045E1 7.52302E0 3.38761E0 3.31195E0 2.4131E-1 9.05302E-1 7.64006E0 5.67412E-1 2.59425E0 2.33803E-1 6.46962E0 3.98957E0 3.32848E-1 1.9444E0 5.95287E0 6.43635E0 1.40308E0 5.46264E-1 6.25599E0 2.62229E1 8.98363E0 1.15025E0 7.40943E-1 1.54712E0 1.40703E0 7.57067E-1 2.43037E0 8.45535E0 2.88544E1 5.8867E1 3.68909E1 3.78142E1 3.01228E1 3.80181E1 2.64956E1 2.05655E1 6.83861E0 5.34393E0 1.14976E1 1.2227E1 6.06307E0 4.55055E-1 3.1796E-1 2.76212E-1 3.86151E-1 2.49E-1 1.10389E0 1.85243E-1 2.09664E-1 1.33549E1 3.01424E-1 4.46923E-1 1.28103E0 7.55682E-1
1.38721E0 6.40381E0 1.61273E-1 7.65007E-1 2.90572E-1 4.25214E-1 9.79874E-1 1.26981E1 6.39671E0 3.61954E0 1.08218E0 2.1209E-1 2.95236E1 3.41662E0 2.11749E0 2.18434E-1 6.09066E0 3.83247E0 9.06598E0 3.9366E-1 3.30478E0 1.18137E0 5.42955E0 8.8028E-1 2.63914E0 2.958E1 8.85447E-1 3.46468E-1 7.21191E-1 5.12913E-1 1.40779E-1 9.54523E-2 3.02128E-1 7.28818E0 5.2209E1 3.60548E1 3.77074E1 3.92145E1 4.24386E1 3.9997E1 3.22388E1 3.15048E1 1.65105E1 5.01873E0 3.21563E0 2.25046E0 1.96824E0 3.07583E1 3.25771E0 1.1691E0 4.1703E-1 8.47279E-1 3.98639E-1 4.86498E-1 1.87172E-1 2.49537E0 3.17834E-1 1.39194E0 4.54273E-1 2.01765E-1
2.65092E1 2.44434E-1 1.51747E-1 2.95973E-1 2.88332E-1 7.73942E-1 6.17697E-1 4.9714E-1 1.387E1 3.61647E0 5.46727E0 1.98524E0 2.382E1 2.88284E-1 1.80867E0 2.00036E0 1.84015E1 1.88288E0 1.93237E-1 2.19197E0 2.19666E-1 3.23793E-1 5.66918E-1 1.99445E1 3.15975E1 5.35898E-1 2.13202E0 6.20741E0 1.86331E-1 5.05762E-1 2.11779E-1 1.13916E-1 1.45228E-1 2.57561E1 4.17391E-1 3.89141E-1 1.28734E0 1.05588E1 1.97207E1 2.77778E1 3.13907E1 4.05681E1 2.90063E1 2.42116E0 1.35882E0 3.43228E0 5.62684E0 1.09225E0 2.07801E0 1.82253E1 1.37261E1 4.29944E-1 5.12556E-1 3.23243E-1 6.182E-1 2.53012E-1 2.99038E0 1.79512E-1 1.32889E-1 7.09325E-4
1.72828E0 1.93512E-1 7.03197E-1 7.44316E-1 6.23305E-1 3.30991E-1 3.70287E-1 4.47453E0 8.24064E-1 3.87345E0 4.99814E0 1.82711E0 9.82617E0 1.48197E0 7.68357E-1 3.22364E-1 3.41025E1 1.82188E0 2.14736E-1 1.96123E-1 1.91557E-1 6.15708E0 7.81555E0 3.31385E1 3.17818E0 4.66113E-1 2.91294E0 7.70787E-1 1.08003E0 6.32774E-1 2.19653E-1 5.35429E-1 1.96252E-1 2.63171E1 3.43769E-1 3.0231E-1 2.21158E-1 3.99614E0 2.321E0 9.81145E-1 3.66429E0 3.3138E1 3.8573E1 1.78176E1 4.26511E0 1.03791E1 1.26926E1 3.7352E0 6.09844E0 5.83887E0 1.09554E1 3.97371E0 2.10936E0 2.56882E0 3.21154E-1 5.98819E-1 1.3543E1 5.98918E-1 1.99483E-1 1.86268E-1
3.15976E0 2.43817E-1 1.3814E0 2.461E0 1.78449E-1 1.73281E-1 1.49958E0 1.05118E1 1.48643E0 5.07961E0 3.67797E-1 5.38787E0 1.00451E1 5.19542E0 1.65416E0 3.70768E-1 9.28853E0 1.81701E0 9.0762E0 7.33879E-1 6.31814E0 3.44973E1 4.51676E-1 1.72617E0 2.94674E0 4.66166E0 6.02505E0 2.38152E-1 9.01684E-1 6.33655E-1 1.56927E-1 1.99481E-1 2.60021E-1 2.24304E1 1.3389E-1 1.85329E0 1.16866E-1 4.19354E-1 7.50205E-1 1.58966E-1 1.90599E1 2.62981E1 9.85852E0 3.21958E1 2.99629E1 3.79595E-1 5.05873E-1 7.4896E0 2.18396E0 3.59258E0 2.0854E0 2.15392E1 3.44909E0 1.27369E1 8.64959E-1 4.48513E0 5.00778E-1 3.02186E0 1.51253E0 2.30923E-1
1.11419E1 4.70271E-1 3.39108E0 2.84965E-1 2.46296E-1 2.24153E-1 7.97942E0 2.71476E0 3.1556E-1 2.22496E0 2.15406E-1 4.27345E0 1.01555E0 1.76479E1 2.03514E0 5.0915E-1 3.50892E1 6.07236E0 8.91628E0 3.07728E1 8.11541E-1 5.51872E-1 9.98195E-1 3.08412E-1 2.21093E0 8.2109E-1 6.75773E0 1.87623E0 1.96799E1 2.24094E1 1.60537E-1 2.36531E1 2.35469E1 4.30448E0 1.31383E0 2.67711E-1 5.65274E-1 1.6823E-1 6.11594E-1 2.6718E-1 7.73358E-1 2.07603E0 1.60019E-1 1.56536E-1 3.56476E1 4.20123E1 4.01257E1 4.47178E0 2.12301E0 8.64205E0 2.5517E0 3.76914E0 1.76098E1 3.37683E-1 9.22183E-1 5.07461E-1 9.96055E-1 2.96402E-1 2.59131E0 4.57819E0
7.78442E1 9.5573E1 9.73758E1 2.68011E1 1.31143E0 6.73184E0 3.08457E-1 2.66817E-1 4.04988E0 2.01553E-1 6.34934E-1 3.88277E-1 2.16823E1 2.61561E1 1.15163E1 2.40615E0 3.25884E1 6.97981E0 7.37395E-1 3.50035E-1 5.58111E-1 5.24674E-1 1.80872E0 1.84303E0 1.75169E0 1.0988E1 6.76604E0 2.26692E1 3.2934E-1 1.14101E0 2.07225E1 2.83641E-1 1.55684E-1 2.46596E-1 1.96003E0 8.60657E-1 2.30374E0 3.11361E0 1.71765E-1 2.32259E-1 7.39014E-1 1.18795E0 3.69564E-1 1.98568E-1 2.50781E1 8.52798E-1 7.65996E0 3.60908E1 4.53292E1 3.48303E0 3.09615E1 2.46858E1 2.28284E0 9.37094E0 3.208E-1 3.34135E-1 2.67312E-1 1.18036E0 3.83528E0 1.58645E-3
7.61752E1 4.85349E1 2.50844E1 4.98668E0 9.72751E1 5.48947E0 7.74839E-1 6.82218E-1 3.15889E-1 2.74098E-1 1.48773E0 1.24345E1 3.50954E1 1.05352E0 1.18242E1 1.4793E1 2.4871E1 2.04245E0 4.94598E-1 5.73442E-1 3.4576E-1 2.50895E-1 2.24735E0 6.65837E0 2.26824E1 6.70471E1 7.66579E1 2.07688E0 5.2478E-1 4.28294E-1 3.6372E0 3.87709E-1 1.93097E-1 2.78768E-1 1.09056E0 2.0257E0 2.95784E-1 3.1302E-1 1.61995E-1 1.30063E-1 5.80168E-2 6.73823E-1 1.34442E0 2.12312E-1 3.95235E0 2.3686E0 3.12208E1 1.55873E0 1.97965E-1 3.41139E1 3.85077E1 3.56174E1 1.4869E1 2.89757E-1 7.63285E-1 1.03991E0 2.08705E-1 1.69616E-1 8.31018E0 1.6724E-2
1.83866E1 7.87794E0 1.35487E1 1.07193E1 3.58373E1 9.69557E1 1.36766E0 7.5881E0 7.38803E0 1.49011E0 1.86E1 3.48671E1 2.06534E1 3.74428E0 6.46475E-1 1.57297E0 3.11299E1 4.24165E-1 6.00388E0 1.13614E1 4.04144E-1 7.87243E-1 3.51106E-1 6.17622E0 7.82827E1 1.22757E0 1.03094E1 4.61623E0 5.55676E0 5.40543E0 2.95792E-1 1.09239E0 4.80891E-1 3.91221E-1 1.6133E0 1.20311E1 3.37531E-1 2.39556E0 5.48375E-3 9.80428E-3 4.44218E-4 1.7472E-1 1.46354E0 3.78116E-1 7.86533E-1 4.52716E-1 6.78486E0 1.49762E0 2.6052E-1 1.85687E0 2.2436E1 1.96243E0 2.07921E1 2.81932E0 2.37837E0 7.68219E-1 3.91947E-1 2.94271E-3 4.59476E-1 6.84103E-4
5.69312E0 1.84362E1 3.72937E1 2.95281E1 1.30214E1 7.50062E1 1.31639E0 5.4484E0 1.23256E1 2.23633E1 1.92525E1 7.93221E-1 1.25277E0 1.57904E0 5.90035E0 9.08355E0 4.14923E0 2.99115E1 8.4692E0 1.97622E0 3.85834E-1 2.54789E0 1.09897E1 1.06412E1 2.85704E1 2.49745E1 2.63883E1 7.17288E0 2.41676E1 1.5696E0 2.60849E-1 2.96973E-1 1.65393E-1 9.37825E-1 3.11376E0 8.28999E0 5.74775E0 1.82835E-1 4.21746E-1 1.4223E-2 5.33505E-3 4.72194E-3 8.98027E-4 1.14529E-1 1.6912E-1 1.45238E0 2.92365E-1 6.92885E0 4.36957E-1 2.50526E0 1.33554E1 4.53463E-1 1.78698E1 6.80938E0 1.63907E0 5.2545E0 1.9135E0 8.11969E-3 2.42298E-3 4.82166E-2
1.78956E-1 4.55631E0 5.70809E0 1.18449E1 4.21977E1 7.43515E1 1.74362E1 4.43861E1 5.48807E1 1.50505E0 3.43609E0 8.15909E0 6.48281E0 5.6605E0 8.30525E-1 1.08721E0 3.16598E1 1.83615E0 4.24109E0 3.12653E-1 1.29213E0 2.73867E1 1.37184E1 2.71234E1 5.02975E0 4.06639E0 9.16555E-1 3.2628E1 2.01841E1 1.0482E1 1.85149E-1 2.50182E-1 6.94583E-1 2.49344E-1 1.50423E0 2.68207E1 1.40889E1 3.33517E-3 1.07968E-2 3.28851E-2 1.05591E-2 1.07891E-2 3.79202E-3 3.84756E-1 1.18752E0 6.71758E-1 8.0726E-1 1.32888E1 1.16989E1 9.38394E0 7.91733E-1 2.85799E-1 1.69535E0 1.64491E1 7.34249E0 7.57286E-1 2.35751E-1 8.23266E-4 2.34756E-3 4.64517E-2
3.09165E-1 8.05716E-1 2.89321E1 2.15985E1 6.99233E0 2.99435E1 3.30652E1 3.67279E0 7.73451E-1 5.42669E0 5.17719E0 1.84675E0 3.84724E0 5.69536E0 5.68614E-1 8.512E0 6.45106E0 1.73024E0 1.71617E0 2.51998E-1 1.13222E1 1.60053E1 7.50112E1 4.30376E0 5.74775E0 7.55876E0 1.3977E0 2.84673E1 2.82333E1 3.12987E1 3.03722E1 3.34654E0 1.56922E1 3.61077E0 4.14358E0 4.50219E0 3.47638E0 4.53462E-1 3.67385E-3 1.20558E-2 1.21495E-2 3.81358E-2 7.4678E-2 3.16124E0 2.28103E0 1.1048E0 4.56766E0 8.27712E0 1.55936E1 5.82108E-1 1.58075E-1 5.90507E-1 2.33193E0 1.98066E1 9.2394E0 8.69871E-1 2.535E-1 6.69516E-3 5.94541E-3 2.21759E-3
3.43923E-1 1.49819E0 1.36849E0 1.33263E1 1.36705E1 4.99651E0 2.95769E1 5.85276E1 6.01968E1 5.4224E0 4.10966E0 4.93889E0 1.84894E1 2.35502E1 1.60913E1 9.46601E0 1.8946E0 2.39019E0 3.69165E-1 3.8825E0 7.3499E1 9.55342E1 1.08861E0 2.66916E1 7.72877E0 2.90579E1 3.19306E1 8.0039E0 8.28251E0 8.10891E-1 8.97066E-1 6.12308E0 6.63057E-1 8.89488E-1 6.94479E-1 5.79212E0 9.4649E0 1.08021E0 2.98444E-1 4.46955E-3 4.52025E-2 9.83595E-3 4.66146E-3 2.44404E-1 1.67193E-1 2.4784E-1 1.20632E1 2.23418E1 6.9033E0 3.21913E-1 6.84836E-1 3.40662E-1 1.44985E0 1.72076E1 9.58005E0 7.43103E-1 2.95306E-1 7.94207E-4 2.31121E-2 8.83985E-3
4.98719E-1 7.13438E-1 1.92559E-1 9.51842E0 6.97193E0 1.5693E1 1.02421E1 1.09831E1 1.40676E1 9.68683E1 9.94141E1 9.85924E1 9.87054E1 3.07511E1 9.21678E0 2.02277E1 7.19738E0 5.16147E0 4.75905E0 9.35959E1 4.05263E1 1.30409E1 6.79572E-1 9.56007E-1 6.76149E0 2.44028E0 2.48381E0 1.27016E1 1.62879E0 9.73637E0 5.65419E0 3.23545E-1 1.81408E-1 2.49826E-1 1.56203E0 1.28486E0 5.49056E0 1.08206E1 1.19821E0 2.37667E-2 5.46746E-3 4.822E-3 1.45705E-2 3.18651E-3 1.48814E0 7.52794E-1 1.80304E-1 1.11614E1 7.10106E0 7.32136E-1 4.14877E-1 1.87152E-1 5.32078E-1 2.79084E-1 1.52197E1 1.62403E0 7.38358E-1 2.29864E-2 9.01464E-3 1.80935E-2
2.98191E-1 4.51059E-1 1.72137E-1 4.72603E-1 5.8706E-1 1.5613E1 2.5237E0 2.71961E0 2.9356E0 5.59419E-1 1.21615E1 3.99801E0 2.2247E0 9.34524E1 1.37672E0 4.33747E0 2.43989E0 1.19662E1 9.51516E1 5.14552E1 1.25077E1 1.13749E1 3.87806E0 5.59551E0 2.42589E1 1.08891E1 1.88818E0 3.49371E0 1.72362E0 9.83823E-1 3.32799E0 2.72398E-1 8.19984E-1 4.16653E-1 9.51739E-1 3.64434E0 1.00803E0 8.08605E-1 2.37669E0 2.4799E-1 4.42329E-2 2.7886E-2 5.99065E-3 8.59452E-4 6.25263E-3 1.72935E0 1.01708E0 4.88427E-1 6.97386E0 2.97125E-1 4.27222E-1 5.50202E-1 5.77115E-1 4.62577E-1 1.78975E1 2.78042E-1 7.9065E-1 1.07048E-3 2.34276E-3 2.0356E-3
6.30234E-1 6.62788E-1 2.8841E-1 3.83486E-1 3.29287E0 4.06661E0 5.83291E-1 9.65898E-1 8.41306E0 2.45356E1 3.38078E-1 1.92022E0 1.98085E1 9.52691E1 6.88493E0 6.88977E0 2.83042E1 7.59588E1 8.10477E0 6.47079E0 1.31667E0 6.71663E0 1.12715E0 8.6125E0 1.82402E1 8.70753E-1 1.55063E0 5.47298E-1 4.4168E-1 3.3533E0 2.5975E1 3.33182E0 4.91409E0 9.46695E-1 4.83255E-1 2.67477E-1 4.25571E-1 1.04229E1 1.36044E-1 6.77439E-1 1.20437E-1 1.06192E-1 2.50649E-2 4.53576E-3 3.16507E-3 2.32164E-3 5.81248E-3 1.44839E-1 5.13507E-1 1.55896E1 7.51546E-1 2.34263E0 1.49242E0 1.81131E0 8.21404E0 1.20528E0 1.40568E-1 1.46393E-3 5.67098E-2 6.49364E-2
7.70482E-1 4.79094E0 6.96797E-1 5.39594E-1 2.32499E-1 2.06296E0 2.02376E0 4.42908E1 2.46977E1 3.05225E-1 1.83797E-1 3.74346E0 7.61903E0 9.62788E1 1.31486E1 2.57661E1 3.60213E1 1.34481E1 8.52299E0 6.5078E0 2.26995E-1 6.87251E-1 2.68906E-1 1.86571E0 5.78957E0 1.95677E0 3.58277E-1 2.30968E0 1.09353E0 1.84211E0 2.7366E0 6.93807E0 5.60996E0 1.64991E0 1.59418E-1 6.54677E-1 6.55324E-1 4.48297E0 1.23471E-1 1.50322E-1 2.66638E-2 1.00277E-2 5.62083E-3 2.99619E-3 1.82635E-3 6.22498E-5 1.76293E-4 6.58055E-3 1.72788E0 1.13875E1 8.66085E-1 2.36072E0 1.52251E0 1.88961E0 7.92405E0 8.24069E0 4.51473E0 5.46701E-1 1.63146E-3 1.51013E-3
1.2344E1 1.6339E0 4.50702E0 1.14375E0 3.22967E0 8.12852E0 1.24409E1 3.88307E-1 6.76554E0 3.57231E-1 1.30043E-1 2.91244E-1 1.39288E0 7.81527E0 9.72873E1 9.83166E1 9.97737E1 9.74258E0 1.41641E0 1.7395E-1 2.76085E-1 3.57427E0 3.23092E-1 7.61935E-1 5.09422E-1 4.15804E-1 2.96847E-1 6.67705E-1 8.01437E-1 6.06111E0 7.43277E0 7.04388E0 1.10942E0 3.22572E-1 2.84479E-1 9.14014E-1 2.68022E0 2.22821E-1 5.49665E-1 4.3303E-1 5.37054E-3 2.59358E-2 5.0549E-3 2.84054E-2 9.15672E-3 4.15462E-3 1.71896E-4 1.2674E-3 3.87767E-3 1.49806E-1 1.367E0 7.14365E0 1.79235E0 1.19081E0 6.96322E0 7.87455E0 1.68121E0 1.84811E-1 7.60719E-3 2.22306E-3
