ASCII/tev_dem500m.asc
ncols         319
nrows         495
xllcorner     219017.22331753
yllcorner     4610852.5305323
cellsize      500
NODATA_value  -9999
[rows 160 to 199 of 495, columns 180 to 269 of 319]
539 617 678 650 639 612 708 806 723 722 732 768 741 765 680 544 507 456 427 424 443 458 472 508 653 720 839 873 956 946 1011 716 743 657 807 819 822 673 735 812 814 1016 1136 1046 897 872 784 -9999 -9999 -9999 -9999 -9999 -9999 -9999 -9999 -9999 -9999 -9999 -9999 -9999 -9999 -9999 -9999 -9999 -9999 -9999 -9999 -9999 -9999 -9999 -9999 -9999 -9999 -9999 -9999 -9999 -9999 -9999 -9999 -9999 -9999 -9999 -9999 -9999 -9999 -9999 -9999 -9999 -9999 -9999
695 702 748 599 540 601 611 700 821 685 665 782 808 813 746 567 496 435 461 528 499 449 483 558 617 752 876 899 851 964 918 679 896 721 870 999 972 817 699 833 923 954 1148 1272 1183 1122 912 -9999 -9999 -9999 -9999 -9999 -9999 -9999 -9999 -9999 -9999 -9999 -9999 -9999 -9999 -9999 -9999 -9999 -9999 -9999 -9999 -9999 -9999 -9999 -9999 -9999 -9999 -9999 -9999 -9999 -9999 -9999 -9999 -9999 -9999 -9999 -9999 -9999 -9999 -9999 -9999 -9999 -9999 -9999
592 620 629 581 519 553 613 738 722 625 670 750 772 721 680 554 478 442 459 529 508 509 492 584 713 827 852 744 751 911 967 804 942 824 914 1082 1153 894 730 802 802 899 1165 1214 1251 1135 942 -9999 -9999 -9999 -9999 -9999 -9999 -9999 -9999 -9999 -9999 -9999 -9999 -9999 -9999 -9999 -9999 -9999 -9999 -9999 -9999 -9999 -9999 -9999 -9999 -9999 -9999 -9999 -9999 -9999 -9999 -9999 -9999 -9999 -9999 -9999 -9999 -9999 -9999 -9999 -9999 -9999 -9999 -9999
597 521 612 551 464 490 621 658 570 621 704 728 675 633 716 587 523 452 435 542 546 526 532 569 611 726 691 608 699 894 887 878 978 790 953 1120 1162 1118 908 739 964 1069 1191 1169 937 800 757 600 -9999 -9999 -9999 -9999 -9999 -9999 -9999 -9999 -9999 -9999 -9999 -9999 -9999 -9999 -9999 -9999 -9999 -9999 -9999 -9999 -9999 -9999 -9999 -9999 -9999 -9999 -9999 -9999 -9999 -9999 -9999 -9999 -9999 -9999 -9999 -9999 -9999 -9999 -9999 -9999 -9999 -9999
589 529 547 507 441 460 496 581 577 704 808 786 671 580 555 487 486 455 406 470 562 533 492 497 644 705 530 632 711 858 780 762 868 671 764 879 1001 1127 994 788 868 1046 1185 946 674 680 724 657 -9999 -9999 -9999 -9999 -9999 -9999 -9999 -9999 -9999 -9999 -9999 -9999 -9999 -9999 -9999 -9999 -9999 -9999 -9999 -9999 -9999 -9999 -9999 -9999 -9999 -9999 -9999 -9999 -9999 -9999 -9999 -9999 -9999 -9999 -9999 -9999 -9999 -9999 -9999 -9999 -9999 -9999
511 438 520 430 468 555 487 508 618 696 805 773 610 575 569 513 445 437 396 500 502 474 511 473 531 581 576 728 726 652 682 635 669 685 816 918 1081 1201 1117 885 1036 1136 993 872 871 980 891 847 -9999 -9999 -9999 -9999 -9999 -9999 -9999 -9999 -9999 -9999 -9999 -9999 -9999 -9999 -9999 -9999 -9999 -9999 -9999 -9999 -9999 -9999 -9999 -9999 -9999 -9999 -9999 -9999 -9999 -9999 -9999 -9999 -9999 -9999 -9999 -9999 -9999 -9999 -9999 -9999 -9999 -9999
476 443 433 473 502 595 547 656 731 786 840 772 664 684 738 530 483 433 399 534 471 422 482 440 493 564 576 701 585 506 653 659 712 658 912 1151 1291 1414 1283 1112 1058 1145 906 1138 1126 1134 1048 1076 -9999 -9999 -9999 -9999 -9999 -9999 -9999 -9999 -9999 -9999 -9999 -9999 -9999 -9999 -9999 -9999 -9999 -9999 -9999 -9999 -9999 -9999 -9999 -9999 -9999 -9999 -9999 -9999 -9999 -9999 -9999 -9999 -9999 -9999 -9999 -9999 -9999 -9999 -9999 -9999 -9999 -9999
430 423 384 413 458 559 570 665 656 773 868 839 766 644 633 502 429 407 392 467 409 463 587 545 439 455 462 489 484 583 737 840 754 703 879 1104 1320 1403 1434 1371 1142 1027 985 1278 1183 1184 1100 1007 -9999 -9999 -9999 -9999 -9999 -9999 -9999 -9999 -9999 -9999 -9999 -9999 -9999 -9999 -9999 -9999 -9999 -9999 -9999 -9999 -9999 -9999 -9999 -9999 -9999 -9999 -9999 -9999 -9999 -9999 -9999 -9999 -9999 -9999 -9999 -9999 -9999 -9999 -9999 -9999 -9999 -9999
371 384 412 419 471 506 507 551 631 818 769 817 713 622 611 558 513 431 388 425 421 504 665 668 498 525 479 656 666 732 866 973 836 685 923 1182 1425 1485 1512 1354 1086 995 1203 1316 1326 1185 1009 842 -9999 -9999 -9999 -9999 -9999 -9999 -9999 -9999 -9999 -9999 -9999 -9999 -9999 -9999 -9999 -9999 -9999 -9999 -9999 -9999 -9999 -9999 -9999 -9999 -9999 -9999 -9999 -9999 -9999 -9999 -9999 -9999 -9999 -9999 -9999 -9999 -9999 -9999 -9999 -9999 -9999 -9999
446 475 491 481 458 458 558 648 694 717 760 833 776 722 743 655 489 412 381 488 488 568 773 734 527 568 493 620 741 884 891 849 847 725 875 1095 1375 1480 1355 1212 1041 1053 1220 1323 1279 1193 1055 969 -9999 -9999 -9999 -9999 -9999 -9999 -9999 -9999 -9999 -9999 -9999 -9999 -9999 -9999 -9999 -9999 -9999 -9999 -9999 -9999 -9999 -9999 -9999 -9999 -9999 -9999 -9999 -9999 -9999 -9999 -9999 -9999 -9999 -9999 -9999 -9999 -9999 -9999 -9999 -9999 -9999 -9999
554 543 556 557 494 495 501 562 674 704 599 671 654 634 700 623 463 419 390 457 487 673 828 821 602 605 537 554 741 691 740 826 849 744 948 1082 1325 1453 1365 1205 1200 1137 1235 1213 1152 1010 1006 876 812 -9999 -9999 -9999 -9999 -9999 -9999 -9999 -9999 -9999 -9999 -9999 -9999 -9999 -9999 -9999 -9999 -9999 -9999 -9999 -9999 -9999 -9999 -9999 -9999 -9999 -9999 -9999 -9999 -9999 -9999 -9999 -9999 -9999 -9999 -9999 -9999 -9999 -9999 -9999 -9999 -9999
741 751 716 662 581 538 498 587 676 646 558 522 556 583 690 637 541 428 379 475 519 620 719 832 750 629 621 532 538 569 746 823 868 750 907 1169 1333 1343 1329 1092 1158 1236 1238 1127 945 865 817 769 798 -9999 -9999 -9999 -9999 -9999 -9999 -9999 -9999 -9999 -9999 -9999 -9999 -9999 -9999 -9999 -9999 -9999 -9999 -9999 -9999 -9999 -9999 -9999 -9999 -9999 -9999 -9999 -9999 -9999 -9999 -9999 -9999 -9999 -9999 -9999 -9999 -9999 -9999 -9999 -9999 -9999
978 1011 960 868 789 680 671 585 609 695 667 583 549 506 521 516 479 395 419 481 538 759 926 829 842 734 689 638 629 766 645 769 909 788 952 1053 1164 1101 1243 1056 1008 1152 1174 1242 1203 1128 1024 988 775 -9999 -9999 -9999 -9999 -9999 -9999 -9999 -9999 -9999 -9999 -9999 -9999 -9999 -9999 -9999 -9999 -9999 -9999 -9999 -9999 -9999 -9999 -9999 -9999 -9999 -9999 -9999 -9999 -9999 -9999 -9999 -9999 -9999 -9999 -9999 -9999 -9999 -9999 -9999 -9999 -9999
1078 1154 1142 1048 932 847 682 653 618 618 641 673 549 538 448 412 387 373 388 442 554 762 951 971 894 769 722 646 630 757 811 836 900 822 869 953 1037 972 1136 1010 946 1158 1098 1121 1100 1099 1204 1095 895 -9999 -9999 -9999 -9999 -9999 -9999 -9999 -9999 -9999 -9999 -9999 -9999 -9999 -9999 -9999 -9999 -9999 -9999 -9999 -9999 -9999 -9999 -9999 -9999 -9999 -9999 -9999 -9999 -9999 -9999 -9999 -9999 -9999 -9999 -9999 -9999 -9999 -9999 -9999 -9999 -9999
1009 1135 1222 1200 1046 938 788 700 618 593 705 697 651 626 640 555 479 371 389 483 622 855 980 1074 987 808 716 671 733 760 803 859 850 812 818 866 946 936 1062 950 882 1102 1007 973 990 1009 1013 856 729 -9999 -9999 -9999 -9999 -9999 -9999 -9999 -9999 -9999 -9999 -9999 -9999 -9999 -9999 -9999 -9999 -9999 -9999 -9999 -9999 -9999 -9999 -9999 -9999 -9999 -9999 -9999 -9999 -9999 -9999 -9999 -9999 -9999 -9999 -9999 -9999 -9999 -9999 -9999 -9999 -9999
987 1068 1183 1248 1138 973 857 748 610 532 577 665 660 730 614 514 397 385 400 505 642 880 995 1067 994 834 703 740 801 713 839 970 898 824 803 821 876 917 1030 979 838 980 1069 1022 828 774 825 711 752 -9999 -9999 -9999 -9999 -9999 -9999 -9999 -9999 -9999 -9999 -9999 -9999 -9999 -9999 -9999 -9999 -9999 -9999 -9999 -9999 -9999 -9999 -9999 -9999 -9999 -9999 -9999 -9999 -9999 -9999 -9999 -9999 -9999 -9999 -9999 -9999 -9999 -9999 -9999 -9999 -9999
1048 1105 1236 1222 1157 1085 903 743 589 495 574 567 597 678 600 497 363 477 531 493 608 807 899 997 1015 925 806 735 820 790 834 980 979 871 796 836 842 917 991 987 813 862 928 1073 1062 953 721 749 911 -9999 -9999 -9999 -9999 -9999 -9999 -9999 -9999 -9999 -9999 -9999 -9999 -9999 -9999 -9999 -9999 -9999 -9999 -9999 -9999 -9999 -9999 -9999 -9999 -9999 -9999 -9999 -9999 -9999 -9999 -9999 -9999 -9999 -9999 -9999 -9999 -9999 -9999 -9999 -9999 -9999
958 1144 1239 1255 1230 1094 892 680 678 539 475 496 560 541 431 387 357 463 556 539 609 811 949 999 997 967 753 693 734 844 936 895 1040 954 794 814 824 908 997 848 795 793 865 934 975 809 751 883 1055 -9999 -9999 -9999 -9999 -9999 -9999 -9999 -9999 -9999 -9999 -9999 -9999 -9999 -9999 -9999 -9999 -9999 -9999 -9999 -9999 -9999 -9999 -9999 -9999 -9999 -9999 -9999 -9999 -9999 -9999 -9999 -9999 -9999 -9999 -9999 -9999 -9999 -9999 -9999 -9999 -9999
864 1039 1160 1256 1208 1141 1043 867 704 542 491 483 447 483 477 465 354 433 499 565 529 616 748 965 1000 964 907 781 768 803 779 924 933 843 789 801 802 968 983 798 777 789 787 849 798 717 929 1031 1100 -9999 -9999 -9999 -9999 -9999 -9999 -9999 -9999 -9999 -9999 -9999 -9999 -9999 -9999 -9999 -9999 -9999 -9999 -9999 -9999 -9999 -9999 -9999 -9999 -9999 -9999 -9999 -9999 -9999 -9999 -9999 -9999 -9999 -9999 -9999 -9999 -9999 -9999 -9999 -9999 -9999
788 989 1143 1238 1220 1177 1041 801 724 577 546 500 557 670 591 436 349 485 607 536 457 631 840 899 886 913 881 835 719 780 834 919 909 835 781 781 784 936 957 787 761 756 743 739 715 857 1040 1118 -9999 -9999 -9999 -9999 -9999 -9999 -9999 -9999 -9999 -9999 -9999 -9999 -9999 -9999 -9999 -9999 -9999 -9999 -9999 -9999 -9999 -9999 -9999 -9999 -9999 -9999 -9999 -9999 -9999 -9999 -9999 -9999 -9999 -9999 -9999 -9999 -9999 -9999 -9999 -9999 -9999 -9999
653 855 1025 1134 1185 1198 1138 1011 801 620 588 644 714 634 549 427 350 477 543 503 416 573 663 851 1004 966 939 883 780 762 794 911 942 835 778 777 833 804 920 812 743 739 736 724 739 849 1069 1236 1221 -9999 -9999 -9999 -9999 -9999 -9999 -9999 -9999 -9999 -9999 -9999 -9999 -9999 -9999 -9999 -9999 -9999 -9999 -9999 -9999 -9999 -9999 -9999 -9999 -9999 -9999 -9999 -9999 -9999 -9999 -9999 -9999 -9999 -9999 -9999 -9999 -9999 -9999 -9999 -9999 -9999
541 800 906 947 1049 1130 1109 997 787 616 642 734 687 591 486 411 344 441 490 446 407 529 762 923 1074 1039 931 893 858 818 845 860 823 802 775 774 801 765 853 771 738 735 715 737 745 779 882 1067 1266 -9999 -9999 -9999 -9999 -9999 -9999 -9999 -9999 -9999 -9999 -9999 -9999 -9999 -9999 -9999 -9999 -9999 -9999 -9999 -9999 -9999 -9999 -9999 -9999 -9999 -9999 -9999 -9999 -9999 -9999 -9999 -9999 -9999 -9999 -9999 -9999 -9999 -9999 -9999 -9999 -9999
429 612 728 726 859 958 984 986 768 534 708 738 707 609 598 469 397 373 407 364 445 591 787 982 1011 847 970 924 886 886 808 790 781 800 798 774 840 773 757 745 725 736 737 745 753 828 900 1086 1137 -9999 -9999 -9999 -9999 -9999 -9999 -9999 -9999 -9999 -9999 -9999 -9999 -9999 -9999 -9999 -9999 -9999 -9999 -9999 -9999 -9999 -9999 -9999 -9999 -9999 -9999 -9999 -9999 -9999 -9999 -9999 -9999 -9999 -9999 -9999 -9999 -9999 -9999 -9999 -9999 -9999
366 429 497 585 638 774 874 889 650 536 696 776 644 555 468 414 374 339 342 394 473 602 800 948 805 827 985 931 919 855 814 787 780 811 817 757 801 841 820 717 741 742 743 759 774 838 902 1088 1126 -9999 -9999 -9999 -9999 -9999 -9999 -9999 -9999 -9999 -9999 -9999 -9999 -9999 -9999 -9999 -9999 -9999 -9999 -9999 -9999 -9999 -9999 -9999 -9999 -9999 -9999 -9999 -9999 -9999 -9999 -9999 -9999 -9999 -9999 -9999 -9999 -9999 -9999 -9999 -9999 -9999
321 497 582 601 736 882 773 635 557 525 665 711 602 492 427 330 374 392 340 369 438 610 659 639 658 870 976 901 859 849 830 825 880 815 788 746 754 802 725 749 748 752 755 764 822 792 870 1037 -9999 -9999 -9999 -9999 -9999 -9999 -9999 -9999 -9999 -9999 -9999 -9999 -9999 -9999 -9999 -9999 -9999 -9999 -9999 -9999 -9999 -9999 -9999 -9999 -9999 -9999 -9999 -9999 -9999 -9999 -9999 -9999 -9999 -9999 -9999 -9999 -9999 -9999 -9999 -9999 -9999 -9999
327 502 616 676 726 817 734 584 462 434 549 650 615 544 453 342 317 449 389 362 467 488 446 522 579 771 801 814 840 851 871 965 875 804 757 746 729 793 811 754 763 804 779 784 848 833 809 850 882 850 797 -9999 -9999 -9999 -9999 -9999 -9999 -9999 -9999 -9999 -9999 -9999 -9999 -9999 -9999 -9999 -9999 -9999 -9999 -9999 -9999 -9999 -9999 -9999 -9999 -9999 -9999 -9999 -9999 -9999 -9999 -9999 -9999 -9999 -9999 -9999 -9999 -9999 -9999 -9999
267 480 561 624 572 654 634 484 359 421 511 614 493 468 381 306 410 466 494 432 387 407 516 568 587 647 712 805 827 892 849 911 828 780 756 749 764 859 779 825 807 853 871 815 886 884 825 847 967 907 951 1134 -9999 -9999 -9999 -9999 -9999 -9999 -9999 -9999 -9999 -9999 -9999 -9999 -9999 -9999 -9999 -9999 -9999 -9999 -9999 -9999 -9999 -9999 -9999 -9999 -9999 1051 922 1162 1217 1059 -9999 -9999 -9999 -9999 -9999 -9999 -9999 -9999
236 360 496 567 540 453 594 423 376 508 601 584 436 345 296 360 467 499 543 466 534 539 571 506 691 736 855 921 921 887 803 841 829 786 762 757 804 813 767 953 853 895 918 920 880 915 862 958 1009 1019 1119 1168 1236 1101 -9999 -9999 -9999 -9999 -9999 -9999 -9999 -9999 -9999 -9999 -9999 -9999 -9999 -9999 -9999 -9999 -9999 -9999 -9999 -9999 -9999 1001 1012 1179 1053 1141 1315 1130 989 949 764 -9999 -9999 -9999 -9999 -9999
206 322 464 482 405 352 442 337 430 525 575 500 406 289 357 461 433 440 562 671 686 778 718 546 681 743 813 859 841 824 800 800 859 846 776 788 807 826 772 859 911 925 1001 1050 964 988 874 1047 1141 1125 1186 1138 1025 1004 919 -9999 -9999 -9999 -9999 -9999 -9999 -9999 -9999 -9999 -9999 -9999 -9999 -9999 -9999 -9999 -9999 751 -9999 842 1043 1105 1065 1203 1227 1099 1348 1197 1233 1175 1017 767 -9999 -9999 -9999 -9999
203 288 377 297 268 288 312 349 395 473 546 473 369 280 303 341 439 566 603 718 774 795 746 654 538 588 643 749 837 853 804 800 805 824 792 799 864 871 774 787 842 920 1034 1088 1034 1071 1024 1081 1173 1129 1076 1097 1197 1240 1062 -9999 988 747 -9999 -9999 -9999 -9999 -9999 -9999 -9999 -9999 674 696 815 839 816 847 673 805 973 1118 1181 1209 1353 1223 1396 1394 1446 1425 1107 863 807 -9999 -9999 -9999
206 212 289 243 257 268 278 316 412 476 540 475 345 275 302 409 461 694 822 860 887 842 792 693 627 650 739 834 818 850 837 800 809 839 911 931 944 885 782 786 803 882 900 1055 1074 1161 1186 1143 1223 1194 1192 1139 1296 1348 1198 1109 951 700 682 813 1022 -9999 -9999 628 586 625 691 740 787 819 840 873 737 917 941 1192 1279 1219 1365 1360 1399 1483 1519 1309 1029 832 893 769 952 1202
206 213 267 237 250 256 295 291 399 370 351 355 282 269 311 419 521 725 854 901 933 820 714 750 688 616 743 814 719 799 788 774 872 879 988 999 857 869 796 784 794 841 859 996 1111 1167 1328 1279 1287 1170 1140 1201 1340 1234 1031 823 817 630 784 883 1084 1001 805 632 576 596 613 708 703 777 921 913 715 899 955 1047 1280 1330 1343 1478 1415 1449 1279 1011 904 894 1179 969 844 999
206 215 227 231 237 244 250 279 347 448 394 297 263 262 338 454 420 567 630 859 874 804 751 718 723 656 731 804 645 769 765 657 786 915 1040 963 980 911 816 790 807 811 817 872 942 1091 1259 1388 1311 1185 1127 1230 1293 1084 771 680 650 816 887 961 1151 1036 822 655 625 591 613 619 692 821 992 924 881 816 990 1071 1106 1334 1457 1497 1376 1148 1136 878 965 1152 1244 1109 957 825
209 215 220 225 226 236 255 335 347 376 291 259 258 265 286 321 351 355 408 580 650 606 606 714 743 682 797 701 591 728 784 627 711 906 1062 1012 925 859 877 801 799 849 898 863 883 1078 1278 1359 1288 1207 1104 1095 1239 1092 801 892 767 974 1068 1138 1130 991 831 709 695 595 665 620 710 839 1004 904 1010 839 972 1100 1178 1345 1466 1522 1461 1180 912 1052 1117 1363 1484 1437 1221 874
211 215 218 219 226 230 264 332 314 268 253 251 254 276 306 295 343 350 387 507 485 528 635 606 721 763 741 574 599 612 709 608 720 846 992 947 885 939 913 820 853 930 948 856 905 1109 1284 1337 1304 1116 1078 1071 1141 917 871 771 824 981 1209 1255 1173 1055 920 868 748 616 672 718 674 817 959 963 991 874 960 1064 1156 1209 1444 1500 1362 1119 983 1235 1337 1375 1570 1673 1303 1079
211 216 217 220 226 234 238 266 268 246 246 252 260 342 303 373 502 573 630 707 629 638 569 505 586 676 586 539 669 560 583 710 764 797 841 962 944 968 975 854 876 954 972 896 907 1079 1311 1334 1220 1090 1013 1014 961 1071 1042 844 873 998 1222 1370 1258 1190 1062 973 788 638 726 737 688 829 967 976 952 880 934 1089 1113 1153 1345 1567 1484 1133 1120 1209 1453 1584 1755 1646 1339 1128
208 215 218 226 222 229 231 237 237 241 247 250 313 404 338 428 576 712 757 896 889 828 835 609 518 527 557 602 640 619 574 671 778 758 798 944 941 994 982 868 937 1016 968 887 892 1084 1268 1266 1199 1034 1140 1113 1219 1253 1147 908 909 1086 1310 1398 1131 997 782 714 727 774 765 678 705 800 968 990 977 944 975 999 1020 1096 1259 1538 1504 1345 1216 1370 1463 1573 1821 1422 1311 1256
210 214 218 220 223 229 233 236 237 243 250 266 283 341 396 473 624 718 909 994 992 902 852 736 535 597 819 732 817 682 640 614 744 701 738 827 934 995 975 893 951 955 903 828 876 981 1110 1184 1158 1067 1252 1249 1335 1252 1066 979 974 1186 1374 1173 956 882 928 956 1044 883 774 841 734 837 991 1065 1026 997 979 1030 1095 1132 1194 1339 1473 1579 1444 1477 1420 1548 1838 1690 1612 1718
207 213 216 222 221 227 232 235 234 245 256 285 393 371 431 552 632 667 891 950 1001 856 821 821 569 703 827 881 846 891 715 595 696 686 787 846 930 941 906 888 892 885 864 829 855 907 1119 1179 1227 1220 1215 1347 1437 1279 1074 1045 1186 1389 1317 1061 1144 1247 1138 1150 1167 973 797 882 792 881 1008 1114 1087 1020 1057 1006 1024 1129 1083 1130 1411 1563 1676 1676 1708 1586 1793 1958 1682 1768
207 211 213 217 222 225 231 239 240 254 270 306 323 393 512 566 548 597 753 746 796 850 889 851 630 857 888 919 903 933 785 643 643 660 727 758 864 1005 934 903 882 805 795 854 874 894 1030 1168 1277 1303 1228 1255 1389 1385 1340 1195 1359 1473 1290 1046 1342 1420 1283 1328 1245 1055 856 920 826 835 924 1068 1135 1061 1108 1062 1079 1102 1067 991 1267 1515 1742 1884 1833 1767 1950 2074 1935 1835
