ASCII/tev_dem500m.asc
ncols         319
nrows         495
xllcorner     219017.22331753
yllcorner     4610852.5305323
cellsize      500
NODATA_value  -9999
[rows 400 to 439 of 495, columns 180 to 269 of 319]
154 140 132 116 124 156 143 148 205 192 218 205 225 257 311 395 524 805 1064 1054 1050 1027 1059 1046 1042 1041 900 945 884 857 862 887 819 603 484 378 512 637 506 449 486 456 497 658 617 511 553 655 736 750 672 651 603 580 627 670 639 623 622 619 621 633 644 629 643 644 674 722 861 902 973 1209 1280 1362 1329 1267 1386 1400 1506 1623 1607 1498 1477 1435 1422 1169 1048 963 941 913
156 139 187 146 139 155 193 169 183 209 222 185 250 239 290 360 460 716 827 964 1020 1057 1058 1018 992 989 749 845 794 880 823 735 687 585 511 367 517 667 539 487 454 461 399 512 553 439 578 714 779 720 694 800 729 561 685 775 697 636 660 634 627 627 642 643 642 655 667 702 784 901 1023 1150 1245 1291 1360 1308 1266 1303 1367 1513 1646 1586 1537 1479 1498 1359 1127 1030 980 920
176 155 215 182 161 169 216 184 185 214 203 208 257 256 280 301 375 543 649 934 945 893 922 876 848 812 680 702 841 882 914 925 820 665 518 361 480 623 610 604 510 389 347 426 446 440 588 702 797 737 826 857 663 527 660 724 745 764 829 760 640 640 640 654 648 658 680 715 791 870 1013 1141 1181 1347 1373 1338 1393 1382 1364 1406 1502 1653 1626 1505 1478 1466 1349 1157 955 940
170 176 235 310 197 228 298 221 186 197 145 227 219 188 226 264 334 436 602 776 749 786 879 876 817 675 590 700 924 888 931 924 817 657 435 364 554 556 609 508 550 508 425 341 395 457 580 665 681 836 863 818 638 507 425 559 611 731 790 707 659 647 654 663 668 797 939 984 960 944 947 978 1113 1132 1198 1381 1445 1517 1485 1464 1492 1484 1524 1518 1495 1481 1454 1338 1194 1012
162 169 221 339 226 230 348 301 201 152 175 210 203 177 180 239 295 320 396 508 552 673 781 846 824 686 520 617 814 785 871 811 682 563 421 353 484 499 475 400 429 392 416 330 360 437 504 502 537 666 703 771 634 480 401 455 600 726 806 788 767 655 653 666 673 779 948 1069 1171 1234 1237 1123 1097 1112 1133 1192 1383 1497 1547 1483 1441 1452 1438 1479 1471 1444 1494 1502 1342 1143
130 156 191 211 209 207 314 253 218 127 162 169 213 141 165 206 245 276 336 405 467 665 911 917 892 717 683 490 604 739 762 729 575 469 392 335 343 394 418 362 326 341 308 324 317 331 385 442 620 731 705 680 533 386 366 421 559 709 865 878 867 672 669 664 685 695 734 810 911 1157 1296 1327 1305 1306 1243 1172 1229 1467 1525 1611 1499 1424 1440 1370 1365 1388 1488 1405 1431 1225
132 139 162 164 173 171 220 246 290 181 163 168 142 172 186 198 223 257 295 337 437 695 843 809 832 875 754 581 393 504 614 550 504 453 369 329 344 395 412 363 307 304 360 428 453 440 319 381 447 547 625 684 487 379 355 412 526 682 833 940 921 815 681 681 683 707 770 854 878 1004 1194 1355 1422 1459 1480 1362 1312 1254 1353 1550 1555 1533 1429 1401 1338 1353 1337 1372 1373 1370
114 121 127 145 167 167 199 234 321 215 110 127 203 205 156 185 212 241 258 321 484 583 636 643 668 739 741 719 504 367 467 464 466 379 359 327 348 379 355 303 301 370 465 603 661 584 444 324 333 409 494 502 389 357 360 421 537 690 849 897 890 806 717 682 692 703 728 750 800 940 1103 1293 1344 1459 1603 1587 1553 1383 1287 1388 1549 1614 1561 1407 1373 1320 1308 1296 1286 1336
91 124 106 119 143 160 210 234 252 166 121 129 159 128 156 179 193 241 229 275 353 506 642 619 646 697 761 708 581 400 338 476 345 324 330 334 315 306 304 301 325 388 534 727 686 598 514 415 320 321 363 368 325 346 372 456 600 701 824 936 987 952 827 729 777 757 726 741 765 769 941 1095 1158 1289 1451 1590 1735 1560 1415 1332 1382 1507 1505 1474 1449 1392 1351 1288 1290 1280
86 106 113 129 139 177 168 239 198 123 113 129 131 170 193 172 195 202 204 316 440 462 534 651 642 651 711 513 483 410 327 392 302 270 296 302 320 301 301 386 431 450 617 781 750 690 674 438 352 324 322 324 322 326 354 434 661 764 916 1045 1075 1022 940 856 981 952 856 772 774 814 789 872 972 1082 1251 1352 1560 1740 1642 1469 1384 1350 1350 1379 1484 1527 1403 1344 1283 1279
89 103 117 120 143 162 143 169 130 100 94 129 184 180 145 172 204 163 177 276 394 467 426 498 616 485 605 520 408 341 339 269 281 343 413 496 456 393 301 459 554 539 590 679 836 722 660 547 367 366 324 326 325 323 323 391 558 811 1002 1078 1060 1090 1088 1092 1198 1185 939 807 870 883 993 1016 1017 903 952 1176 1373 1549 1752 1698 1564 1455 1360 1350 1350 1429 1426 1349 1333 1301
113 123 124 114 129 119 152 113 106 91 97 119 157 144 161 188 173 168 181 222 313 361 403 462 510 482 441 408 369 311 275 265 312 406 517 609 603 474 328 403 558 658 797 728 872 868 698 586 526 556 445 323 323 325 326 392 618 803 862 924 982 1120 1094 1157 1236 1270 1137 897 908 1023 968 1183 1274 1287 1131 958 1146 1444 1593 1726 1729 1672 1565 1475 1380 1416 1505 1466 1316 1319
93 100 106 105 103 96 93 95 92 85 96 140 112 143 188 199 179 229 299 413 431 493 554 537 380 365 351 316 334 333 259 325 353 491 570 606 666 534 402 334 489 609 687 821 1028 992 772 757 632 564 465 330 326 358 328 507 687 671 677 723 978 1101 1143 1154 1187 1151 1163 1107 1078 1110 1036 1246 1282 1353 1394 1240 1041 1153 1393 1522 1638 1637 1579 1609 1561 1430 1585 1462 1411 1360
90 88 94 102 96 82 78 81 86 80 89 115 159 163 178 169 210 324 474 445 445 583 522 395 322 311 314 293 319 287 262 367 429 436 579 681 745 607 420 319 381 544 649 860 1022 984 823 702 630 539 408 338 437 413 345 500 584 549 730 807 872 1134 1184 1177 1171 1173 1250 1286 1146 1222 1289 1358 1309 1352 1373 1443 1255 1085 1141 1297 1419 1504 1428 1543 1509 1476 1481 1465 1382 1434
92 96 98 95 86 79 76 77 78 77 74 87 102 157 144 168 261 520 571 566 490 576 429 319 294 272 282 272 287 254 298 353 460 532 630 702 788 654 530 393 421 555 646 873 904 1012 821 807 704 572 441 393 407 441 329 384 413 469 657 763 894 1006 1153 1177 1237 1265 1302 1413 1312 1184 1284 1348 1410 1362 1352 1394 1451 1301 1191 1106 1164 1211 1361 1445 1593 1540 1515 1373 1360 1359
114 110 99 88 80 76 74 74 74 72 72 74 84 140 140 230 439 562 567 514 519 559 452 286 290 253 265 261 249 260 292 387 450 535 640 663 734 705 618 477 457 518 695 880 941 984 931 860 768 644 515 446 433 385 329 331 373 531 628 654 700 820 973 1160 1172 1237 1307 1315 1377 1295 1221 1324 1390 1379 1337 1330 1378 1452 1410 1357 1301 1162 1316 1417 1461 1503 1484 1328 1398 1442
111 103 90 78 75 73 72 71 69 71 70 70 88 117 106 167 310 421 462 426 544 525 336 269 279 277 247 294 305 279 337 365 406 492 542 609 635 642 605 463 391 578 691 859 947 920 1085 852 822 713 632 541 409 378 330 330 415 405 503 550 667 808 1064 1208 1229 1253 1322 1325 1308 1424 1351 1303 1294 1322 1325 1318 1321 1336 1388 1396 1395 1330 1259 1223 1301 1293 1292 1323 1369 1458
104 92 87 76 70 71 68 69 74 72 70 70 74 80 87 115 197 379 406 484 572 397 283 238 249 349 274 275 339 370 304 375 371 445 608 532 549 545 472 429 387 447 543 750 883 978 1063 1039 864 785 715 547 427 423 337 331 351 383 452 486 625 776 948 1224 1314 1279 1323 1348 1338 1347 1438 1414 1353 1314 1328 1321 1329 1331 1332 1350 1362 1414 1445 1300 1284 1353 1281 1251 1308 1350
106 104 82 74 66 68 69 71 74 73 71 70 70 73 81 96 175 297 255 341 521 338 265 238 280 306 337 305 396 354 344 431 479 500 517 445 453 449 563 557 408 386 477 660 782 893 990 1188 1023 955 797 637 496 395 348 331 333 397 412 458 550 666 858 1090 1332 1398 1358 1356 1428 1402 1421 1452 1448 1453 1384 1383 1351 1363 1380 1371 1392 1408 1421 1382 1395 1323 1302 1318 1302 1292
93 85 69 67 67 68 69 65 60 69 73 66 70 73 77 108 75 123 193 364 423 260 258 250 264 301 332 343 335 297 313 354 403 450 455 385 361 452 527 537 414 382 401 556 810 832 909 1111 1177 1085 1009 789 540 418 409 356 334 357 383 465 525 614 754 1067 1266 1307 1368 1405 1413 1443 1509 1533 1501 1488 1424 1431 1473 1400 1389 1403 1442 1421 1441 1462 1494 1409 1374 1345 1325 1313
66 67 65 66 68 66 68 46 57 68 66 63 51 51 66 88 159 231 293 396 384 251 245 247 289 293 312 296 294 295 282 315 311 309 313 317 322 333 379 437 424 436 385 509 739 909 901 952 1126 929 1126 892 686 537 501 402 377 336 390 421 443 539 678 936 1214 1327 1377 1376 1434 1410 1422 1460 1570 1536 1475 1482 1510 1573 1630 1494 1457 1570 1505 1524 1575 1543 1524 1477 1371 1364
60 66 65 68 67 68 68 48 40 48 55 54 67 72 81 140 237 251 235 347 318 230 272 317 275 290 282 254 267 275 270 267 285 320 320 337 363 372 378 406 575 530 429 401 656 849 968 809 961 883 989 1008 756 674 540 525 403 336 342 419 430 527 610 867 1129 1311 1373 1354 1422 1408 1404 1400 1432 1494 1504 1453 1513 1617 1650 1681 1624 1495 1588 1627 1690 1637 1543 1448 1461 1400
57 61 63 67 68 68 64 47 38 38 42 50 59 75 91 132 267 294 240 230 245 227 253 257 247 261 242 255 257 259 275 303 368 456 528 462 511 563 507 480 496 501 468 389 491 750 878 737 753 800 725 950 694 681 636 477 413 364 339 382 465 574 683 798 955 1150 1263 1222 1274 1342 1414 1400 1429 1503 1487 1505 1512 1542 1617 1679 1658 1578 1576 1719 1732 1731 1567 1507 1631 1559
46 50 57 52 59 60 58 43 46 44 45 52 56 76 95 126 204 372 272 259 286 232 233 233 236 242 255 292 276 289 319 397 528 682 616 723 754 755 628 492 455 471 482 407 389 554 738 717 538 661 602 711 720 532 634 589 539 491 392 345 412 488 628 771 774 928 1066 1102 1083 1212 1235 1331 1494 1539 1484 1568 1566 1534 1555 1624 1683 1706 1702 1721 1804 1577 1427 1532 1408 1397
39 43 44 48 47 54 50 39 44 42 45 56 64 69 92 110 199 443 405 347 370 252 232 245 276 267 307 297 328 391 512 538 687 785 767 825 925 823 710 484 423 409 459 467 393 407 572 665 462 470 564 618 611 495 587 556 663 512 422 364 369 432 508 593 672 768 807 867 939 926 979 1106 1350 1429 1548 1575 1590 1566 1558 1589 1610 1640 1658 1706 1673 1419 1198 1187 1110 1065
34 37 38 41 41 42 38 43 49 49 63 65 82 102 91 127 187 329 491 347 449 313 252 250 273 290 407 328 420 565 679 718 821 904 939 922 949 814 704 557 419 403 406 420 392 392 415 514 421 491 486 529 574 560 497 467 620 478 400 361 346 442 491 546 565 622 673 725 747 838 1006 1124 1329 1298 1401 1504 1459 1550 1548 1586 1624 1713 1700 1713 1572 1387 1125 1005 1046 872
33 34 35 37 37 36 54 68 67 50 72 58 86 92 111 124 177 247 371 402 498 373 303 260 255 291 405 396 506 656 733 862 906 855 974 986 1016 881 781 602 436 404 398 401 392 393 401 449 409 443 511 562 550 512 517 459 500 461 414 347 369 374 471 510 533 567 603 644 699 801 896 1131 1295 1363 1338 1379 1467 1562 1562 1557 1525 1535 1475 1361 1310 1298 1287 1075 900 843
42 37 34 35 39 41 38 50 58 75 88 73 85 110 118 129 140 197 275 415 556 479 341 295 276 301 379 494 552 638 782 876 833 702 811 914 1047 985 897 750 489 443 407 395 392 395 395 395 401 418 520 624 502 455 529 496 418 441 356 355 433 352 396 473 505 535 578 609 639 837 993 1169 1312 1326 1346 1354 1420 1469 1562 1572 1567 1477 1298 1191 1277 1143 1194 1159 981 808
41 51 35 35 36 36 43 48 48 73 64 88 77 115 135 150 141 175 243 359 448 408 381 342 293 353 403 444 509 567 655 772 716 688 927 912 1075 1091 980 831 583 450 485 410 398 420 397 456 401 431 511 613 531 445 458 481 464 425 435 369 447 436 364 431 484 514 550 562 595 801 963 1094 1174 1312 1364 1359 1387 1442 1520 1517 1570 1523 1296 1049 964 955 937 960 971 822
44 59 37 42 38 37 36 46 67 52 69 78 73 109 118 120 166 155 196 239 270 280 334 341 288 394 475 558 446 519 571 612 557 606 743 823 1015 1094 1020 867 696 530 451 437 425 407 402 495 484 527 523 580 571 513 399 452 442 382 377 374 475 411 374 373 397 446 431 466 559 774 861 939 1003 1171 1311 1362 1364 1395 1416 1480 1455 1429 1296 1217 1082 951 867 769 748 825
52 57 51 53 41 43 40 60 78 58 56 87 98 74 131 138 165 153 186 190 206 226 296 386 324 342 450 542 447 473 477 512 535 546 691 788 907 983 1148 1024 804 537 443 405 402 399 401 436 566 579 545 486 477 403 421 389 408 361 396 367 467 465 394 389 372 374 389 408 516 659 835 902 926 1066 1168 1279 1254 1357 1418 1400 1424 1484 1413 1433 1333 1259 1093 855 774 851
57 65 53 62 46 45 52 60 92 101 67 84 111 111 115 131 173 173 198 210 208 225 281 387 424 345 464 584 392 440 517 596 585 655 685 713 815 951 1141 1066 889 509 426 408 429 447 404 461 578 661 597 506 439 506 535 475 482 430 461 406 402 416 501 501 472 423 490 476 479 585 722 819 848 950 1072 1154 1238 1366 1410 1399 1395 1410 1454 1430 1429 1240 949 714 898 1049
57 64 58 56 60 49 65 77 94 111 88 124 124 122 140 152 118 192 204 170 199 229 264 347 368 452 410 507 369 416 525 512 618 718 762 848 873 1041 1132 1093 874 525 417 420 463 410 410 570 659 651 551 551 441 497 586 555 497 460 403 410 370 424 440 496 480 505 425 536 594 446 636 802 796 989 1013 1023 1208 1271 1327 1348 1409 1404 1419 1410 1379 1059 815 754 922 1118
63 70 68 54 68 63 72 90 103 104 118 96 113 121 154 133 176 183 133 162 187 231 268 293 326 371 363 360 337 385 411 469 541 686 774 915 961 1004 1017 989 837 626 427 548 486 459 414 531 654 666 547 625 544 579 594 522 476 427 448 382 424 407 459 397 477 526 479 518 702 767 514 468 527 716 699 898 1054 1204 1258 1312 1375 1415 1344 1357 1257 1029 730 759 884 1069
77 66 66 81 73 83 70 93 112 118 114 101 117 118 152 163 196 167 186 142 206 228 276 270 285 317 294 318 493 509 534 472 510 577 726 846 970 1014 1030 1036 891 682 463 522 433 421 469 537 675 718 560 634 632 671 527 501 437 475 421 373 447 481 503 436 452 540 538 552 622 784 915 750 564 579 698 741 877 1143 1183 1228 1287 1359 1327 1323 1046 931 790 718 873 1104
62 50 50 51 58 85 73 88 103 124 126 134 114 148 131 182 195 214 204 204 174 222 270 295 301 292 315 347 415 489 441 515 614 693 709 931 986 1016 1081 1053 956 710 479 528 442 446 582 686 639 702 666 666 622 659 620 623 489 450 395 425 414 497 505 477 430 544 728 826 780 838 858 935 856 533 571 618 849 1084 1081 1156 1192 1218 1226 1283 1046 817 725 743 919 1177
55 50 50 54 55 82 75 83 104 120 133 147 115 114 165 186 208 205 223 208 207 166 220 231 285 327 387 368 390 392 399 430 470 607 741 760 812 818 1012 1054 1000 799 539 536 532 492 657 568 577 565 577 636 612 612 507 468 425 407 393 462 466 465 496 441 526 499 653 861 1044 987 1020 966 943 806 538 550 745 889 991 1105 1174 1126 1163 1144 1133 991 712 844 885 1054
49 50 53 56 51 70 72 88 104 115 125 137 141 126 139 171 179 223 223 235 245 227 261 269 266 309 328 360 356 351 352 382 407 514 602 602 721 834 1025 1077 1005 914 645 699 692 662 664 550 454 432 496 422 483 687 695 527 510 419 431 486 514 557 515 465 477 522 625 759 857 1038 1095 1200 1100 983 753 522 660 767 920 910 947 956 1019 1020 948 848 690 755 839 999
50 50 49 49 49 55 66 104 103 138 130 146 154 156 154 180 165 213 227 241 246 264 260 280 296 320 311 356 327 439 531 447 431 494 510 586 684 844 1074 1024 938 824 678 667 771 738 643 515 548 358 421 359 405 575 761 591 487 497 486 569 582 587 525 532 598 566 597 694 807 948 1044 1178 1285 1101 965 778 518 783 852 880 843 915 953 1077 1032 797 628 805 884 1003
53 51 51 49 49 51 60 107 133 132 144 145 160 171 191 190 183 217 217 227 249 266 274 268 294 298 304 313 371 514 653 589 507 476 589 696 766 873 1028 994 862 782 700 543 680 683 706 584 469 389 298 296 435 583 649 640 555 577 491 511 697 764 742 603 550 588 666 666 768 867 980 1097 1208 1222 1087 780 549 656 661 732 793 836 923 1030 956 707 633 872 1131 1212
