ASCII/tev_dem500m.asc
ncols         319
nrows         495
xllcorner     219017.22331753
yllcorner     4610852.5305323
cellsize      500
NODATA_value  -9999
[rows 160 to 199 of 495, columns 0 to 89 of 319]
-9999 -9999 -9999 -9999 -9999 -9999 -9999 -9999 -9999 -9999 -9999 -9999 -9999 -9999 -9999 -9999 -9999 -9999 -9999 -9999 -9999 -9999 -9999 -9999 -9999 -9999 -9999 -9999 -9999 -9999 -9999 -9999 -9999 -9999 -9999 -9999 -9999 -9999 -9999 -9999 -9999 -9999 -9999 -9999 -9999 -9999 -9999 -9999 -9999 -9999 -9999 -9999 -9999 -9999 -9999 -9999 248 247 244 239 223 244 270 290 258 269 308 306 335 317 304 316 303 316 283 297 288 280 283 265 256 235 229 229 229 229 229 229 223 229
-9999 -9999 -9999 -9999 -9999 -9999 -9999 -9999 -9999 -9999 -9999 -9999 -9999 -9999 -9999 -9999 -9999 -9999 -9999 -9999 -9999 -9999 -9999 -9999 -9999 -9999 -9999 -9999 -9999 -9999 -9999 -9999 -9999 -9999 -9999 -9999 -9999 -9999 -9999 -9999 -9999 -9999 -9999 -9999 -9999 -9999 -9999 -9999 -9999 -9999 -9999 -9999 -9999 -9999 -9999 -9999 248 248 245 240 222 240 271 260 255 259 263 287 337 317 320 320 299 294 294 287 297 291 280 271 256 247 229 229 229 229 229 229 229 229
-9999 -9999 -9999 -9999 -9999 -9999 -9999 -9999 -9999 -9999 -9999 -9999 -9999 -9999 -9999 -9999 -9999 -9999 -9999 -9999 -9999 -9999 -9999 -9999 -9999 -9999 -9999 -9999 -9999 -9999 -9999 -9999 -9999 -9999 -9999 -9999 -9999 -9999 -9999 -9999 -9999 -9999 -9999 -9999 -9999 -9999 -9999 -9999 -9999 -9999 -9999 -9999 -9999 -9999 -9999 -9999 -9999 248 246 239 199 238 252 257 286 262 274 308 330 336 319 295 310 303 289 289 302 292 282 272 262 250 239 229 229 229 229 229 229 213
-9999 -9999 -9999 -9999 -9999 -9999 -9999 -9999 -9999 -9999 -9999 -9999 -9999 -9999 -9999 -9999 -9999 -9999 -9999 -9999 -9999 -9999 -9999 -9999 -9999 -9999 -9999 -9999 -9999 -9999 -9999 -9999 -9999 -9999 376 381 410 477 532 475 433 428 430 371 -9999 -9999 -9999 -9999 -9999 -9999 -9999 -9999 -9999 -9999 -9999 -9999 -9999 248 246 241 202 238 276 295 319 293 315 344 332 335 315 317 323 320 291 276 289 276 277 277 268 255 254 246 229 229 229 229 229 223
-9999 -9999 -9999 -9999 -9999 -9999 -9999 -9999 -9999 -9999 -9999 -9999 -9999 -9999 -9999 -9999 -9999 -9999 -9999 -9999 -9999 -9999 -9999 -9999 -9999 -9999 -9999 -9999 -9999 -9999 -9999 -9999 532 509 424 444 441 529 529 455 430 438 400 340 321 329 -9999 -9999 -9999 -9999 -9999 -9999 -9999 -9999 -9999 -9999 -9999 249 245 241 221 220 259 261 271 314 300 341 338 347 302 298 287 296 309 291 273 271 268 267 265 262 258 252 245 229 229 229 229 229
-9999 -9999 -9999 -9999 -9999 -9999 -9999 -9999 -9999 -9999 -9999 -9999 -9999 -9999 -9999 -9999 -9999 -9999 -9999 -9999 -9999 -9999 -9999 -9999 -9999 -9999 -9999 -9999 -9999 -9999 501 531 505 520 485 494 504 505 452 402 368 354 341 336 379 362 324 282 -9999 -9999 -9999 -9999 -9999 -9999 -9999 -9999 -9999 248 247 240 220 220 234 277 304 289 308 346 323 345 346 320 294 304 282 280 304 284 299 283 275 265 262 262 253 247 231 229 229 223
-9999 -9999 -9999 -9999 -9999 -9999 -9999 -9999 -9999 -9999 -9999 -9999 -9999 -9999 -9999 -9999 -9999 -9999 -9999 -9999 -9999 -9999 -9999 -9999 -9999 -9999 -9999 -9999 -9999 513 510 475 446 465 478 490 523 529 473 426 430 393 403 419 425 378 342 326 328 -9999 -9999 -9999 -9999 -9999 -9999 -9999 -9999 248 245 242 222 228 248 264 298 319 299 271 285 332 323 311 329 297 304 309 287 311 294 296 276 268 265 268 261 254 249 233 229 218
-9999 -9999 -9999 -9999 -9999 -9999 -9999 -9999 -9999 -9999 -9999 -9999 -9999 -9999 -9999 -9999 -9999 -9999 -9999 -9999 -9999 -9999 -9999 -9999 -9999 -9999 -9999 -9999 484 437 410 490 446 483 491 507 518 567 517 493 483 428 476 441 420 384 350 317 311 300 -9999 -9999 -9999 -9999 -9999 -9999 -9999 -9999 246 239 202 240 263 302 282 274 283 266 305 331 346 327 317 320 321 321 304 314 289 296 289 278 273 263 265 264 253 249 241 222
-9999 -9999 -9999 -9999 -9999 -9999 -9999 -9999 -9999 -9999 -9999 -9999 -9999 -9999 -9999 -9999 -9999 -9999 -9999 -9999 -9999 -9999 -9999 -9999 -9999 -9999 -9999 -9999 390 399 440 510 492 449 479 515 544 623 567 526 479 459 445 485 418 373 365 351 343 333 294 -9999 -9999 -9999 -9999 -9999 -9999 -9999 244 242 222 241 251 259 308 272 267 269 265 311 338 324 301 301 291 296 314 293 280 281 303 284 269 263 265 267 252 250 211 245
-9999 -9999 -9999 -9999 -9999 -9999 -9999 -9999 -9999 -9999 -9999 -9999 -9999 -9999 -9999 -9999 -9999 -9999 -9999 -9999 -9999 -9999 -9999 -9999 -9999 -9999 -9999 398 473 468 433 486 547 496 485 488 546 530 541 500 497 504 477 446 432 408 372 338 315 301 295 286 283 303 308 284 -9999 -9999 247 244 236 236 268 265 289 253 277 267 292 355 351 344 312 304 312 302 282 287 283 274 297 301 275 263 265 265 249 229 247 251
-9999 -9999 -9999 -9999 -9999 -9999 -9999 -9999 -9999 -9999 -9999 -9999 -9999 -9999 -9999 -9999 -9999 -9999 -9999 -9999 -9999 -9999 -9999 -9999 -9999 -9999 -9999 437 469 459 534 524 518 504 486 487 487 515 566 550 650 577 499 455 443 389 382 347 343 325 302 296 277 309 302 282 270 252 247 244 238 202 248 293 276 247 241 249 264 303 326 314 323 349 311 288 307 311 298 273 277 291 270 260 262 260 219 249 255 255
-9999 -9999 -9999 -9999 -9999 -9999 -9999 -9999 -9999 -9999 -9999 -9999 -9999 -9999 -9999 -9999 -9999 -9999 -9999 -9999 -9999 -9999 -9999 -9999 -9999 -9999 -9999 515 497 473 521 577 554 561 516 579 536 543 581 592 669 640 537 494 457 448 385 344 362 318 297 285 278 269 271 261 259 271 252 247 241 231 235 257 271 243 233 232 234 260 287 294 344 313 296 316 293 287 279 288 269 281 263 257 256 251 247 258 260 263
-9999 -9999 -9999 -9999 -9999 -9999 -9999 -9999 -9999 -9999 -9999 -9999 -9999 -9999 -9999 -9999 -9999 -9999 -9999 -9999 -9999 -9999 -9999 -9999 -9999 -9999 449 503 530 508 447 517 606 628 591 560 598 600 610 643 668 646 613 510 449 413 392 400 369 324 295 308 280 277 268 264 258 256 251 253 245 238 206 243 273 236 214 216 215 234 254 265 332 348 338 300 325 305 311 278 268 261 267 253 251 223 253 265 267 273
-9999 -9999 -9999 -9999 -9999 -9999 -9999 -9999 -9999 -9999 -9999 -9999 -9999 -9999 -9999 -9999 -9999 -9999 -9999 -9999 -9999 -9999 -9999 -9999 -9999 -9999 400 450 509 457 419 453 524 617 641 607 610 578 576 575 633 638 578 494 442 399 387 360 336 300 296 318 316 289 310 281 263 252 254 251 247 239 231 243 240 214 202 211 218 220 243 263 291 344 313 326 310 293 280 285 267 259 255 249 217 252 265 274 272 272
-9999 -9999 -9999 -9999 -9999 -9999 -9999 -9999 -9999 -9999 -9999 -9999 -9999 -9999 -9999 -9999 -9999 -9999 -9999 -9999 -9999 -9999 -9999 -9999 -9999 -9999 372 400 457 412 371 423 481 546 645 600 622 574 538 513 554 578 547 466 403 348 324 313 346 304 302 273 266 279 268 262 255 260 253 251 249 244 239 236 223 236 223 223 216 217 243 260 267 307 338 300 297 292 297 275 277 254 249 243 250 255 279 286 280 281
-9999 -9999 -9999 -9999 -9999 -9999 -9999 -9999 -9999 -9999 -9999 -9999 -9999 -9999 -9999 -9999 -9999 -9999 -9999 -9999 -9999 -9999 -9999 -9999 -9999 -9999 -9999 369 414 385 378 436 469 512 586 621 603 632 565 521 521 546 502 430 384 369 350 356 313 325 291 270 267 257 265 268 268 255 254 251 249 243 242 238 262 264 247 240 240 220 245 286 277 348 342 337 326 309 280 278 256 252 237 253 258 259 266 271 277 283
-9999 -9999 -9999 -9999 -9999 -9999 -9999 -9999 -9999 -9999 -9999 -9999 -9999 -9999 -9999 -9999 -9999 -9999 -9999 -9999 -9999 -9999 -9999 -9999 -9999 -9999 -9999 335 362 337 358 406 436 487 546 496 581 604 613 508 530 550 526 452 427 412 399 362 333 350 289 267 263 274 258 290 284 256 263 266 249 257 246 266 294 270 251 243 232 237 272 307 318 323 335 319 290 284 265 253 249 224 253 258 274 269 269 268 269 271
-9999 -9999 -9999 -9999 -9999 -9999 -9999 -9999 -9999 -9999 -9999 -9999 -9999 -9999 -9999 -9999 -9999 -9999 -9999 -9999 -9999 -9999 -9999 -9999 -9999 -9999 -9999 350 314 347 406 457 495 532 501 447 544 573 601 496 493 485 528 517 482 458 422 405 379 319 297 295 264 285 280 294 266 276 287 258 272 255 275 295 301 266 246 240 220 251 304 278 305 301 353 335 277 259 250 249 211 251 268 281 276 275 275 277 273 277
-9999 -9999 -9999 -9999 -9999 -9999 -9999 -9999 -9999 -9999 -9999 -9999 -9999 -9999 -9999 -9999 -9999 -9999 -9999 -9999 -9999 -9999 -9999 -9999 -9999 -9999 -9999 313 315 369 409 427 460 520 468 448 503 536 585 496 454 429 424 433 437 416 368 352 348 341 335 294 273 294 305 285 275 270 259 274 275 265 298 330 312 280 256 240 229 279 268 266 298 326 313 333 322 260 229 251 257 259 283 299 285 280 281 294 281 286
-9999 -9999 -9999 -9999 -9999 -9999 -9999 -9999 -9999 -9999 -9999 -9999 -9999 -9999 -9999 -9999 -9999 -9999 -9999 -9999 -9999 -9999 -9999 -9999 -9999 -9999 -9999 293 295 317 339 388 442 494 450 428 482 542 527 530 514 467 473 460 399 389 378 400 375 347 329 326 326 341 325 293 278 293 267 267 280 266 313 314 301 324 265 239 228 242 291 316 297 322 312 284 280 249 259 271 261 273 278 285 298 295 305 322 305 314
-9999 -9999 -9999 -9999 -9999 -9999 -9999 -9999 -9999 -9999 -9999 -9999 -9999 -9999 -9999 -9999 -9999 -9999 -9999 -9999 -9999 -9999 -9999 -9999 -9999 -9999 -9999 284 286 290 307 333 367 442 394 421 482 556 655 661 610 552 579 529 498 445 424 434 385 382 351 325 309 312 339 338 302 273 287 267 274 283 295 385 337 297 263 240 236 254 274 304 328 319 298 290 255 243 262 262 276 275 297 306 325 385 354 367 419 402
-9999 -9999 -9999 -9999 -9999 -9999 -9999 -9999 -9999 -9999 -9999 -9999 -9999 -9999 -9999 -9999 -9999 -9999 -9999 -9999 -9999 -9999 -9999 -9999 -9999 -9999 -9999 307 308 295 294 313 353 375 373 414 475 521 592 687 695 643 663 638 573 489 468 450 398 368 353 335 320 301 302 318 326 324 299 301 296 289 329 313 310 297 282 241 238 253 268 290 352 329 295 258 213 269 281 289 327 335 306 340 379 400 459 477 421 345
-9999 -9999 -9999 -9999 -9999 -9999 -9999 -9999 -9999 -9999 -9999 -9999 -9999 -9999 -9999 -9999 -9999 -9999 -9999 -9999 -9999 -9999 -9999 -9999 -9999 -9999 -9999 -9999 330 300 298 307 332 354 359 391 430 486 512 576 679 727 742 704 593 512 527 482 444 419 383 368 339 310 299 292 287 296 316 324 334 343 294 311 351 326 282 239 214 244 264 290 290 266 231 231 245 290 323 350 395 407 359 360 406 484 583 545 415 323
-9999 -9999 -9999 -9999 -9999 -9999 -9999 -9999 -9999 -9999 -9999 -9999 -9999 -9999 -9999 -9999 -9999 -9999 -9999 -9999 -9999 -9999 -9999 -9999 -9999 -9999 -9999 -9999 318 313 300 303 328 342 353 367 397 436 490 552 649 745 804 747 620 613 579 517 492 465 418 401 344 339 314 295 286 281 291 321 324 325 281 275 304 289 246 239 238 229 238 236 240 211 242 246 264 307 312 378 412 450 421 407 498 580 553 480 391 311
-9999 -9999 -9999 -9999 -9999 -9999 -9999 -9999 -9999 -9999 -9999 -9999 -9999 -9999 -9999 -9999 -9999 -9999 -9999 -9999 -9999 -9999 -9999 -9999 -9999 -9999 -9999 -9999 312 341 308 306 322 328 351 378 397 404 453 494 576 689 803 777 704 678 643 591 523 486 436 385 384 333 306 317 312 293 278 287 301 301 293 262 267 261 248 240 239 237 237 240 242 244 253 255 255 293 351 342 381 420 492 484 525 507 467 512 378 322
-9999 -9999 -9999 -9999 -9999 -9999 -9999 -9999 -9999 -9999 -9999 -9999 -9999 -9999 -9999 -9999 -9999 -9999 -9999 -9999 -9999 -9999 -9999 -9999 -9999 -9999 -9999 -9999 -9999 366 319 307 317 337 346 358 386 421 460 485 574 727 820 775 808 775 697 646 585 539 513 447 355 367 361 341 325 304 277 276 316 353 310 287 262 257 245 245 245 251 258 252 249 256 267 275 271 264 281 309 337 382 435 559 486 438 441 437 344 309
-9999 -9999 -9999 -9999 -9999 -9999 -9999 -9999 -9999 -9999 -9999 -9999 -9999 -9999 -9999 -9999 -9999 -9999 -9999 -9999 -9999 -9999 -9999 -9999 -9999 -9999 -9999 -9999 -9999 -9999 368 318 314 330 356 371 377 437 434 502 563 659 728 729 748 804 760 704 662 562 521 499 445 428 405 362 341 303 278 268 304 312 336 301 299 256 242 240 243 271 317 270 277 287 277 332 303 280 316 352 380 451 534 581 505 396 380 395 339 276
-9999 -9999 -9999 -9999 -9999 -9999 -9999 -9999 -9999 -9999 -9999 -9999 -9999 -9999 -9999 -9999 -9999 -9999 -9999 -9999 -9999 -9999 -9999 -9999 -9999 -9999 -9999 -9999 -9999 -9999 -9999 346 314 379 331 351 369 382 434 473 528 588 704 635 718 748 756 676 637 581 530 533 503 494 415 359 338 295 280 263 308 305 322 282 283 248 237 235 243 309 333 305 324 281 280 338 275 274 298 342 410 454 466 531 537 420 311 329 316 269
-9999 -9999 -9999 -9999 -9999 -9999 -9999 -9999 -9999 -9999 -9999 -9999 -9999 -9999 -9999 -9999 -9999 -9999 -9999 -9999 -9999 -9999 -9999 -9999 -9999 -9999 -9999 -9999 -9999 -9999 -9999 -9999 352 318 341 348 365 382 400 475 468 494 543 629 652 739 663 648 637 560 529 516 509 499 419 368 318 278 287 259 283 312 302 275 279 244 236 234 262 355 365 324 321 316 312 326 326 309 300 350 378 412 427 502 474 455 349 287 283 274
-9999 -9999 -9999 -9999 -9999 -9999 -9999 -9999 -9999 -9999 -9999 -9999 -9999 -9999 -9999 -9999 -9999 -9999 -9999 -9999 -9999 -9999 -9999 -9999 -9999 -9999 -9999 -9999 -9999 -9999 -9999 -9999 -9999 -9999 330 339 350 366 414 416 463 492 515 566 630 740 697 622 604 636 549 531 520 456 387 321 301 317 310 258 256 304 320 296 259 242 234 237 267 349 406 374 327 360 367 364 375 347 296 360 376 368 448 502 378 377 307 316 284 254
-9999 -9999 -9999 -9999 -9999 -9999 -9999 -9999 -9999 -9999 -9999 -9999 -9999 -9999 -9999 -9999 -9999 -9999 -9999 -9999 -9999 -9999 -9999 -9999 -9999 -9999 -9999 -9999 -9999 -9999 -9999 -9999 -9999 -9999 -9999 353 362 375 371 411 412 432 481 540 594 681 687 687 652 646 613 539 449 378 325 320 304 285 283 261 250 268 324 272 245 239 234 243 291 343 439 394 354 372 376 377 328 307 299 325 351 383 442 474 390 324 326 293 264 289
-9999 -9999 -9999 -9999 -9999 -9999 -9999 -9999 -9999 -9999 -9999 -9999 -9999 -9999 -9999 -9999 -9999 -9999 -9999 -9999 -9999 -9999 -9999 -9999 -9999 -9999 -9999 -9999 -9999 -9999 -9999 -9999 -9999 -9999 -9999 -9999 350 366 398 435 402 422 445 506 596 680 716 668 661 679 632 554 503 409 347 303 294 318 272 256 249 248 271 244 242 238 234 252 320 353 399 440 419 402 401 369 388 387 331 350 324 370 402 407 360 326 330 286 281 307
-9999 -9999 -9999 -9999 -9999 -9999 -9999 -9999 -9999 -9999 -9999 -9999 -9999 -9999 -9999 -9999 -9999 -9999 -9999 -9999 -9999 -9999 -9999 -9999 -9999 -9999 -9999 -9999 -9999 -9999 -9999 -9999 -9999 -9999 -9999 -9999 356 367 415 391 404 398 421 469 563 694 734 614 647 682 678 603 542 485 402 327 310 287 310 281 256 244 244 241 240 238 234 271 283 308 386 437 449 451 438 419 391 342 392 400 352 380 387 358 348 344 293 273 336 340
-9999 -9999 -9999 -9999 -9999 -9999 -9999 -9999 -9999 -9999 -9999 -9999 -9999 607 585 612 630 565 564 -9999 -9999 -9999 -9999 -9999 -9999 -9999 -9999 532 572 478 437 384 400 371 342 -9999 374 366 381 416 380 397 416 473 556 661 742 661 614 696 764 692 596 535 476 337 337 299 310 298 272 243 243 268 253 237 236 256 281 304 368 441 469 436 392 409 406 414 409 402 415 403 398 391 373 342 330 299 351 398
-9999 -9999 -9999 -9999 -9999 -9999 -9999 -9999 -9999 -9999 -9999 635 619 683 674 676 698 652 637 585 519 488 484 -9999 436 386 478 533 541 461 416 404 398 386 376 356 342 366 393 402 390 402 445 468 531 648 730 664 636 709 735 728 657 544 400 362 303 270 283 268 256 240 239 245 285 234 233 251 276 324 323 402 474 437 423 445 440 369 435 414 419 401 406 388 363 316 319 363 384 425
-9999 -9999 -9999 -9999 -9999 -9999 -9999 -9999 -9999 625 604 657 671 683 769 762 749 716 710 648 600 536 458 422 404 391 448 470 578 494 481 446 399 384 360 370 345 357 357 368 371 414 459 420 487 611 674 605 601 725 735 775 661 599 529 417 321 288 262 258 245 242 239 246 320 232 232 240 261 311 355 364 477 459 465 456 432 417 457 451 421 433 418 383 345 324 338 386 391 458
-9999 -9999 -9999 -9999 -9999 -9999 -9999 630 687 708 674 627 729 720 803 833 815 784 736 627 543 481 511 450 475 398 487 557 551 552 452 415 424 381 381 358 375 357 360 408 411 385 394 400 452 526 617 584 604 724 768 869 698 581 529 447 324 291 272 259 267 254 239 238 286 330 231 238 269 297 317 345 389 499 471 459 430 478 453 409 420 371 390 341 337 355 370 371 423 469
-9999 -9999 -9999 -9999 -9999 -9999 678 705 660 753 792 716 735 750 821 895 904 898 769 658 603 591 572 564 516 414 423 460 520 552 509 463 412 410 415 388 375 361 419 384 451 408 485 414 478 546 656 591 654 732 801 825 709 531 470 440 387 336 300 301 270 273 248 236 237 233 232 242 252 282 327 351 414 484 483 463 477 464 427 467 444 390 401 418 401 404 428 438 469 492
-9999 -9999 -9999 -9999 -9999 641 698 753 741 725 841 783 753 846 812 868 963 885 864 794 674 674 614 527 454 422 478 466 544 545 480 425 431 475 432 395 383 387 444 428 409 478 430 435 456 521 642 630 682 760 841 996 793 626 536 419 383 300 286 283 256 249 243 249 234 232 231 235 250 289 332 371 373 446 486 503 468 484 470 429 419 438 444 422 466 467 455 515 586 565
-9999 -9999 -9999 -9999 639 703 723 792 820 774 842 857 800 884 919 877 963 943 968 983 756 645 576 488 490 447 454 510 567 476 443 477 472 461 451 394 391 377 385 464 421 493 463 504 479 540 573 630 729 766 881 965 912 745 570 500 444 344 304 294 300 269 266 262 236 232 233 231 264 307 304 313 378 385 472 504 480 488 450 475 434 469 448 445 462 531 490 495 545 639
