ASCII/tev_acc500m.asc
ncols         319
nrows         495
xllcorner     219017.22331753
yllcorner     4610852.5305323
cellsize      500
NODATA_value  -9999
[rows 177 to 235 of 495, columns 96 to 191 of 319]
0 0 0 0 0 1 0 1 2 3 8 11 80 1 0 1 0 0 0 26 4 7 7 6 834 1 0 0 1 0 0 0 3 0 0 141 0 0 0 1 0 1 2 4 0 0 8628 22 8 3 2 1 0 1 1 0 3 80 0 0 2 2 10 0 0 2701 0 0 4 0 2 2 2 0 1 0 9 17 4 3 1 13 1 0 2 0 0 0 0 2 4 7 0 1 45 4
0 0 0 0 2 2 0 0 1 2 3 16 82 0 2 1 0 0 0 0 33 8 16 0 839 3 0 0 0 0 0 2 0 5 1 146 1 0 0 0 2 3 0 9 0 1 8652 0 3 2 1 0 0 0 4 0 0 86 0 1 0 3 18 2722 2720 14 2 0 10 3 3 3 1 2 0 1 0 32 3 2 14 5 4 3 1 3 1 0 0 0 0 0 0 1 13 50
0 1 1 0 1 7 0 0 1 2 3 21 83 0 7 1 0 1 0 1 34 9 17 0 842 0 1 0 5 0 0 0 5 6 151 0 1 0 0 1 3 0 4 0 10 1 8657 0 3 1 0 0 1 1 0 6 1 88 0 0 2 1 2745 1 0 0 13 12 0 4 4 0 5 0 1 2 0 35 0 15 8 1 0 7 4 0 0 0 0 0 2 5 6 7 2 3
0 7 2 0 1 12 1 0 0 1 2 22 84 1 9 0 0 2 0 2 35 10 18 845 0 0 0 0 7 0 0 1 0 166 0 0 0 0 2 0 1 6 1 8 0 8673 0 6 0 0 0 1 2 2 8 0 2 89 1 0 1 2754 1 0 0 0 1 0 0 5 13 6 0 1 0 5 37 0 0 26 0 0 8 2 1 3 1 1 0 0 0 0 0 1 1 0
0 1 8 0 0 0 15 1 0 0 8 23 85 15 2 0 0 5 1 3 36 11 19 847 0 0 0 0 0 10 12 0 176 5 1 0 0 0 5 0 0 1 9 0 28 0 8682 0 0 0 1 0 7610 13 9 1 0 7530 0 7357 7355 0 0 0 0 3 0 1 0 21 0 0 3 0 7 0 38 0 30 0 0 10 3 0 4 0 0 3 0 0 0 0 1 0 1 0
0 1 15 0 0 3 16 2 0 2 0 33 86 17 0 0 0 7 2 4 37 12 870 1 0 1 3 0 0 0 0 193 1 0 2 0 0 2 3 6 1 0 1 17 0 8719 1 0 0 0 7624 7620 0 7590 7585 7583 7544 0 7434 73 2 4596 0 0 5 0 3 1 22 0 0 6 0 9 0 40 0 1 31 1 0 17 1 5 3 1 0 5 1 0 1 0 0 7 0 0
0 1 18 0 0 22 0 0 3 0 0 34 106 0 0 1 0 8 3 5 38 885 0 0 0 0 7 3 0 0 197 6 5 2 0 0 1 2 3 11 0 2 3 0 0 1 8720 0 7631 7629 1 6 0 3 0 35 2 7 0 67 1 1 4594 4591 4572 6 0 25 1 1 7 0 10 0 42 0 1 0 34 2 19 13 12 5 0 20 18 8 7 2 0 0 1 11 0 0
0 0 20 0 1 25 1 0 5 7 9 45 108 0 0 3 677 688 4 6 39 887 0 0 0 2 19 0 0 1 206 0 0 0 1 0 1 2 0 4 12 1 0 0 0 0 8722 7649 15 0 0 1 2 2 0 33 1 1 4 66 0 0 1 7 2 4564 4551 0 5 0 9 11 0 1 44 0 2 0 1 102 63 1 0 23 22 0 0 1 0 0 0 3 0 12 0 0
0 0 0 22 0 26 29 31 32 33 34 35 192 0 0 671 0 0 694 7 40 892 3 1 0 3 0 23 0 2 216 8 4 0 0 0 0 1 5 6 0 14 18 1 0 0 16379 5 0 14 0 0 1 1 31 0 0 0 3 2 62 0 5 0 1 11 0 4522 0 10 12 1 0 47 116 115 113 109 107 0 0 25 24 3 2 1 0 0 0 0 0 0 5 16 1 0
1 1 0 24 26 27 28 29 30 31 32 33 34 228 665 3 0 0 696 8 937 2 0 0 0 0 0 0 26 228 0 0 1 2 0 0 2 3 0 7 7 8 28 0 2 16390 7 0 3 0 12 0 0 0 1 28 0 1 0 1 61 0 3 0 6 3 0 9 4503 27 2 0 242 192 74 73 72 0 0 0 9 8 7 6 1 0 1 0 2 0 0 2 30 2 0 0
300 305 310 311 312 330 331 332 355 356 357 419 420 425 8 1 0 0 698 948 0 0 0 0 0 0 0 1 257 0 6 0 0 0 0 0 1 2 7 8 8 9 10 29 16396 0 5 4 0 1 0 9 0 0 0 26 0 0 0 0 59 1 0 3 1 2 7 0 0 4473 1 244 0 0 0 0 0 70 69 66 22 19 17 6 5 4 1 0 0 4 0 0 33 0 0 0
2 1 2 1 16 0 0 20 0 45 59 0 1 1 7 0 0 0 1648 0 0 0 0 3 0 3 0 3 265 0 0 3 0 0 0 1 2 0 0 0 9 10 11 53 16400 2 1 0 2 1 0 7 0 0 16 0 5 0 0 57 0 0 2 0 1 5 0 0 13 0 4455 8 5 3 1 15 13 12 0 0 32 1 0 9 2 1 0 0 2 5 0 37 0 0 0 1
1 0 1 0 12 0 18 0 0 44 12 0 0 0 1 3 0 1652 0 0 7 4 0 0 4 0 5 277 0 5 2 0 0 0 3 0 1 5 7 11 0 0 0 54 16405 3 2 1 0 0 0 5 0 2 9 1 0 2 0 55 0 0 0 0 3 0 7 8 2 20 3 4175 1 0 16 0 0 0 10 3 0 31 0 0 4 0 0 1 3 6 39 0 1 0 0 1
0 0 0 9 1 1 0 12 0 42 0 10 7 0 0 2 0 2 1670 9 0 0 0 0 7 0 1 279 0 0 0 1 0 0 0 4 5 6 0 0 12 1 4 55 16416 9 8 7 5 2 0 4 0 0 8 0 0 0 0 10 40 0 0 2 0 6 0 1 19 1 0 11 4162 21 3 1 2 0 0 4 1 0 30 1 0 2 0 6 7 0 45 3 0 0 0 0
0 0 5 1 0 0 11 0 35 1 1 1 1 3 0 0 0 1 2 1673 0 0 0 0 1 8 303 0 0 0 0 0 0 5 7 9 10 11 19 0 14 0 5 56 16425 7 1 0 0 0 0 1 0 3 3 0 0 7 9 0 38 0 0 0 3 0 0 18 0 2 10 1 0 4136 0 3 0 0 5 3 3 2 1 27 2 1 0 15 1 46 0 1 0 1 3 0
0 0 2 0 3 7 10 32 0 0 0 0 0 1 0 0 0 0 1 1677 0 2 0 0 0 320 4 19 18 5 3 0 0 0 0 0 1 0 1 20 37 1 6 16492 8 7 4 3 2 1 0 0 0 1 1 0 4 0 0 0 35 0 0 1 0 1 16 0 1 5 0 0 9 1 4122 11 9 7 0 0 2 1 0 0 23 17 16 2 47 0 5 1 0 0 0 4
0 0 0 2 0 1 1 9 21 4 3 2 0 0 0 1 3 0 1 19 1698 3 1 1 1 322 0 3 0 9 0 0 0 0 0 0 1 4 0 3 38 2 7 16509 15 0 6 4 3 2 1 0 0 0 0 0 0 0 0 2 32 0 0 0 1 0 12 0 4 0 1 8 0 0 0 4103 0 17 16 15 14 0 4 3 2 4 3 0 58 8 1 0 0 0 2 5
0 0 0 0 0 0 0 7 0 14 1 0 0 0 1 2 0 14 15 0 6 1711 2 2 327 1 0 0 1 0 6 0 0 5 6 8 9 10 16 21 39 3 16524 5 0 12 0 0 2 1 0 0 1 0 0 0 1 0 0 0 3 23 0 0 1 11 0 2 0 4 5 0 6 7 2392 0 1707 2 1 0 0 12 3 2 0 1 0 64 3 2 1 0 0 2 3 1458
2 0 0 0 0 1 4 1 1 4 4 1 0 0 0 1 7 0 0 3 1 0 1715 3 338 9 8 0 0 0 4 0 0 0 0 1 2 3 0 23 40 16533 3 0 4 0 10 5 1 0 1 0 2 3 0 0 3 0 0 0 0 0 19 0 0 6 0 0 2 0 3 4 0 1 2383 0 1685 4 3 2 0 2 1 0 0 0 67 1 0 0 0 0 0 4 1467 3
1 0 0 2 0 0 0 0 0 3 0 0 0 0 1 0 0 0 0 0 0 0 1717 4 341 0 0 5 1 0 0 0 0 1 2 3 4 0 5 30 41 16535 0 1 0 1 0 2 1 0 2 4 0 4 0 1 8 0 2 0 0 5 0 10 0 4 0 0 0 0 0 0 1 2 2380 0 1678 0 0 1 0 0 1 0 72 70 1 0 1492 1490 1489 1 1484 1477 8 7
3 0 1 5 0 1 1 0 0 1 0 0 1 0 2 7 9 0 1 0 0 0 1718 348 0 0 0 0 0 0 0 0 0 0 1 2 3 9 0 31 42 16538 1 0 0 0 0 1 0 0 9 0 6 0 1 0 0 12 0 0 2 0 0 9 0 2 0 2 3 1 0 1 2 107 2268 0 0 1674 1670 0 1 2 0 78 0 1 0 1495 1 0 0 1485 3 2 1 0
0 0 0 7 0 8 1 0 0 0 0 0 4 0 1 0 0 13 45 47 0 3 2069 0 0 0 0 0 0 1 3 0 0 3 4 5 0 1 13 32 43 16541 1 0 0 0 1 20 14 12 1 0 10 0 0 5 0 15 0 0 0 0 5 1 0 0 0 7 0 4 7 8 103 0 2266 0 0 1 1656 8 5 1 80 0 3 0 1496 0 18 17 15 14 13 6 3 2
0 0 0 1 8 10 0 0 1 3 0 0 1 7 0 0 0 0 28 0 49 2124 0 0 2 2 0 1 0 1 10 0 0 0 1 2 9 10 11 59 16588 1 0 0 4 0 24 0 2 0 0 0 12 0 0 26 17 0 2 0 0 2 0 0 0 2 5 0 26 28 29 93 0 1 2260 2 0 0 2 1652 0 83 1 0 0 1497 24 22 2 1 0 0 1 0 1 0
1 1 0 1 26 1 0 0 0 8 0 0 1 3 14 0 23 26 0 0 0 14 2142 2144 7 0 2 0 0 0 0 14 0 0 1 2 3 4 5 60 16589 2 1 0 5 0 28 1 0 0 0 0 14 0 29 0 0 0 4 0 0 0 0 1 0 0 0 16 0 1 61 0 0 2255 0 0 0 1 0 1 1647 0 0 1 1498 25 0 0 1 0 1 0 44 43 42 41
0 4 0 1 30 0 0 0 2 12 2 0 0 0 0 18 0 1 0 0 13 0 0 0 2154 0 7 2 0 0 2 19 0 0 0 0 1 0 6 61 16595 1 0 0 7 30 0 0 0 0 1 0 15 0 34 0 0 9 2 1 1 0 0 2 8 9 13 0 0 10 58 0 0 1 2253 0 0 0 0 0 0 1559 2 0 1499 27 1 3 0 2 0 46 0 0 2 1
7 0 5 0 34 1 0 0 0 0 16 0 0 0 0 0 0 0 1 6 0 0 0 1 2 2175 0 0 1 0 0 0 20 23 24 26 0 4 7 62 16597 0 0 1 39 0 0 1 0 0 5 0 0 16 53 0 13 1 0 3 0 0 0 0 1 1 0 0 8 0 45 0 0 8 2240 2 0 0 1 0 0 0 1552 0 1543 42 6 1 0 0 51 0 6 3 4 3
12 0 8 0 37 0 1 1 0 2 0 279 281 284 0 0 0 0 0 0 0 0 2 4 7 0 2183 4 0 0 0 0 0 1 0 0 27 33 8 63 16599 0 767 765 762 720 715 0 2 0 6 0 1 0 555 14 0 0 4 0 2 0 0 0 0 0 5 6 2 3 42 0 2 6 2236 0 0 0 2173 2170 0 0 0 1547 2 2 1 0 0 1 54 0 15 7 1 0
2 13 9 0 39 0 0 5 0 253 260 1 0 289 0 1 0 2 0 0 1 0 0 0 1 0 2185 3 2 0 1 0 1 2 2 4 6 34 9 64 16600 775 6 0 0 1 0 710 3 1 0 615 606 602 0 485 8 5 0 5 0 2 0 0 0 2 0 0 0 5 37 0 0 2 0 2233 2225 2175 0 0 2166 0 0 0 0 0 1 0 1 57 0 0 16 0 0 0
0 28 0 0 1 41 0 0 248 0 2 0 0 1 293 298 301 309 0 0 0 3 0 0 0 0 0 2192 0 0 2 1 0 0 3 0 8 35 10 65 17381 3 0 3 0 0 6 1 696 692 621 1 0 41 1 1 473 471 6 0 3 0 1 0 0 0 0 1 4 0 29 0 0 0 0 6 9 36 0 1 3 2160 2 0 0 0 0 0 0 60 2 0 0 27 7 5
0 1 38 0 42 88 0 238 0 0 0 0 0 1 0 0 0 1 310 1 0 0 6 0 438 442 2638 0 0 2794 2803 2806 1 1 4 0 9 36 11 17450 1 0 2 0 1 0 4 0 0 69 1 0 0 39 0 0 0 3 458 456 0 3 1 1 0 0 0 1 0 1 20 3 0 0 2 1 8 0 33 0 0 4 2151 2145 0 2 0 1 1 64 0 0 42 39 10 9
4 5 0 40 0 0 223 0 10 7 0 1 0 0 0 0 0 0 1 316 0 0 0 432 1 1 0 2641 2792 0 3 1 2810 2815 2821 1 10 37 12 17453 1 0 0 0 0 0 3 0 0 68 0 0 0 36 1 0 0 1 0 2 446 0 4 1 1 0 0 0 1 3 15 0 0 0 0 4 1 0 32 0 0 3 2 1 2141 0 3 0 2 65 1 44 0 1 0 14
1 2 0 0 0 0 128 0 0 0 5 1 0 0 0 3 0 0 0 1 320 1 421 1 0 0 0 0 149 0 0 0 0 22 2848 2 11 38 13 17481 26 25 0 2 0 0 0 0 0 64 0 0 0 0 32 1 0 0 0 0 0 439 9 6 5 2 0 0 0 0 14 0 2 0 0 2 0 0 28 0 0 0 1 0 0 2135 2114 2097 69 0 47 1 3 0 93 77
1 3 8 0 2 0 96 30 4 3 0 0 0 2 6 8 16 19 0 0 0 416 0 0 0 0 1 144 1 1 0 0 21 0 1 2852 12 39 14 17483 0 0 21 8 7 1 0 0 0 62 6 3 0 0 29 0 0 0 0 0 1 0 420 0 0 0 2 0 0 0 0 10 0 0 1 0 1 9 0 16 0 0 0 9 12 6 10 0 2025 2018 2 4 0 96 1 0
0 0 1 14 0 35 59 0 24 0 1 0 0 1 0 2 0 2 23 26 87 0 4 0 0 0 139 1 0 0 0 2 16 0 0 2854 13 40 15 17486 1 0 8 0 0 2 0 0 2 50 0 0 1 0 3 22 2 0 1 0 0 0 0 416 1 3 0 2 0 0 1 0 1 0 0 0 4 1 0 14 0 0 6 0 1 5 9 0 4 0 1964 123 113 15 14 13
0 0 1 2 30 0 57 0 22 0 0 1 0 0 0 1 0 0 2 57 0 0 1 0 0 136 0 0 0 1 2 15 0 1 2 2858 14 41 16 17489 1 0 0 5 1 0 0 0 2 48 0 0 0 0 0 0 17 14 2 0 4 0 16 412 4 0 4 0 2 0 0 2 1 0 0 0 1 0 1 8 0 0 4 0 3 0 8 1 1 0 1838 0 1 0 1 0
0 0 1 0 8 54 2 0 1 18 4 1 0 0 0 0 0 0 0 53 1 0 0 0 0 133 0 0 1 4 5 5 0 1 2 2862 15 42 17 17490 2 1 0 2 1 0 0 0 0 43 1 0 0 0 0 0 0 0 8 0 0 7 6 0 388 6 0 5 0 0 0 0 10 3 2 0 0 0 2 1 2 0 1 0 1 1 5 0 0 7 8 1828 6 5 2 1
0 0 1 7 0 50 0 1 0 0 10 1 0 0 4 5 7 18 47 0 0 0 0 1 129 0 1 0 1 0 4 0 1 2 3 2867 16 43 18 17491 16 0 0 0 3 2 1 0 2 0 35 0 1 2 0 0 0 0 3 3 0 4 0 3 0 375 372 0 0 1 0 0 13 0 0 0 0 0 0 0 0 0 0 0 0 3 0 0 6 0 17 1820 1 0 3 2
0 0 4 0 4 42 0 0 0 1 0 4 0 0 0 1 8 0 27 5 4 0 0 120 2 0 0 0 0 1 0 0 1 27 28 2897 17 44 19 17510 0 11 10 8 2 1 0 0 0 0 2 29 24 23 9 7 1 0 0 2 2 0 1 0 0 0 2 360 163 161 155 0 145 7 6 3 2 0 3 2 1 0 0 1 2 0 0 4 11 12 2 66 1732 6 1 0
0 1 0 2 0 2 36 0 0 0 0 0 0 0 3 5 0 10 0 7 0 0 0 118 0 0 0 2 9 10 0 22 24 0 6 2907 18 45 20 17514 2 1 0 0 0 0 0 1 0 0 0 0 0 1 7 0 1 0 0 0 1 0 0 1 0 0 0 0 194 0 1 153 0 122 0 0 0 5 0 0 0 0 0 0 0 0 2 10 0 1 65 0 1724 0 58 57
0 0 0 0 1 0 0 31 0 2 1 0 0 1 0 1 7 0 4 0 0 0 112 0 1 0 0 2 1 0 20 0 3 4 0 1 2927 46 21 17515 2 1 0 2 0 6 4 0 0 2 3 2 1 0 2 3 0 0 0 0 0 0 1 2 6 0 1 191 0 0 0 0 4 0 119 0 7 0 0 1 0 3 1 0 2 0 8 0 0 64 0 2 0 1717 0 4
1 1 0 0 0 0 11 0 16 2 1 0 0 1 0 0 4 0 1 0 1 43 65 0 1 0 1 0 0 5 1 2 0 2 3 4 2933 47 22 17516 4 0 26 25 20 0 0 2 0 15 7 1 0 0 1 0 1 0 4 0 0 0 0 0 0 8 9 117 59 0 0 0 3 0 116 0 8 1 3 0 0 0 8 10 0 4 6 0 0 62 0 1 3 1656 8 2
0 4 39 1 0 0 8 1 0 8 2 0 0 1 4 0 0 0 0 0 0 40 0 64 2 0 0 0 3 0 0 0 0 0 1 3 2942 48 23 17517 34 28 0 0 1 8 4 0 0 19 2 4 2 0 0 0 0 2 5 12 0 3 0 3 0 0 116 39 1 15 1 0 1 3 0 108 104 4 1 0 1 0 0 0 12 13 0 0 0 60 0 0 3 1641 0 22
1 50 0 34 32 0 4 0 0 2 1 0 0 1 7 15 16 0 0 28 29 37 0 58 0 0 0 0 0 0 0 0 0 0 0 0 3 2993 24 17518 35 2 1 0 0 0 0 0 24 1 0 1 0 0 1 0 0 1 1 4 19 24 0 0 99 113 0 38 0 0 10 1 0 2 1 0 59 27 13 0 2 0 1 3 0 30 15 1 56 1 1 2 0 1 1634 5
65 0 4 0 0 28 0 1 0 0 0 0 0 3 0 1 1 20 26 0 5 0 0 55 0 0 2 0 0 0 2 0 1 218 219 0 0 0 3019 17519 36 6 2 1 0 0 0 0 27 1 0 0 0 2 0 0 0 0 0 0 0 0 41 92 10 0 0 0 36 0 6 0 0 1 0 58 0 11 0 7 0 0 1 0 28 0 48 53 0 0 3 4 7 8 1604 29
0 0 0 2 0 27 0 0 0 0 1 0 0 0 0 0 0 2 0 2 0 0 0 52 1 0 0 4 7 0 1 3 215 1 3 224 225 0 0 20541 37 9 1 0 0 0 3 35 5 3 2 0 3 0 1 2 0 0 0 0 0 12 0 49 8 0 0 8 1 23 0 4 0 0 3 53 0 8 0 3 0 4 5 21 0 0 3 0 1 2 0 1 0 1 1564 0
1 0 0 0 0 0 22 14 13 11 1 0 0 1 0 0 0 0 0 0 0 0 46 0 0 0 0 0 1 197 201 205 1 0 0 0 3 231 0 20542 38 14 3 2 0 0 42 0 0 0 0 6 1 2 0 3 0 0 3 0 10 0 47 0 6 0 0 6 0 21 0 1 0 2 0 52 1 5 1 0 1 0 11 0 0 1 0 4 0 41 0 0 0 1 1560 6
0 0 0 0 0 0 0 3 0 1 3 0 0 1 8 11 0 0 0 0 0 44 0 0 0 2 0 1 0 184 0 1 0 0 0 1 0 1 235 20543 58 3 2 0 0 45 0 0 0 10 7 0 3 1 0 5 0 0 1 6 0 32 0 11 4 0 0 2 0 19 0 0 1 0 31 18 0 4 0 0 7 9 0 0 0 1 2 0 39 0 42 44 46 1526 0 25
0 0 5 0 0 2 0 0 0 0 0 0 0 3 0 1 22 23 26 0 37 0 0 0 2 0 5 153 183 1 0 0 0 0 0 0 0 0 236 20606 2 1 0 0 49 1 0 0 13 0 0 8 2 1 0 7 1 0 0 1 29 0 0 10 1 1 0 0 0 16 1 0 4 29 16 0 0 3 0 6 0 0 1 12 20 21 22 23 32 0 2 3 0 1475 246 243
0 0 8 0 0 15 0 1 0 0 0 1 0 0 0 1 4 0 2 32 34 0 0 0 0 4 150 0 1 24 0 0 1 4 0 1 2 1 20854 3 2 1 0 0 51 0 0 17 1 0 11 0 0 3 0 12 1 0 0 24 0 0 8 0 0 0 1 4 12 1 0 3 23 3 0 10 0 0 2 1 0 1 8 0 5 0 1 6 0 0 1 2 1218 0 8 1
0 0 9 0 17 0 9 5 3 0 0 2 2 0 1 2 0 0 0 0 0 0 0 1 1 0 137 0 0 22 0 0 2 5 11 29 0 20857 0 4 2 0 0 54 0 0 80 58 0 0 49 32 31 20 18 3 1 0 0 1 19 0 3 3 0 0 0 0 6 0 2 22 1 0 0 6 1 1 0 0 0 5 1 3 0 1 2 0 96 98 99 0 1206 0 2 4
0 13 0 1 21 1 0 0 0 0 0 0 9 0 0 0 0 0 0 0 0 58 63 67 0 125 8 0 0 18 0 0 1 1 8 0 20889 0 0 0 0 0 0 143 86 85 0 1 56 54 0 3 1 4 0 0 0 0 0 3 11 1 0 2 1 0 0 4 0 1 14 6 0 0 4 0 0 0 0 1 3 0 0 0 0 87 90 95 0 0 1 990 0 214 0 1
15 0 40 37 14 11 8 0 0 0 0 1 3 18 0 2 0 3 0 0 55 1 0 0 120 0 6 0 0 16 0 0 0 1 3 0 8 20899 1 0 0 1 147 1 0 0 0 0 0 0 0 0 0 0 1 0 1 2 0 2 2 7 4 3 1 0 0 1 0 12 0 4 0 0 0 0 0 0 0 0 0 0 0 0 85 1 1 3 0 1 2 886 0 0 211 0
49 45 2 0 0 0 1 6 2 0 0 2 1 0 21 27 33 46 49 51 0 0 0 47 1 0 2 1 0 4 8 0 0 2 0 3 2 6 20910 1 1 2 149 0 5 4 1 0 0 0 0 0 1 0 0 13 12 0 0 1 0 0 1 0 2 0 0 0 2 11 0 1 0 0 1 0 0 3 1 65 1 72 76 81 0 0 0 0 129 130 131 741 7 2 0 210
0 0 0 0 0 0 0 0 1 0 0 0 0 1 0 2 0 7 0 0 0 0 1 45 0 0 1 0 1 1 5 0 1 0 1 0 0 5 0 20913 2 3 158 7 0 0 0 0 1 10 6 5 0 0 18 1 4 0 1 0 0 9 8 1 0 0 0 0 1 5 0 0 0 1 2 5 1 0 63 0 71 1 0 0 0 0 1 128 0 1 4 734 0 3 0 209
0 0 1 0 10 7 4 2 1 0 0 0 0 0 1 0 4 0 0 0 1 3 0 41 1 0 0 0 0 0 2 0 0 0 1 3 4 0 1 20914 3 168 4 3 2 0 0 0 15 0 0 0 0 23 0 0 0 3 0 0 10 1 0 5 4 3 1 0 0 2 0 0 0 0 0 1 13 54 0 0 0 0 0 1 0 0 123 1 0 1 5 0 726 0 2 0
0 3 0 11 1 0 0 0 0 0 1 1 1 0 0 0 0 0 0 0 1 0 26 7 2 0 0 0 0 0 0 0 1 0 0 0 1 2 5 20915 177 3 2 1 0 0 0 20 0 0 0 0 25 0 1 0 0 0 1 0 15 1 0 0 0 1 0 0 0 0 0 3 0 1 3 4 36 0 0 0 0 0 0 0 2 119 1 0 1 4 0 1 722 2 0 1
0 6 0 16 0 0 0 0 0 3 2 0 7 0 1 0 0 0 0 1 8 19 0 4 1 0 0 2 1 0 0 0 0 4 0 1 2 3 10 21292 197 196 195 0 0 0 0 21 0 1 1 0 32 3 2 1 0 4 0 18 0 0 0 5 2 0 0 0 0 0 2 3 9 15 16 35 0 0 2 0 3 20 22 0 109 4 0 0 1 1 2 17 718 0 0 0
1 7 19 0 0 2 2 0 0 0 7 0 8 0 2 1 0 1 4 5 0 5 0 3 0 0 0 2 6 11 0 1 0 0 5 0 0 0 21308 3 2 1 0 192 0 0 138 135 111 58 0 34 0 0 0 2 0 0 24 0 11 9 8 0 5 3 1 0 1 0 2 3 4 0 1 16 0 0 1 5 12 1 0 104 1 0 2 0 0 0 13 0 698 8 2 1
11 20 2 1 0 7 0 0 0 12 0 0 11 0 3 3 0 0 0 0 0 0 3 0 0 0 0 1 0 0 14 2 0 1 1 6 9 21319 8 4 2 0 0 5 183 180 0 0 0 47 54 53 17 9 7 2 0 0 29 12 0 0 0 7 0 0 5 3 0 1 0 1 2 3 11 0 0 1 2 4 0 0 0 79 0 0 1 0 1 10 0 0 686 0 4 0
