ASCII/tev_dem500m.asc
ncols         319
nrows         495
xllcorner     219017.22331753
yllcorner     4610852.5305323
cellsize      500
NODATA_value  -9999
[rows 200 to 239 of 495, columns 90 to 179 of 319]
748 706 727 659 573 568 531 535 537 479 391 436 511 580 496 405 450 515 431 357 315 314 269 250 237 272 226 195 190 184 184 217 218 248 270 280 253 215 260 228 194 182 167 156 149 149 146 150 199 221 205 213 206 274 334 338 368 380 298 340 287 361 359 387 380 494 600 577 566 471 437 453 366 277 251 219 209 233 226 186 188 191 197 192 193 189 169 192 196 202
650 620 698 697 590 501 501 484 490 459 378 468 549 511 431 397 401 481 439 408 358 294 326 293 264 259 195 277 230 191 181 225 186 210 255 279 222 211 223 215 189 180 164 155 149 147 125 153 204 210 197 202 251 283 321 308 308 307 266 327 245 345 327 294 349 417 480 650 599 471 404 396 334 355 291 225 212 245 215 193 183 199 196 195 194 193 195 171 192 199
580 576 635 609 592 522 483 487 463 462 372 434 485 444 438 405 381 429 443 415 368 362 300 329 281 219 245 277 226 186 181 178 192 217 218 282 248 252 213 189 185 176 170 150 147 148 139 165 181 182 172 189 217 246 332 289 223 315 379 288 228 286 291 308 346 375 448 560 645 567 502 405 396 362 252 239 217 298 220 186 174 189 195 202 192 193 196 195 172 195
532 539 575 560 633 554 465 481 453 464 377 406 424 407 413 363 370 324 321 263 406 366 326 313 306 278 284 275 235 194 179 179 176 182 235 267 237 228 232 193 189 181 162 147 146 147 145 166 153 154 159 165 174 215 240 273 258 311 273 269 224 242 285 302 314 354 386 484 608 651 558 477 375 339 279 250 221 312 213 192 181 188 205 194 186 186 193 199 198 194
478 511 528 530 601 552 468 458 442 465 377 389 407 373 374 294 286 333 397 275 360 309 296 267 289 270 262 300 262 239 192 183 176 177 193 247 225 239 205 192 184 172 153 148 146 146 125 147 153 192 204 186 190 177 188 195 233 194 201 201 228 215 223 272 307 276 363 409 519 666 597 494 464 414 393 289 224 323 272 218 194 181 183 190 206 194 183 195 197 198
485 498 493 531 606 547 505 427 454 458 389 370 382 378 302 392 340 432 493 363 298 257 247 233 277 290 283 257 266 227 233 216 182 174 214 201 188 187 212 188 180 171 149 147 146 147 149 177 184 201 264 234 208 198 182 190 193 243 277 224 228 234 216 215 265 288 317 394 442 537 640 600 530 447 406 326 226 272 325 302 226 189 189 195 223 206 193 173 192 196
451 475 525 547 585 499 491 442 415 437 399 332 377 314 354 426 435 441 548 443 449 398 365 278 233 248 286 261 213 206 183 180 177 178 193 176 164 164 163 158 159 153 148 145 145 145 152 232 197 279 236 277 265 269 283 211 285 393 394 307 316 367 391 260 235 225 292 314 364 427 509 608 573 483 436 302 259 271 322 362 259 214 201 215 212 245 207 194 180 191
505 530 553 583 542 546 486 444 438 414 412 381 320 351 355 391 435 473 554 540 471 443 403 363 268 220 253 306 219 190 209 213 207 176 177 188 165 165 159 153 146 144 145 144 135 125 157 206 227 259 277 315 259 327 388 221 327 400 448 325 337 429 417 371 376 236 232 282 290 347 449 499 547 510 445 333 288 318 302 372 297 240 233 247 220 270 257 206 196 193
521 571 619 599 510 511 479 438 420 438 431 397 356 375 402 401 415 459 516 498 496 379 409 377 374 246 215 211 199 263 355 311 268 206 184 195 206 190 175 161 145 146 137 125 142 142 155 161 218 217 279 294 316 372 395 260 344 419 410 386 281 360 473 423 451 410 354 233 256 288 330 374 475 464 420 362 289 318 288 324 363 299 271 234 228 246 294 247 211 199
579 558 560 564 495 542 484 428 401 423 366 399 342 354 371 402 447 503 523 468 414 371 339 298 335 320 285 207 244 329 435 327 265 206 209 206 210 202 175 172 162 147 144 141 136 144 174 213 189 203 219 286 344 393 376 247 284 375 450 383 271 378 450 482 435 429 369 349 256 283 318 353 351 388 360 404 359 270 337 362 341 357 265 240 266 242 325 287 248 209
515 525 555 558 469 486 521 481 417 361 403 346 329 394 361 425 459 504 531 490 495 423 411 324 271 241 216 327 256 361 441 348 242 263 260 227 216 189 184 181 170 145 143 143 143 142 186 252 182 260 288 280 330 451 285 283 399 386 391 445 337 294 341 403 383 372 396 326 277 255 282 325 349 329 378 359 317 300 315 381 376 361 281 283 308 255 315 297 249 258
514 527 574 512 465 477 534 538 439 414 356 361 331 401 375 416 446 471 529 532 533 454 423 380 281 243 298 397 299 360 374 276 312 328 304 238 217 196 191 177 166 150 144 142 143 142 179 269 229 211 246 332 368 418 302 268 418 475 432 457 383 390 335 320 344 389 318 301 259 246 260 307 311 328 314 359 354 301 306 350 372 374 326 342 305 285 308 334 271 304
434 492 522 507 435 494 520 520 439 434 386 341 412 420 412 387 420 486 546 543 503 435 415 375 351 246 319 419 354 347 319 258 332 399 319 254 220 212 198 183 167 148 142 143 143 127 151 210 287 222 264 329 391 394 333 257 340 386 425 443 430 429 380 363 328 376 341 289 268 270 251 259 280 279 314 336 323 323 283 329 336 366 403 391 334 336 337 373 347 383
432 440 516 477 433 464 496 494 435 414 421 347 429 424 495 464 428 469 534 522 435 417 371 314 281 329 353 416 404 301 267 334 341 389 334 289 239 228 202 177 161 147 141 139 140 134 146 234 274 293 247 305 320 379 315 295 285 343 339 343 393 432 419 421 349 337 350 330 314 276 277 255 256 277 304 313 310 332 282 329 360 364 361 375 407 397 414 435 448 416
344 371 436 405 446 471 495 487 428 432 411 381 450 463 495 483 517 474 551 524 479 410 355 356 287 318 299 367 407 293 312 405 393 392 356 303 275 246 202 180 159 144 141 139 140 146 155 164 190 208 260 316 347 418 403 338 293 291 318 312 337 341 375 412 426 370 361 376 339 351 316 310 271 262 267 273 285 320 290 296 311 337 320 353 362 368 387 403 427 354
465 449 468 442 503 500 511 479 472 432 426 416 396 463 492 515 577 561 573 565 468 426 382 339 368 330 366 387 360 308 367 420 401 349 318 300 306 245 199 186 160 145 139 127 140 144 154 164 236 239 257 305 326 331 397 364 323 350 348 369 357 380 400 440 451 405 390 402 374 321 352 346 310 281 272 309 288 284 306 290 331 353 358 346 375 365 396 409 392 368
474 472 451 500 510 486 486 475 453 472 445 458 445 430 482 513 558 644 634 552 510 474 403 415 343 432 398 375 325 361 370 439 419 401 364 346 268 261 219 194 173 153 139 120 139 140 151 165 193 197 233 226 246 316 320 282 306 345 385 423 424 417 471 435 440 416 408 407 344 320 307 334 291 270 282 306 329 304 302 317 301 325 332 351 356 351 377 336 331 338
458 487 463 511 484 452 444 446 442 455 470 474 417 475 459 515 553 630 643 555 551 515 400 429 407 415 371 356 359 371 369 453 444 450 441 343 297 269 247 195 167 154 120 138 139 140 150 160 166 169 175 233 243 254 309 251 314 365 437 513 503 504 444 450 384 397 403 389 363 355 334 304 289 287 285 319 316 326 296 321 291 315 318 326 327 342 356 343 292 278
456 484 509 478 423 463 457 407 408 440 475 492 423 485 511 509 558 664 620 547 503 496 480 455 445 449 409 340 411 336 383 475 453 454 382 410 357 326 298 229 184 160 140 127 138 140 145 155 217 234 198 196 222 291 277 257 333 357 451 523 543 583 489 431 369 350 399 338 358 306 326 303 285 290 296 288 303 318 308 308 310 300 303 310 319 335 334 343 324 304
395 478 490 498 458 408 400 422 490 412 433 493 451 522 557 556 605 668 636 568 488 462 454 461 441 399 374 359 422 342 413 482 469 454 444 419 403 379 297 259 213 180 156 139 141 131 139 146 171 224 248 235 271 308 227 273 367 409 477 518 523 623 540 468 425 361 341 322 341 325 297 293 329 304 324 316 305 316 332 322 319 321 315 304 303 319 320 328 293 271
419 417 481 499 445 453 437 520 475 477 489 476 510 531 577 622 668 695 645 556 574 520 481 431 404 428 385 422 403 347 425 496 419 424 430 364 309 295 258 203 192 183 183 185 139 138 130 143 154 183 253 307 264 253 228 277 367 460 506 511 520 569 571 537 465 440 394 344 314 308 306 333 326 317 311 360 321 333 345 333 330 321 324 311 320 313 328 329 287 276
327 415 488 497 443 371 498 552 518 479 509 452 514 553 575 623 607 668 698 637 663 596 535 479 523 429 449 435 397 351 399 461 452 380 284 308 273 252 195 217 198 178 160 179 167 139 137 140 168 255 285 235 197 207 228 254 325 414 468 506 496 514 602 530 475 459 416 354 332 325 339 379 368 320 341 327 364 334 347 347 340 327 338 322 329 319 332 296 274 253
284 352 456 479 359 457 520 582 522 546 569 539 483 525 536 551 591 641 705 577 584 588 527 550 530 461 433 402 376 382 434 450 406 376 287 227 218 213 254 293 293 254 176 151 147 141 136 117 153 175 252 211 191 244 298 312 351 366 438 491 497 494 529 556 437 430 388 384 334 367 376 396 412 345 394 350 396 365 374 362 350 333 337 336 335 331 322 309 269 277
265 290 415 425 325 398 524 559 514 559 594 587 582 528 599 608 579 658 681 588 549 505 538 568 507 462 450 375 413 381 455 364 371 302 296 280 329 295 326 387 304 246 206 167 142 140 137 129 148 247 206 177 228 276 264 230 283 344 379 417 457 464 488 496 449 419 446 393 418 420 421 444 426 398 422 386 396 400 380 375 354 348 360 344 348 335 330 296 296 278
196 188 263 338 407 455 540 529 466 531 568 528 599 612 639 687 682 693 657 579 589 527 463 494 462 471 404 428 442 423 371 381 281 259 259 307 397 377 328 325 262 238 185 144 137 137 122 139 191 207 171 196 269 247 204 237 325 278 318 356 393 376 445 479 497 411 398 444 455 441 477 495 480 460 454 403 411 421 399 370 359 362 377 344 348 336 335 337 269 256
289 260 230 276 233 465 586 529 434 537 551 508 577 563 668 683 748 633 704 625 618 531 514 550 472 413 406 468 418 424 374 316 280 318 303 298 357 396 322 220 209 182 130 128 128 130 139 159 224 172 171 248 213 191 210 264 223 263 301 316 368 336 437 490 443 416 460 486 460 483 597 630 526 451 452 468 449 426 408 387 383 362 386 379 366 350 347 325 285 295
398 313 191 197 346 492 559 474 465 483 478 521 515 554 611 710 780 646 630 626 565 537 538 540 522 463 481 423 410 388 353 341 273 354 336 309 345 420 304 221 184 113 174 141 164 140 145 203 204 166 181 185 173 189 211 234 227 241 252 285 310 344 435 479 482 439 427 576 489 520 660 708 618 542 487 555 481 444 457 427 406 398 399 395 393 379 372 319 300 275
451 372 270 226 448 504 495 404 470 461 458 512 573 598 681 784 757 685 564 582 582 529 528 535 502 508 436 372 341 319 337 306 304 391 367 342 360 443 350 264 198 186 113 203 172 178 177 169 171 150 172 172 212 209 193 201 243 240 270 287 373 405 438 471 478 456 455 489 524 569 656 749 741 581 576 535 501 487 565 504 409 436 409 418 428 382 337 331 342 299
393 297 189 286 411 350 388 413 428 458 464 518 538 596 659 725 761 676 606 552 567 503 505 460 481 462 387 379 361 338 307 334 322 386 429 363 372 418 427 316 249 216 113 136 126 137 142 151 146 160 219 244 237 252 252 260 284 316 359 341 351 410 415 446 478 474 473 500 541 608 696 823 813 722 630 573 623 538 594 569 471 433 445 399 428 405 389 340 310 280
272 308 172 269 259 391 335 396 439 480 514 563 548 567 599 696 735 659 626 584 554 471 453 422 420 457 485 447 391 337 354 397 393 414 452 393 375 457 439 401 303 215 178 135 133 113 134 138 141 163 173 177 238 305 304 302 296 326 297 310 371 397 400 459 477 492 519 530 573 663 735 856 852 845 678 585 675 658 638 629 471 435 453 344 347 315 327 305 279 264
170 201 226 193 260 352 487 445 478 538 544 541 577 589 633 717 722 682 718 620 609 608 495 480 550 525 487 474 389 322 404 475 498 539 497 440 410 448 411 446 310 272 246 196 160 132 113 134 138 152 178 214 271 268 236 219 250 254 306 346 297 405 426 454 473 504 527 535 575 656 795 841 908 854 742 634 768 770 669 617 496 413 388 373 310 350 299 308 309 347
154 158 165 280 313 413 479 474 478 523 480 520 565 594 621 689 682 673 722 693 611 664 494 558 575 519 474 443 394 345 429 538 584 605 586 506 459 438 457 479 356 290 230 208 165 138 132 133 137 153 181 246 278 226 207 268 262 317 340 280 385 431 449 437 485 507 511 545 607 636 736 789 830 948 874 744 796 692 717 625 537 407 355 334 384 343 336 348 353 292
153 250 274 388 423 461 442 431 468 489 492 602 613 633 687 631 609 601 607 669 651 638 584 562 565 537 464 476 373 376 436 525 542 550 560 579 537 475 432 394 424 338 229 196 150 134 130 130 138 168 212 217 248 194 252 273 297 331 279 309 328 406 453 431 457 475 470 552 651 712 744 788 891 1027 1000 878 836 615 638 564 470 420 401 425 386 368 343 308 316 305
152 161 241 343 386 418 455 407 453 435 552 549 592 638 664 562 553 593 532 680 600 596 561 548 559 509 471 404 466 444 525 566 526 504 497 507 534 488 425 353 342 290 223 195 144 135 124 131 135 172 219 198 216 185 228 220 236 277 233 295 306 386 450 412 444 428 463 523 638 594 675 788 860 970 1077 990 822 637 534 509 449 384 433 441 344 368 296 284 295 296
193 152 151 250 395 424 385 379 397 490 537 497 538 581 594 603 505 544 534 622 555 545 553 535 503 482 504 444 464 480 596 570 578 493 430 402 464 418 390 360 321 332 246 198 138 113 129 145 175 137 179 208 166 171 175 189 255 220 263 299 313 348 431 434 414 421 438 475 519 599 620 673 804 893 894 924 865 664 568 542 453 405 505 447 350 319 298 307 299 269
241 291 135 264 362 400 341 366 400 460 515 463 544 608 659 522 528 531 490 546 521 513 530 539 525 507 527 517 484 526 616 558 554 475 429 395 348 335 364 310 268 239 172 113 125 139 161 240 276 166 146 156 191 251 229 193 198 202 215 253 297 365 432 437 376 411 434 457 488 532 646 753 763 837 927 919 931 738 601 518 442 471 492 409 346 321 364 341 324 276
192 200 153 292 323 290 384 329 378 442 473 475 513 574 635 578 468 522 481 488 500 498 479 536 480 421 529 529 546 569 625 546 525 467 409 369 330 275 304 292 219 173 113 211 165 224 253 349 274 207 190 169 165 200 256 248 199 228 276 277 346 396 440 422 404 332 405 434 449 506 566 635 778 804 961 1051 979 783 629 550 482 414 452 437 394 355 339 320 307 279
134 137 231 277 250 353 374 288 366 409 432 476 499 527 591 542 463 468 462 412 480 435 519 504 347 498 516 552 551 569 559 502 462 449 401 337 304 257 268 233 230 173 113 211 263 283 313 359 319 283 248 216 180 187 195 268 222 208 297 331 376 422 422 409 398 370 345 379 401 457 522 643 745 770 926 1096 1065 867 700 578 468 428 435 381 339 327 312 308 297 286
127 147 216 195 308 350 333 302 314 376 379 486 508 621 621 559 480 420 433 413 388 449 490 487 355 424 519 545 505 560 546 518 422 406 363 303 258 239 190 190 173 150 113 185 247 215 246 266 252 241 259 268 231 240 183 233 244 210 265 298 328 366 344 368 383 354 299 357 369 417 450 538 602 696 864 1056 1002 954 720 612 554 454 531 452 393 391 364 365 319 298
126 126 190 191 277 340 289 292 298 345 405 453 523 629 657 568 519 451 388 395 393 439 415 443 305 404 516 531 449 453 491 520 405 274 298 310 244 200 181 159 116 113 127 152 180 145 174 179 182 176 251 243 299 227 187 249 267 211 218 265 331 301 291 356 329 293 312 340 350 394 446 496 643 684 818 983 946 1057 892 678 585 480 440 454 429 351 334 319 314 299
