ASCII/tev_acc500m.asc
ncols         319
nrows         495
xllcorner     219017.22331753
yllcorner     4610852.5305323
cellsize      500
NODATA_value  -9999
[rows 295 to 353 of 495, columns 96 to 191 of 319]
0 0 0 0 8 0 0 0 9 0 0 0 0 0 0 687 0 0 1 30345 5 0 57 0 0 57 0 3 0 0 0 0 0 0 2 0 230 1 0 0 1 79 3 0 0 1 6 0 1 37 1 0 1 0 0 0 1 41 17507 392 390 380 379 4 3 2 1 0 0 0 0 12 8 1 0 0 0 0 0 109 0 3 1 1 2 0 0 0 0 8 3 0 0 1 9171 0
2 0 0 0 0 2 0 4 0 0 0 1 5 0 0 685 0 0 1 2 30356 0 59 0 60 0 0 0 0 0 0 0 2 0 1 5 234 0 0 0 83 0 0 0 0 0 0 7 41 0 0 2 0 1 0 0 0 17552 0 0 3 4 7 365 362 4 3 2 1 0 0 0 0 5 2 0 0 0 0 0 106 0 0 0 0 1 0 0 5 1 2 0 1 8 9169 0
8 0 1 0 0 1 0 0 0 0 0 1 650 658 680 0 0 0 1 2 3 30361 122 61 1 0 0 0 1 0 0 5 0 0 1 2 247 1 0 0 87 0 0 0 0 1 53 42 0 0 4 1 2 0 0 0 0 17555 0 0 1 3 6 1 8 347 336 1 0 2 1 0 0 0 0 0 2 0 0 0 98 1 0 3 2 1 0 0 1 0 1 0 5 2 9158 1
10 450 0 0 1 0 0 0 0 0 1 649 0 18 0 0 0 1 222 224 225 226 30715 2 0 0 1 4 0 0 1 10 1 0 0 1 250 1 0 0 90 0 1 1 59 57 0 0 1 4 7 0 3 2 0 0 1 17557 0 0 0 1 5 0 7 9 1 331 4 0 0 1 0 0 0 4 0 4 1 0 0 95 6 1 0 0 0 2 1 0 0 3 1 0 1 9150
446 0 455 0 0 3 0 2 0 630 644 0 13 0 1 1 2 8 210 0 0 1 2 30722 1 0 7 0 0 0 18 3 0 0 0 1 0 255 0 0 91 0 68 65 0 0 0 0 0 0 13 1 17601 17595 0 17577 17575 13 1 0 0 0 3 1 4 8 0 0 324 311 288 3 0 2 0 0 12 0 1 0 2 0 83 56 18 15 14 4 0 0 2 0 2 4 5 9141
1 0 458 0 0 1 587 0 625 0 10 0 0 11 0 0 3 0 209 0 3 4 5 6 30730 30732 30741 30776 1 19 0 0 0 0 1 0 260 6 2 0 92 71 0 0 0 0 1 2 1 1 0 17619 0 0 17589 0 0 0 9 2 0 2 0 0 2 6 0 0 11 0 20 282 280 0 17 15 0 3 0 0 0 1 25 0 36 0 0 3 2 0 1 1 0 0 1 9134
0 0 461 0 0 581 16 616 3 0 6 0 0 7 1 2 0 1 208 0 1 1 4 13 14 25 28 0 30805 22 0 0 0 0 1 2 269 0 2 0 165 1 0 0 0 0 2 8 2 17630 17627 2 0 0 6 1 0 0 3 0 0 0 0 1 0 1 2 0 9 0 19 0 0 273 252 169 5 0 1 2 0 0 23 2 0 35 0 0 1 0 0 0 0 1 7 9130
0 0 0 503 575 0 15 10 1 0 4 0 0 5 0 1 0 1 202 0 0 0 1 7 9 0 0 0 4 30807 0 1 1 0 3 277 3 0 0 0 169 0 0 2 0 0 0 0 17643 0 1 0 0 0 0 4 1 0 0 1 0 7 0 0 0 1 3 4 2 0 16 0 0 0 81 0 161 13 10 2 1 0 18 0 0 0 32 28 0 0 0 0 2 4 1 3
0 0 35 2 69 0 14 0 8 0 2 0 0 4 0 0 0 183 200 1 0 0 5 0 1 5 1 3 0 30810 0 2 2 287 281 0 0 0 0 172 0 6 5 0 0 3 1 0 17660 9 8 0 3 1 0 0 0 0 0 11 9 0 5 0 0 1 0 0 0 12 0 0 0 80 3 0 144 1 0 3 2 1 0 16 0 3 2 2 26 0 1 0 0 0 2 0
0 32 0 1 7 60 0 12 7 0 0 0 0 0 0 0 178 2 0 12 0 0 3 0 0 4 0 0 18 30835 0 297 293 0 0 0 0 0 0 0 182 0 0 0 1 6 0 17664 0 3 0 7 2 1 0 0 2 0 0 12 1 0 0 2 0 0 0 1 11 0 1 2 70 3 0 0 0 142 3 2 1 0 0 14 10 3 0 1 1 24 20 1 0 0 0 0
2 25 0 0 6 0 58 0 11 5 3 0 0 0 0 174 0 0 0 9 0 0 1 0 2 0 10 17 0 3 31146 0 0 0 0 0 1 2 0 184 1 0 0 0 3 0 17756 0 0 0 0 56 55 49 47 42 38 37 34 0 8 1 0 0 0 0 2 3 8 0 1 2 63 1 0 0 1 137 4 3 2 1 0 0 1 1 1 0 0 0 17 0 0 0 1 3
21 2 0 5 0 14 41 0 10 0 0 0 0 5 8 164 0 0 3 0 3 0 0 0 0 7 0 5 2 0 8 31153 31154 1 1 1 2 3 1 188 0 0 0 3 17772 17767 0 81 0 67 66 0 3 0 0 2 1 0 0 19 0 3 2 0 0 0 0 2 0 0 8 18 62 0 0 0 2 125 3 2 1 0 2 1 0 0 0 0 0 5 0 9 1 0 0 0
18 1 2 0 11 0 38 0 0 8 0 0 0 1 0 67 94 0 0 0 0 0 0 0 2 2 0 4 1 7 2 2 2 31161 31299 31304 31316 2 191 190 0 1 0 17781 3 6 0 0 78 0 0 6 0 2 1 0 0 0 0 0 8 5 4 1 0 0 0 0 4 5 0 8 41 1 0 0 2 0 117 9 6 5 1 0 0 0 0 0 0 0 0 3 2 1 0 1
16 0 1 7 2 7 29 0 0 5 0 2 0 36 37 66 0 91 0 0 0 0 1 0 0 0 0 1 0 6 1 1 1 0 134 1 0 31510 0 0 0 2 17790 6 1 2 5 0 4 3 0 1 2 0 0 0 2 1 2 0 0 0 9 1 3 1 0 0 1 3 7 1 35 0 0 0 0 0 106 0 1 0 0 0 7 4 2 0 0 0 0 1 1 0 2 0
14 0 6 1 0 5 27 0 3 0 1 4 33 0 0 27 0 0 88 9 1 0 2 0 0 0 0 0 2 2 0 0 0 133 0 1 2 31515 0 0 2 17795 0 3 0 1 1 1 3 0 0 0 0 0 4 0 9 3 1 0 0 11 0 8 3 2 1 0 1 0 2 0 0 33 1 0 0 3 97 1 0 0 27 25 12 1 0 0 2 0 0 0 0 0 2 7
12 1 3 0 3 0 25 0 2 0 1 0 24 0 23 0 0 0 77 0 4 2 4 0 0 42 0 0 0 0 0 122 131 0 0 1 4 31529 0 1 17799 2 1 1 0 0 0 0 0 1 0 0 1 0 0 15 4 3 0 1 0 13 0 0 1 0 0 0 0 0 0 1 4 22 1 0 0 1 96 32 31 29 0 0 1 9 7 5 0 6 0 0 0 0 1 2
10 0 2 0 1 12 7 2 1 0 1 21 0 0 21 0 2 0 74 1 0 0 0 35 39 0 46 0 0 1 119 0 7 0 0 1 3 2 31532 31536 17805 1 0 0 0 0 0 0 0 0 0 0 1 5 38 14 0 0 0 2 15 0 1 2 0 2 0 2 1 0 0 1 3 0 16 0 0 1 60 19 3 2 1 0 0 0 0 0 8 0 2 0 0 3 5 6
7 0 1 0 11 3 2 1 0 0 0 17 0 18 0 0 7 71 5 0 0 0 28 0 0 0 0 49 0 115 0 1 2 0 0 0 1 1 1 0 49343 1 0 0 1 0 0 1 6 2 0 0 1 0 41 0 7 6 3 0 24 6 3 1 23 4 3 0 3 0 0 1 0 2 1 9 0 39 3 0 14 1 0 3 1 0 0 1 12 0 1 0 0 0 1 3
0 4 0 8 1 2 1 0 0 7 16 0 15 0 0 5 4 47 2 0 0 25 0 0 0 2 0 0 107 4 0 0 0 0 0 0 0 0 0 1 2 49347 0 1 3 0 0 12 0 0 0 0 3 0 43 0 1 0 1 25 0 0 28 25 0 14 11 8 2 1 0 0 1 0 3 4 0 32 0 0 0 10 9 4 2 1 0 0 15 0 4 1 0 0 0 0
0 1 1 7 0 1 0 0 5 6 0 0 12 0 3 2 0 45 0 1 22 0 0 0 6 0 30 34 20 0 2 0 0 2 1 0 0 1 3 4 49357 0 0 2 4 1 0 13 1 0 1 0 0 50 0 2 0 0 28 0 39 36 0 1 0 1 0 0 0 1 0 0 0 2 1 1 0 7 22 4 3 2 1 0 0 0 0 0 29 11 5 1 0 0 0 0
12 0 0 1 4 0 0 3 4 0 0 11 0 1 0 0 21 44 0 0 20 0 0 3 0 23 0 2 8 10 0 0 0 2 10 0 0 0 1 2 49369 0 1 3 5 2 15 0 7 4 0 1 0 52 110 105 103 101 0 67 0 0 5 1 0 0 1 0 0 1 0 0 0 0 0 1 5 0 9 6 3 2 1 0 0 1 1 0 34 2 0 2 0 0 3 0
0 10 0 0 2 0 1 0 3 0 9 0 5 6 8 20 0 0 18 0 19 0 0 1 4 9 0 0 7 8 0 0 1 0 0 14 0 0 0 2 7 49374 49380 49386 49394 3 18 1 10 1 0 0 2 166 0 0 0 0 68 0 24 0 0 0 4 2 0 2 0 2 0 1 0 0 0 0 1 2 5 0 0 1 0 0 7 5 0 36 0 0 0 0 0 0 0 4
16 0 7 0 0 0 0 0 0 5 1 1 1 0 9 0 7 14 0 0 16 0 0 1 0 7 1 5 0 0 5 0 0 0 1 17 1 0 0 0 2 3 1 0 0 49399 19 0 15 3 0 0 173 0 0 0 11 9 8 0 0 20 18 6 0 7 4 0 0 3 1 5 1 0 0 0 1 3 0 0 2 0 0 10 0 0 0 39 0 0 0 0 0 3 0 1
0 15 2 2 1 0 0 1 4 0 0 0 0 8 0 6 1 1 1 0 13 0 0 4 6 0 0 0 0 0 0 0 0 1 2 3 18 4 0 0 0 2 0 0 2 49403 20 19 1 0 0 0 176 0 0 18 4 0 0 4 2 1 0 10 9 0 0 1 0 0 13 0 0 2 0 0 1 0 1 2 9 0 1 16 4 2 0 44 3 1 0 0 2 0 15 17
1 9 4 1 0 0 0 1 0 0 1 2 5 0 3 0 0 0 0 10 1 0 3 0 0 0 0 0 0 0 1 0 0 0 1 2 4 24 0 0 0 0 0 0 0 49405 21 21 0 0 0 179 0 0 24 3 0 2 1 0 0 0 0 0 1 0 0 2 1 16 0 0 1 6 1 0 0 0 0 1 12 0 20 0 0 0 45 0 5 3 0 0 1 7 0 0
0 5 2 3 2 0 0 0 0 2 0 1 0 1 0 1 4 5 6 2 0 0 0 0 1 5 13 14 17 3 0 0 1 0 1 2 11 0 25 2 0 0 0 1 0 0 49450 1 0 0 182 0 0 26 0 0 0 0 0 0 0 1 6 3 0 2 0 5 18 0 0 0 11 0 0 0 0 0 0 1 2 35 0 4 2 0 47 7 0 0 0 0 0 1 0 1
0 4 0 1 0 0 0 1 1 0 3 4 0 0 0 0 0 0 1 0 0 0 0 0 1 2 1 0 1 27 0 1 2 0 0 0 0 12 1 26 31 0 3 0 3 49643 189 186 185 183 0 0 28 0 41 40 38 36 33 29 27 7 0 0 3 0 0 51 0 0 0 16 0 0 4 1 0 0 3 4 5 45 8 1 0 75 8 0 1 0 0 4 5 7 0 1
4 0 2 1 0 0 2 6 7 10 13 15 22 26 0 0 0 0 0 0 118 121 0 0 1 0 0 0 0 0 28 0 5 0 1 1 2 0 15 0 0 32 0 6 49649 0 0 0 0 0 86 84 52 50 0 0 0 0 0 0 0 14 9 8 6 0 56 0 24 21 19 0 0 0 8 1 0 0 0 1 2 59 0 0 78 0 17 3 0 0 0 0 0 0 9 11
6 2 0 0 0 0 0 1 2 0 0 0 0 53 81 0 2 1 112 113 0 0 124 0 0 0 0 2 5 6 0 47 0 0 3 0 2 7 17 0 0 37 38 49699 0 0 0 3 0 89 0 0 0 1 3 0 0 0 1 0 0 0 0 0 0 58 0 1 0 1 0 0 0 0 10 2 0 0 0 1 2 65 1 80 0 0 1 11 2 0 0 0 0 0 0 11
3 1 0 0 6 9 0 1 0 28 0 47 50 0 0 82 100 106 0 0 3 4 0 135 0 0 1 0 0 1 9 0 49 51 1 62 0 0 98 0 0 0 0 1 49700 49702 1 4 92 1 0 1 0 0 0 0 0 6 0 1 0 0 0 2 60 0 1 0 0 0 0 2 0 3 16 1 0 1 0 1 2 69 94 12 11 3 0 0 7 3 0 0 3 8 10 0
0 1 0 3 1 4 17 19 23 1 46 0 0 0 12 16 0 0 0 0 0 0 6 0 143 146 150 153 154 0 0 0 0 0 56 0 64 70 0 101 0 0 1 4 344 346 50053 5 93 5 4 0 0 0 0 1 0 8 3 0 0 1 0 67 0 0 2 3 1 0 0 6 0 0 21 0 2 0 0 0 1 168 2 1 0 6 0 0 1 0 0 0 0 0 0 0
0 0 2 0 1 1 0 0 0 11 1 0 8 10 0 0 17 18 20 21 0 1 2 3 0 0 0 0 0 159 161 162 165 0 0 0 1 0 0 0 103 0 0 0 338 0 0 50060 102 1 0 0 3 0 0 2 0 2 16 0 5 0 0 71 1 0 9 1 0 0 0 1 7 0 29 3 0 1 0 1 179 5 4 1 0 4 3 1 0 0 0 0 0 0 0 0
0 0 0 0 0 0 1 2 10 0 0 6 0 0 0 16 0 3 0 18 41 0 0 0 1 0 0 0 0 0 0 0 0 178 0 0 0 0 0 220 326 331 0 337 0 1 2 50064 105 1 0 5 0 0 4 0 0 0 0 26 0 0 0 73 2 0 11 0 2 0 0 0 10 0 30 0 1 2 1 0 199 17 16 1 0 9 6 4 1 0 0 3 0 1 2 0
0 0 0 0 0 1 2 6 0 3 4 0 1 2 14 0 1 9 16 0 1 44 2 0 0 3 0 1 3 0 1 4 7 0 179 1 0 207 215 0 0 2 334 0 0 3 4 50070 120 13 12 1 0 0 9 0 0 0 31 0 0 0 0 79 0 12 0 4 0 0 0 13 0 0 32 235 233 0 0 2 210 0 0 15 11 0 1 0 1 0 0 1 8 16 17 22
0 2 2 0 0 0 2 0 1 0 1 2 3 8 0 0 8 0 0 0 1 0 46 50 53 5 0 0 0 4 0 0 8 0 0 197 202 0 4 1 1 0 0 0 1 0 1 50071 123 1 0 3 0 0 12 0 1 0 34 0 0 2 0 81 0 52 38 0 0 1 0 16 0 3 274 0 0 225 222 214 0 8 1 0 2 1 0 0 0 0 0 1 1 1 0 1
1 7 3 3 0 0 0 0 1 0 0 1 2 0 0 5 0 0 1 0 1 4 0 1 2 64 0 0 2 0 6 7 0 11 15 1 0 3 0 0 0 1 2 0 0 0 3 50199 2 1 0 0 0 0 15 0 2 0 37 0 0 0 87 0 0 54 0 30 0 2 0 17 0 1 277 0 0 0 2 0 0 0 3 2 1 0 0 1 2 0 0 0 0 0 2 3
10 1 0 6 1 0 0 0 1 4 6 0 0 1 2 0 0 0 0 3 4 5 5 0 0 1 66 0 1 5 6 0 0 0 0 0 0 0 0 0 0 0 0 3 5 7 14 50200 2 1 0 1 0 0 23 0 3 0 40 0 0 91 0 0 57 0 1 0 27 0 19 0 0 281 0 0 0 0 0 0 11 10 7 6 5 4 2 4 0 0 5 1 0 0 0 15
0 0 0 0 10 3 0 0 0 0 0 9 0 0 0 1 2 4 8 9 0 0 7 31 0 0 3 73 0 0 0 7 1 0 0 229 231 234 235 239 240 258 261 262 0 0 1 50216 3 5 4 0 0 27 0 5 0 0 225 182 181 86 84 82 20 18 1 0 0 22 0 1 0 289 4 2 0 0 0 15 0 0 1 0 23 22 21 13 12 7 0 1 0 1 12 0
0 0 0 0 11 5 0 0 2 6 7 0 10 13 0 0 0 1 0 1 12 14 15 0 32 108 0 0 195 197 0 215 218 0 228 0 0 0 0 0 0 13 0 0 265 0 447 50665 12 1 0 0 0 28 0 0 0 0 232 5 0 0 0 1 0 0 12 7 0 0 0 0 295 0 0 0 3 1 0 16 2 0 0 31 6 2 1 1 0 1 0 0 0 1 7 0
2 0 1 1 20 7 0 0 0 0 0 10 0 1 15 0 1 0 1 0 0 1 2 0 73 1 112 117 0 0 198 5 1 223 0 0 2 3 4 6 12 0 2 0 177 445 0 50667 13 299 297 0 35 4 3 0 1 237 0 0 3 0 0 0 0 0 0 1 4 0 0 0 299 0 0 4 0 0 0 20 0 34 32 0 0 2 0 0 0 0 0 0 0 1 4 0
3 0 2 2 21 3 2 0 0 1 3 0 11 0 18 17 0 2 0 4 0 0 1 70 0 0 2 0 0 1 4 0 0 0 0 0 0 0 0 0 2 0 0 174 0 0 3 50675 315 0 0 296 1 0 0 0 0 241 2 0 0 0 2 0 1 1 0 0 0 0 0 304 0 1 0 5 5 2 0 0 59 0 7 5 0 0 0 0 0 2 2 0 0 3 0 0
4 1 3 3 22 6 1 0 0 0 0 4 1 14 0 20 40 0 3 4 57 60 63 0 0 1 0 1 0 0 0 0 0 0 1 3 4 42 43 0 0 0 166 1 0 2 0 1 50993 0 0 0 255 253 251 248 244 0 0 0 0 4 0 0 0 5 0 0 0 0 0 308 1 0 0 17 0 0 0 0 74 13 1 0 2 0 1 0 12 7 2 0 0 0 0 2
81 2 4 4 23 9 1 0 0 1 1 8 0 0 0 0 1 43 45 46 0 0 0 0 1 0 1 0 3 6 0 0 1 25 26 0 34 1 50 0 161 163 0 0 0 0 0 0 3 51002 0 0 0 0 0 0 0 0 12 11 7 1 0 0 8 0 0 1 0 3 0 310 0 0 115 94 2 0 0 78 0 0 1 0 0 0 17 13 0 0 0 0 0 0 0 1
3 89 5 5 24 11 0 0 0 4 0 0 10 0 2 0 0 1 0 0 1 0 0 0 0 3 0 3 4 14 15 20 21 0 3 32 0 1 1 159 0 3 0 0 0 1 0 0 0 1 51005 1 0 0 0 0 0 15 0 0 0 0 0 2 13 2 0 0 2 0 463 0 0 120 0 0 93 0 1 81 1 0 0 1 1 18 0 4 2 0 1 0 3 0 0 1
9 10 107 6 39 1 0 0 2 3 10 0 2 12 0 4 6 7 10 12 13 16 18 20 22 0 5 6 0 0 0 0 0 1 0 0 0 0 107 1 2 0 6 2 3 0 0 0 0 0 51007 6 4 2 0 0 20 0 0 0 1 1 0 18 0 0 0 1 3 465 0 145 143 16 1 0 0 90 84 0 0 0 28 26 21 1 5 0 0 4 1 0 5 0 0 1
7 8 9 125 41 0 0 1 0 0 0 11 0 4 13 0 0 0 0 0 0 0 1 3 48 73 74 75 83 84 0 0 0 97 0 103 105 106 0 0 0 0 0 21 1 0 0 2 0 0 51009 10 1 0 0 0 21 0 1 1 4 0 20 0 0 1 0 3 476 5 0 0 0 2 15 1 0 2 0 0 0 34 1 0 0 6 1 1 7 1 0 0 7 0 0 1
7 8 9 22 192 0 0 0 4 0 2 16 0 1 21 23 24 26 1 32 2 0 0 43 0 0 1 2 3 0 92 94 95 0 102 0 0 0 1 0 2 4 5 0 25 2 0 0 4 0 51022 0 0 0 0 1 23 559 557 553 544 542 539 514 508 506 502 492 0 0 1 0 1 0 0 11 2 0 0 0 0 35 0 73 72 62 57 9 0 0 1 0 8 0 0 1
8 10 11 0 0 193 0 1 0 5 0 0 17 0 1 0 0 0 28 0 34 40 42 0 0 0 0 0 2 4 0 1 0 0 0 0 121 124 125 129 0 0 0 0 1 1955 1966 1969 1976 1980 53005 0 0 592 590 588 585 0 0 0 0 0 2 1 1 0 1 1 13 8 7 0 0 0 0 7 0 0 0 0 40 0 76 0 0 0 0 44 41 2 1 0 10 0 0 0
0 0 0 0 1 1 197 0 3 5 12 1 21 0 0 2 2 0 0 0 1 0 0 0 11 0 17 0 0 4 0 0 2 1 0 1 116 0 0 0 130 1 1 1 1922 0 8 0 0 1 3 53605 594 0 0 0 0 0 0 0 0 0 0 0 0 0 0 0 0 2 0 4 3 0 0 2 1 0 0 1 44 0 77 1 0 1 0 0 0 36 1 0 13 0 1 0
0 0 1 0 1 2 0 198 0 1 0 14 0 23 26 31 32 3 2 0 1 2 4 6 0 12 0 18 19 0 5 1 110 113 114 115 0 0 0 0 2 136 0 1890 28 0 2 4 0 0 1 3 53610 53612 53615 0 4 2 1 0 1 0 0 0 0 3 0 0 0 0 0 1 0 0 0 0 0 0 0 1 45 0 91 5 4 1 0 0 0 0 31 30 27 0 2 1
1 2 0 3 2 3 0 201 0 0 3 4 20 0 0 0 0 40 45 0 0 0 0 0 0 0 0 0 71 93 101 102 0 0 0 0 0 2 0 1 2 3 1885 0 25 0 0 0 3 0 0 1 62 77 78 53696 53697 53703 53706 53708 53711 53715 0 1 0 4 2 0 1 0 0 0 3 1 0 0 4 0 0 49 0 98 0 4 3 2 1 0 7 3 0 0 0 10 2 0
4 0 4 0 4 12 0 0 202 1 0 0 22 0 0 2 0 0 0 46 48 53 54 59 62 65 68 69 0 0 0 0 46 49 0 2 5 7 12 0 0 1741 0 0 0 23 0 0 0 0 0 0 60 13 4 5 6 7 8 9 10 11 53728 53733 1 8 0 0 3 0 1 0 8 0 0 0 2 9 51 0 101 0 3 2 1 0 0 9 0 0 1 0 0 2 0 0
3 5 7 0 0 0 15 0 2 208 211 0 23 0 2 7 0 0 0 0 0 0 0 0 0 0 0 0 1 0 42 45 0 0 51 0 0 0 106 123 0 1739 0 0 0 4 16 0 0 0 58 59 1 12 3 4 6 8 14 15 16 17 18 19 53754 53764 7 5 0 1 4 0 10 0 2 0 0 0 63 105 1 0 0 0 21 20 19 7 0 0 0 0 0 0 0 0
0 4 14 1 1 0 0 17 0 0 0 238 0 0 0 0 9 0 1 2 0 0 0 0 0 0 0 32 34 37 0 0 0 1 0 52 0 105 0 0 1737 7 5 3 0 2 0 13 2 57 0 0 8 0 2 3 0 0 4 13 14 15 16 17 18 19 53793 0 9 7 0 0 0 15 0 0 0 0 0 171 0 0 1 24 0 1 0 0 3 0 3 0 1 1 0 0
0 1 20 0 4 1 0 0 20 0 0 0 271 0 2 1 0 11 0 5 0 1 2 1 0 29 30 0 6 0 0 0 0 0 40 97 102 0 0 1 1603 0 0 0 0 1 0 8 0 53 0 0 6 0 0 2 0 2 0 12 1 2 3 4 5 6 7 53803 10 0 4 2 17 0 0 2 0 0 225 50 48 46 39 13 10 6 4 0 0 0 7 2 0 2 0 1
3 0 23 1 7 0 0 1 0 21 25 29 0 272 1 3 2 13 0 1 9 12 13 18 24 0 0 5 0 15 17 0 1 37 0 0 1 0 0 914 1599 0 0 0 0 0 1 1 3 0 51 0 0 4 0 0 0 0 1 11 0 113 114 115 116 117 118 119 53935 1 5 20 1 0 4 0 1 229 0 0 0 0 1 0 0 0 0 2 0 0 8 1 0 0 4 0
0 5 0 26 8 2 0 0 2 1 0 0 0 2 273 2 4 3 15 0 0 0 0 0 0 0 0 2 0 5 0 22 31 0 0 0 0 0 911 0 0 681 49 46 41 0 0 0 2 0 49 7 4 0 2 0 2 0 7 0 0 111 31 33 36 37 38 39 40 53979 6 22 0 0 5 235 233 0 0 2 1 0 0 0 0 0 0 0 0 1 11 0 1 0 7 1
17 25 27 0 36 3 0 5 0 0 0 0 0 1 5 277 0 10 0 17 0 2 0 0 1 0 1 0 1 1 0 0 4 2 0 2 0 908 0 0 630 0 0 0 0 39 0 0 0 0 39 1 0 2 1 0 0 4 0 0 110 0 30 0 1 1 3 7 8 9 53997 23 2 0 243 0 0 0 3 0 0 0 0 3 0 1 2 0 0 15 2 0 2 0 8 0
0 0 1 69 0 4 0 9 0 0 1 2 0 0 1 286 0 0 11 13 33 37 39 0 2 0 0 0 0 0 2 3 0 0 0 0 903 0 0 0 463 163 0 2 0 0 36 0 0 1 35 0 0 1 0 0 0 0 0 0 107 0 28 0 0 0 0 2 3 5 7 54042 3 245 0 0 7 4 0 18 14 13 8 2 0 0 6 0 0 21 0 0 4 0 9 0
