ASCII/tev_acc500m.asc
ncols         319
nrows         495
xllcorner     219017.22331753
yllcorner     4610852.5305323
cellsize      500
NODATA_value  -9999
[rows 118 to 176 of 495, columns 96 to 191 of 319]
5 0 0 0 1 1 2 4 1 0 1 0 0 0 1 5 0 4 0 1 5 560 566 0 2 3 0 0 0 6256 0 5 1 0 1 35 0 1 0 0 2 691 0 0 1 0 0 0 0 1 0 12 0 60 58 49 1 0 0 0 0 0 0 1 3 0 1 21 24 0 28 37 1 28 0 4 5 25 0 14 11 0 0 0 4 0 0 1 2 0 0 0 0 1 440 0
0 3 0 0 0 0 0 0 0 0 0 0 1 0 0 0 8 0 6 2 554 0 3 0 1 1 0 0 6 27 6258 6269 3 2 37 0 1 0 0 0 696 5 4 1 0 0 1 0 0 0 3 4 0 0 2 32 22 0 0 0 1 0 0 1 4 14 18 0 0 0 1 31 40 118 0 5 6 26 16 0 1 1 0 6 0 0 0 0 0 0 0 1 0 1 442 0
16 0 1 0 0 0 0 0 1 0 0 0 0 3 6 0 455 458 467 541 0 0 0 1 0 0 0 3 0 19 0 0 6270 38 0 2 0 0 0 1 707 1 0 0 0 4 0 0 0 0 0 2 0 1 1 0 5 20 17 6 2 0 0 1 2 0 1 0 0 7 10 12 46 0 120 135 0 45 0 1 2 2 8 2 0 1 1 0 0 0 2 10 11 457 0 15
14 3 1 0 0 2 2 1 4 0 0 2 0 0 0 445 0 0 0 72 3 2 1 0 0 0 1 0 17 0 0 14 6329 0 1 4 1 0 0 2 710 1 0 0 8 0 0 1 1 0 0 0 0 0 0 0 3 1 4 2 0 0 0 0 0 0 0 1 5 0 0 0 0 0 0 0 183 0 0 5 3 0 9 3 0 5 0 1 1 0 2 0 0 0 476 0
4 2 0 0 0 0 4 16 0 0 0 5 6 9 429 4 0 0 1 67 0 0 1 0 0 0 0 1 13 0 13 0 0 6337 6348 0 3 0 0 3 728 16 13 11 0 0 4 0 3 2 0 0 0 0 0 0 1 0 1 1 1 0 1 1 0 0 0 1 0 0 0 0 0 0 103 107 292 3 0 0 11 0 10 12 6 0 0 6 0 0 0 1 0 3 479 1
1 0 0 0 3 0 0 18 0 1 0 0 0 1 416 0 1 0 4 0 57 3 0 0 1 0 3 12 0 9 0 0 5 0 1 6349 6355 0 1 735 1 0 1 0 0 5 0 0 8 0 0 2 0 2 0 1 0 0 0 0 0 0 0 10 15 1 0 0 0 0 1 78 82 98 0 1 1 300 0 0 15 0 24 0 0 1 9 0 0 0 0 1 4 489 0 0
0 0 0 0 0 5 7 27 1 0 3 1 0 411 3 0 0 0 1 0 1 49 16 4 0 0 0 6 0 7 0 0 3 0 0 30 33 6394 738 0 0 2 1 0 0 6 1 10 0 0 36 34 27 20 18 0 1 0 0 0 1 3 6 0 0 19 0 3 0 2 72 0 1 14 0 0 0 0 302 0 19 0 26 0 0 13 0 0 0 1 0 1 4 496 13 12
0 0 2 2 0 0 0 0 167 1 4 183 410 3 0 1 0 0 0 1 29 1 0 10 0 0 0 5 0 3 0 0 0 12 27 0 1 2 6395 740 5 0 0 0 0 70 59 58 45 42 0 2 1 0 1 11 3 2 0 0 0 0 0 0 0 1 40 47 55 65 1 0 0 8 3 0 0 2 308 0 314 336 28 0 15 0 1 1 3 0 0 1 0 513 0 0
2 0 1 8 1 0 2 136 1 173 175 0 220 0 1 0 0 0 0 2 0 22 0 0 7 0 0 3 0 1 0 2 11 0 12 0 0 1 1 7154 10 3 1 0 72 3 0 0 0 1 0 0 0 0 0 2 1 0 0 1 0 0 1 4 0 17 1 3 1 5 2 0 2 4 0 0 0 0 0 313 0 4 376 0 18 0 2 6 2 0 0 0 1 516 0 372
4 0 0 10 13 15 134 0 0 0 0 0 217 0 0 4 2 0 0 0 1 20 4 2 0 3 0 1 0 1 3 6 0 7 2 0 0 0 2 3 7156 0 0 0 80 0 1 0 1 0 0 0 0 1 0 0 0 0 3 0 1 0 0 3 13 1 0 2 0 4 0 0 1 3 0 0 0 0 1 1 1 0 2 399 0 0 0 14 2 1 0 0 1 895 375 0
5 1 0 1 2 111 1 0 0 1 2 180 0 32 29 9 3 2 0 0 1 12 1 0 1 0 0 0 0 0 0 0 0 6 0 0 0 1 0 3 7164 2 0 0 82 0 0 2 0 0 0 2 0 4 1 0 0 1 4 1 4 0 0 0 3 0 0 0 1 0 0 0 0 0 0 1 0 1 0 0 0 0 0 1 402 0 0 1 22 1 0 0 0 1 906 8
6 2 0 2 95 11 1 0 0 0 1 176 0 1 12 0 3 0 0 0 3 2 0 0 0 0 0 1 0 0 1 0 0 0 1 0 0 0 1 0 7166 0 0 86 1 0 5 0 3 0 4 0 8 0 0 0 0 4 5 8 0 0 0 0 1 0 0 0 0 0 0 0 0 0 0 8 13 2 1 0 1 0 0 0 407 0 0 0 25 0 2 0 0 913 3 0
57 3 0 89 91 8 1 0 0 2 168 3 0 0 9 1 0 1 0 0 0 0 0 0 0 0 2 7 0 0 1 4 2 0 0 0 1 0 0 0 1 7261 90 1 0 6 0 5 0 0 5 10 0 0 2 0 0 0 22 0 0 0 5 0 0 0 0 2 0 1 0 2 0 1 5 0 0 15 5 4 0 0 0 0 0 408 416 0 26 0 926 922 920 4 0 1
0 62 87 0 0 1 3 0 0 163 0 1 0 0 0 7 3 1 0 0 0 1 0 2 0 0 0 8 0 0 0 1 8 0 2 3 0 0 3 0 1 7439 1 0 9 1 7 0 0 0 21 2 0 0 3 0 3 25 0 0 1 8 0 0 0 0 2 12 4 0 0 7 0 0 0 0 0 0 28 0 0 1 1 0 0 4 0 418 27 945 16 15 0 0 2 0
0 1 8 10 0 0 0 0 0 2 158 2 1 1 0 1 0 0 0 0 1 4 1 3 1 0 2 0 13 0 0 1 11 0 0 10 1 0 164 169 174 0 7454 10 16 15 0 0 1 23 1 0 0 6 0 0 30 0 0 0 15 3 0 0 1 0 0 13 0 0 1 9 0 0 0 0 3 1732 1701 0 0 4 6 0 0 2 0 420 983 8 0 0 12 0 0 0
0 0 6 2 5 1 0 0 0 0 154 0 6 1 0 0 1 0 0 2 4 0 8 0 6 1 3 0 15 0 0 0 14 144 146 148 161 163 0 2 0 0 7476 19 1 0 5 3 0 27 0 0 10 0 0 0 35 0 21 18 0 0 0 1 2 1 0 16 0 0 0 13 0 0 1 1 1739 0 0 1698 0 1681 1668 1 0 0 0 1407 1 6 3 0 0 9 0 0
0 4 0 1 1 0 1 2 4 5 6 151 0 1 0 0 2 0 0 1 2 8 16 28 29 43 0 0 0 16 2 119 127 0 0 0 0 0 0 0 0 1 7479 2 1 0 1 0 0 29 0 0 12 0 0 1 64 26 3 0 0 0 0 1 8 11 0 23 1 0 0 15 1 0 4 1743 0 0 0 3 1692 1687 0 1667 0 0 1410 0 0 0 0 1 0 7 4 2
0 0 0 0 0 0 0 1 2 0 133 0 1 0 0 1 6 1 0 0 2 5 0 0 0 33 79 83 88 108 117 0 0 4 0 0 0 17 21 0 0 0 7481 4 0 3 0 1 30 0 0 15 0 0 0 70 0 0 0 0 0 1 0 0 0 0 39 0 1 0 5 24 0 0 8 1746 1 0 0 0 3 3 0 1665 0 1428 15 14 12 10 7 1 0 0 0 0
0 0 0 0 0 0 0 1 2 6 130 0 0 0 14 10 2 1 0 0 0 0 0 0 29 1 0 0 2 1 3 0 0 1 0 1 15 0 0 25 28 0 7488 5 4 4 3 0 33 0 19 0 0 0 76 1 0 0 0 0 3 0 1 0 0 47 3 0 0 0 1 1 28 0 1 1760 3 1 0 0 1 0 0 8 1655 1 0 0 0 0 0 4 1 0 0 0
0 0 3 2 0 0 2 0 0 1 121 1 0 34 17 0 0 0 0 0 1 2 5 0 27 1 0 0 0 0 0 0 0 0 6 10 0 0 0 0 0 32 33 7537 7 1 0 58 23 22 0 0 0 80 0 0 0 0 3 0 0 7 0 0 58 0 0 2 0 0 0 0 4 35 0 1762 0 0 0 0 0 0 6 0 1 220 0 0 0 1 0 0 0 0 1 6
0 0 0 9 0 0 0 5 0 76 41 40 39 2 0 15 6 5 0 0 1 0 0 21 0 0 0 0 1 2 0 0 1 1 4 2 0 0 0 0 1 0 41 7580 1 0 60 0 1 0 0 0 84 1 0 0 0 5 0 0 11 0 68 61 0 6 1 0 0 0 0 2 0 0 38 1764 0 0 8 0 0 0 4 0 0 218 1 5 3 0 0 1 0 0 0 8
2 0 0 1 14 20 21 27 36 36 28 20 1 0 0 0 5 0 0 0 1 6 9 0 2 0 0 1 0 0 10 3 0 0 1 0 0 2 0 0 0 1 37 0 7646 61 0 4 1 0 0 0 87 0 2 0 0 7 95 93 77 74 0 4 0 0 2 0 0 1 0 0 0 1 1807 0 14 13 0 4 0 0 1 0 0 12 201 0 0 0 3 0 0 0 16 13
1 0 0 0 2 0 3 0 0 6 6 7 9 2 1 0 4 0 0 0 0 0 0 0 0 0 0 0 3 5 11 4 1 0 0 1 2 13 15 17 32 36 0 2 7650 9 8 1 0 0 0 90 6 5 0 0 0 106 0 1 1 2 0 0 1 0 0 0 0 4 0 0 3 6 1816 16 0 0 0 0 0 0 0 0 9 0 2 190 0 1 143 137 24 22 0 1
3 2 0 0 0 0 1 0 2 2 5 1 4 5 2 0 1 0 0 3 0 0 0 1 0 7 0 0 0 0 24 0 1 0 0 0 3 1 0 13 0 2 0 0 11 7661 2 1 0 1 103 101 0 0 0 0 112 2 0 0 0 0 0 0 0 0 0 0 7 1 0 0 0 0 0 1835 0 0 1 0 0 0 1 5 0 0 0 187 151 149 0 0 110 0 2 0
1 0 0 0 0 0 0 0 0 0 4 0 3 0 0 0 0 0 0 1 10 2 0 0 3 0 10 1 0 29 0 3 2 1 0 1 0 1 4 11 0 0 0 9 0 7680 1 0 0 109 2 0 0 0 0 117 1 0 0 0 0 0 0 3 0 0 1 16 4 0 0 1 0 0 0 1837 4 2 0 0 0 1 0 0 0 0 1 32 0 0 0 0 3 104 0 0
0 1 1 0 2 0 0 0 0 0 1 0 0 1 0 0 0 1 0 0 11 0 0 0 0 0 0 13 0 0 37 0 2 1 0 0 0 1 1 2 0 0 6 0 0 7799 114 113 111 0 0 0 0 0 120 2 1 0 0 1 1 0 8 0 0 0 25 0 0 0 0 1 5 0 2 1838 8 2 0 1 6 1 0 0 1 6 31 10 2 1 0 0 0 102 4 3
1 5 0 1 3 1 1 2 1 0 0 0 0 0 0 1 0 3 1 1 12 2 0 1 1 0 18 0 0 0 43 3 3 2 1 0 0 0 0 0 0 1 0 0 0 1 7803 2 1 0 0 0 0 3 127 1 0 1 0 19 14 12 0 0 0 30 0 3 1 0 0 0 0 7 11 1867 18 16 14 9 0 0 0 1 2 0 11 4 1 0 0 0 76 19 0 0
6 0 0 2 4 2 5 2 0 0 0 1 1 1 1 0 2 7 0 15 3 0 0 5 0 0 19 0 0 1 55 8 3 2 1 0 0 0 0 1 2 3 0 0 0 0 1 7805 0 1 1 0 0 133 0 0 0 2 21 0 0 0 0 0 0 35 2 0 0 0 0 3 0 0 1882 0 0 0 0 0 0 0 0 0 0 4 5 0 2 0 0 75 1 0 16 10
0 1 1 9 5 9 3 0 2 0 1 4 0 4 1 0 0 14 0 16 6 0 0 11 0 1 21 0 0 1 62 3 2 1 0 0 2 0 0 1 3 4 12 17 19 20 21 7809 0 2 4 1 1 135 0 0 36 0 26 0 0 0 0 3 39 0 0 0 0 2 0 0 5 1 1885 1 0 0 0 0 0 1 8 1 0 2 0 3 0 0 70 1 0 0 0 2
1 2 2 10 0 10 12 7 5 0 0 8 1 7 0 1 0 0 15 26 0 0 1 0 13 2 24 0 1 0 64 0 0 0 0 1 4 0 0 0 0 2 0 0 0 0 52 7814 3 7 1 0 139 0 0 40 0 30 0 1 1 0 0 54 0 0 1 0 0 2 3 12 13 27 31 1918 1 0 1 1 17 15 0 3 0 1 1 0 0 66 1 0 0 0 0 0
2 3 3 11 1 11 13 3 2 1 0 0 12 9 0 2 0 48 29 0 0 0 0 1 17 29 0 0 1 73 2 1 1 2 0 0 8 1 1 0 0 0 1 8 11 0 28 7878 9 0 0 140 0 44 42 0 0 0 0 0 2 1 57 0 8 5 1 0 0 0 6 0 3 0 2 0 1924 0 29 26 0 2 0 0 0 0 0 0 6 0 53 0 0 1 2 0
3 4 4 12 2 12 14 4 2 1 0 0 1 23 1 3 55 1 0 0 0 2 0 0 19 32 1 0 0 75 9 8 5 1 0 0 1 14 0 2 0 0 5 0 0 26 0 7880 0 1 141 0 48 1 0 1 0 0 0 1 3 60 1 0 0 0 0 0 0 0 0 0 0 1 0 0 1925 32 0 1 2 0 0 0 2 0 0 3 0 0 51 20 16 5 0 0
4 5 5 13 3 13 15 5 5 1 0 0 2 29 6 57 0 2 0 0 0 0 5 0 0 55 1 0 0 77 13 2 1 0 0 0 0 18 4 0 0 2 0 0 10 1 0 2 7884 8082 51 49 2 1 0 3 0 0 3 0 7 65 1 0 0 0 1 0 1 0 0 0 0 0 0 3 1960 0 0 0 0 0 0 5 0 0 0 0 0 1 28 0 1 9 4 0
5 6 6 14 4 14 16 15 2 1 0 0 0 1 99 3 1 0 0 0 3 0 1 9 11 57 0 0 0 0 92 0 3 2 0 1 0 29 4 2 0 0 0 1 8 0 0 0 1 8085 0 3 9 8 7 2 1 0 0 4 78 3 1 0 7 3 0 0 5 0 0 3 0 0 0 1966 2 1 0 0 0 1 9 1 0 0 0 0 0 16 6 0 0 3 0 0
6 7 7 15 5 15 39 5 4 3 0 0 0 103 1 0 0 0 0 0 5 0 0 1 72 0 193 192 190 186 86 84 0 0 2 0 37 5 0 0 0 0 1 4 0 0 0 0 20 22 8114 10 0 1 0 1 0 0 1 86 0 0 0 9 0 0 0 10 2 0 0 7 0 0 2 1972 1 0 0 1 36 32 0 0 1 0 1 0 14 1 2 0 0 1 0 0
7 8 8 16 6 62 5 3 1 0 0 0 1 108 1 0 0 1 0 1 0 8 0 0 0 268 1 0 1 4 0 0 76 69 0 41 1 0 3 0 0 0 0 0 0 6 9 15 2 0 2 8135 4 0 3 0 0 1 90 0 0 0 14 1 0 0 13 0 0 0 0 9 1 0 4 1974 0 0 44 39 0 1 18 16 8 5 2 0 11 0 0 0 0 0 4 9
8 9 9 17 71 0 0 0 0 0 0 0 2 111 0 0 1 2 1 2 0 9 0 3 288 17 1 0 0 0 2 0 4 3 59 2 1 0 0 0 0 2 1 0 5 0 0 2 1 0 0 0 8141 4 0 0 0 4 94 1 0 17 0 0 0 0 0 17 0 0 0 0 13 0 2124 143 0 47 0 0 0 0 0 2 0 0 0 0 0 9 1 0 1 2 0 0
9 10 10 18 75 2 1 0 0 2 1 0 1 117 1 1 2 5 0 3 0 11 0 293 4 0 12 10 0 0 1 3 1 0 1 11 1 0 0 0 0 0 5 0 0 0 0 0 0 0 0 0 8143 6 5 0 0 101 0 0 0 19 0 0 0 2 19 0 0 1 0 1 16 2131 4 0 141 1 0 0 0 0 0 0 0 0 0 2 0 4 1 0 0 0 1 20
10 11 11 19 78 1 0 0 0 1 7 0 1 118 2 2 3 6 0 5 14 0 295 17 11 2 1 0 8 0 0 2 0 0 0 8 1 0 2 0 0 9 0 0 0 0 0 1 0 0 1 3 8307 151 0 0 1 104 0 0 24 2 1 0 0 1 24 0 0 3 1 0 2152 0 1 0 1 88 1 0 3 0 0 0 1 14 12 1 0 0 2 0 0 0 16 0
11 12 12 99 4 3 2 0 0 1 2 8 9 131 135 3 4 7 1 349 327 0 315 0 0 9 0 0 4 0 0 0 0 0 0 4 0 0 5 0 0 10 0 2 6 1 0 0 2 1 1 0 8310 1 150 0 143 0 0 30 1 0 0 1 1 2 2209 2183 2181 2178 2171 2164 2 1 0 0 0 0 83 67 2 1 39 20 18 0 0 4 1 0 0 0 0 14 0 0
12 13 113 5 2 1 0 0 2 3 4 8 13 14 40 182 5 8 2 351 0 325 2 1 0 7 1 0 3 0 0 1 3 2 0 0 0 1 2 10 1 11 0 0 0 11 0 0 5 0 8318 8313 0 0 2 145 0 34 33 0 1 0 0 3 2 2215 1 0 0 1 3 5 0 1 0 0 1 13 0 0 57 43 0 17 13 6 0 0 1 0 0 1 5 3 0 0
13 128 6 6 2 1 0 0 0 1 2 3 15 24 1 0 189 9 3 354 1 0 4 1 0 4 1 0 0 0 0 0 0 4 4 0 0 0 0 1 18 32 0 0 0 0 66 0 0 8328 0 1 0 0 0 0 2 1 0 0 0 0 2 5 0 2219 2 1 0 0 0 1 4 0 0 0 3 5 0 0 12 0 0 2 4 0 4 1 0 0 0 0 1 0 0 0
151 7 10 2 1 0 0 0 0 1 2 14 2 2 0 0 195 10 360 0 0 0 1 2 1 0 1 0 0 0 1 0 0 2 11 1 0 0 0 0 1 1 40 42 47 50 1 67 69 8404 4 1 0 0 0 6 0 0 1 2 0 0 4 0 7 0 2224 0 0 1 0 0 0 1 0 0 0 3 0 2 4 2 0 1 2 0 0 0 0 2 0 0 0 0 0 0
0 15 3 2 1 0 1 1 0 0 7 2 1 1 0 2 3 570 1 0 0 1 2 7 0 0 2 1 0 0 4 1 0 1 17 5 1 1 0 0 0 0 2 1 0 0 0 0 1 8408 0 2 1 0 0 8 0 0 0 6 0 0 6 0 0 9 2226 0 5 1 0 0 1 0 0 0 0 0 0 1 2 0 0 0 0 0 0 1 8 0 3 0 0 1 4 0
29 12 11 10 9 8 7 4 0 0 5 1 0 0 0 0 2 576 1 0 0 0 0 11 2 0 3 1 0 0 0 7 0 0 1 26 0 4 0 0 0 0 0 0 0 1 0 0 8 8422 3 0 0 1 10 1 0 0 0 0 8 17 0 0 1 2238 10 9 1 0 0 4 0 0 0 3 0 1 0 0 0 0 0 0 1 0 0 0 9 4 1 0 0 10 1 0
9 8 7 6 5 4 3 2 1 0 1 1 0 0 0 0 0 579 0 0 1 1 1 13 0 0 6 1 0 0 2 9 0 0 0 28 8 1 0 2 0 0 1 0 0 0 5 6 1 3 8423 5 1 2 13 1 0 1 1 0 2 0 18 21 0 2252 1 0 0 0 8 1 0 0 1 0 9 1 0 0 0 0 1 0 0 6 0 0 12 8 0 0 15 2 0 0
10 9 8 7 6 5 4 3 2 1 0 0 0 0 3 0 0 1 582 584 2 2 2 24 9 7 0 2 1 1 13 3 2 1 0 34 18 8 3 2 0 0 2 6 1 0 0 0 0 0 8427 12 3 0 18 1 0 6 0 0 3 1 0 0 22 2256 2 1 0 0 11 0 0 0 1 15 0 0 1 2 0 0 2 3 0 7 0 0 55 32 2 0 20 0 0 0
12 11 10 9 8 7 6 5 4 3 2 1 0 0 1 6 8 0 1 2 591 3 3 25 1 0 1 31 2 2 19 0 0 0 3 0 56 0 3 1 0 0 0 0 12 15 0 0 0 0 1 8441 0 1 29 9 8 0 0 1 4 3 0 0 2 2294 1 0 0 14 0 1 0 1 20 0 0 3 4 0 0 0 0 8 0 10 0 59 0 0 27 25 1 2 0 0
24 23 22 21 20 19 5 4 3 2 1 0 0 1 0 1 11 12 13 14 15 612 4 26 2 0 36 0 24 20 2 1 0 0 1 60 0 0 3 0 2 0 0 1 0 1 17 0 0 2 0 1 8445 36 3 2 1 0 0 7 4 0 0 1 0 5 2313 17 15 0 3 0 1 24 0 0 0 11 0 1 0 0 1 12 0 0 72 0 0 0 0 0 0 0 0 0
18 17 16 5 0 1 10 7 4 2 0 0 0 0 3 4 16 17 18 24 25 26 645 27 3 39 0 0 0 4 3 0 1 0 0 63 0 5 1 0 4 0 0 1 0 0 21 1 0 0 4 0 8488 4 3 2 0 0 9 0 5 1 1 0 3 0 2316 0 0 6 0 0 27 1 0 0 0 13 2 1 0 1 0 14 0 0 133 5 2 0 0 0 1 0 0 0
6 3 9 0 2 0 1 1 0 0 0 1 1 0 1 4 10 1 3 0 0 9 11 686 4 41 0 0 7 0 0 5 1 0 0 0 64 10 0 0 7 0 0 1 5 0 0 24 1 0 6 8502 11 8 2 0 0 1 11 0 8 0 2 0 0 0 2320 1 8 0 2 0 30 1 0 0 1 0 22 2 0 0 4 15 142 141 4 52 0 0 8 6 1 0 1 0
1 2 3 4 0 1 0 0 0 1 1 2 2 0 0 0 4 0 0 0 7 0 0 1 694 43 0 0 10 0 25 8 1 0 0 0 80 12 0 0 8 0 0 0 1 9 11 25 0 2 8511 0 1 4 0 0 0 18 14 0 10 0 3 0 2 1 0 2340 6 5 1 0 35 1 0 0 4 0 25 1 0 0 1 171 4 0 3 1 48 39 0 0 0 2 0 0
0 1 2 1 0 0 0 0 0 1 4 3 5 0 0 0 1 0 0 1 2 0 0 0 0 741 0 0 40 27 0 14 0 0 1 0 85 0 1 0 11 0 0 1 2 3 0 12 27 8515 1 0 0 1 0 0 0 21 1 0 12 4 0 0 0 3 0 2382 39 38 37 36 1 0 0 1 5 27 1 0 0 0 172 2 0 3 2 0 7 23 3 1 0 0 6 0
0 0 0 0 0 0 2 0 1 2 10 10 0 2 0 0 0 0 1 2 0 0 1 0 0 742 0 48 5 1 0 7 4 2 0 0 0 107 20 13 0 0 0 1 0 4 0 14 0 8548 1 0 0 0 1 6 9 22 1 0 19 0 1 0 1 1 4 2386 2 1 0 4 1 0 3 6 0 228 1 0 0 186 10 1 0 2 1 2 3 6 15 1 0 0 10 14
0 0 1 1 0 0 1 6 0 0 1 23 3 3 2 0 0 0 0 4 0 2 2 1 1 743 51 0 0 1 0 0 5 2 0 0 1 110 0 2 0 1 0 2 6 12 0 1 8571 2 1 0 0 0 2 0 0 37 0 20 0 0 0 3 0 4 2392 11 10 9 8 2 1 0 4 239 230 0 195 193 191 0 2 1 0 1 0 1 2 5 0 11 0 0 0 1
1 0 6 1 0 0 1 2 14 0 1 32 4 1 0 0 0 1 1 5 0 3 3 2 2 797 0 0 0 1 0 0 0 0 0 0 114 0 0 0 0 0 2 3 4 0 13 8584 8 2 1 0 2 0 0 0 0 39 21 1 0 1 0 1 6 8 2679 259 257 1 0 1 0 246 240 2 1 0 0 0 0 0 0 0 0 0 0 1 1 2 7 0 0 0 0 0
23 20 2 1 0 0 1 2 0 16 17 18 44 3 2 0 0 4 2 6 1 4 4 3 3 798 2 0 9 5 4 0 0 0 1 0 119 1 0 0 2 0 2 3 4 5 8608 1 0 7 6 5 1 0 0 2 4 0 67 2 0 0 2 1 0 0 2681 0 0 254 253 250 249 1 0 3 0 0 0 2 1 0 0 0 1 0 0 0 1 0 5 1 2 1 0 0
4 2 8 2 1 0 0 1 2 3 4 5 74 3 2 0 0 8 3 7 2 5 5 4 4 824 21 19 16 0 0 0 0 3 0 2 120 0 1 0 0 3 4 5 0 14 8624 0 0 7 3 2 1 0 0 0 1 77 0 0 0 0 4 0 2 2693 5 0 1 0 0 0 0 0 0 4 1 2 3 0 0 1 0 6 2 1 0 0 0 4 0 0 1 5 1 0
0 1 0 3 0 0 0 1 2 3 0 0 77 1 0 0 0 0 15 8 3 6 6 5 831 0 0 1 4 1 0 0 0 0 6 139 7 6 0 0 0 2 3 0 7 0 8626 12 10 0 2 1 0 0 0 0 1 78 0 1 1 0 1 6 0 2696 0 3 0 3 1 1 1 1 0 5 2 11 3 1 2 0 10 1 0 1 0 0 2 0 1 2 11 22 0 2
