ASCII/tev_acc500m.asc
ncols         319
nrows         495
xllcorner     219017.22331753
yllcorner     4610852.5305323
cellsize      500
NODATA_value  -9999
[rows 236 to 294 of 495, columns 96 to 191 of 319]
0 24 1 0 8 3 2 0 0 0 17 0 12 5 0 0 6 0 0 6 0 0 0 0 0 0 1 0 3 1 0 20 0 0 3 6 21338 0 2 0 0 0 0 2 1 1 36 0 0 0 45 0 0 3 0 0 0 0 0 48 1 0 9 0 1 7 0 1 0 0 0 2 5 6 0 1 0 0 0 0 0 0 0 76 1 0 0 0 6 0 0 6 0 676 1 2
0 29 0 9 4 4 3 2 0 0 19 0 0 21 0 9 0 0 11 0 1 0 0 0 0 2 3 0 0 4 2 24 0 1 0 0 21340 0 0 0 0 0 0 0 0 0 2 31 2 0 0 42 0 0 0 0 0 0 0 0 50 10 1 2 8 0 2 0 1 0 0 1 0 1 6 9 12 15 27 29 32 34 36 35 0 0 2 3 0 0 4 0 1 673 1 0
0 30 11 0 16 0 1 0 0 0 1 24 0 0 35 0 0 0 13 1 0 0 2 0 0 0 8 0 1 1 7 0 27 2 1 21344 1 0 0 1 0 1 0 0 0 0 0 0 26 0 0 40 0 0 1 0 2 0 0 0 81 0 15 9 5 3 13 4 1 0 0 0 2 3 0 1 0 6 1 0 0 0 0 27 4 0 0 0 1 3 0 0 1 665 2 0
1 63 31 18 0 4 1 0 0 0 0 0 28 0 36 0 1 0 19 1 0 0 5 2 0 0 1 13 2 0 0 8 0 31 22289 941 3 2 0 909 1 2 1 3 0 0 0 1 24 0 0 37 4 2 0 1 5 0 0 84 0 16 24 23 16 15 0 6 4 0 0 0 1 2 3 4 5 0 0 4 6 8 9 26 0 2 0 0 0 0 0 18 19 662 0 1
67 0 0 1 0 2 1 0 1 1 0 0 0 31 72 0 2 0 21 0 0 0 1 12 0 0 0 0 14 19 0 10 22326 22324 1 4 931 929 910 0 903 901 8 5 0 3 0 0 1 17 0 0 29 0 1 10 1 0 0 88 0 25 1 0 0 2 1 0 0 2 0 0 0 2 3 4 0 0 1 0 0 0 6 7 0 0 0 0 9 14 15 0 3 640 0 0
0 0 4 0 7 2 0 0 1 4 9 0 0 0 75 0 0 26 0 2 0 0 0 15 0 1 0 0 1 22 22351 22349 7 0 0 3 0 14 2 0 0 0 887 6 5 0 0 0 0 15 1 0 0 26 17 1 0 0 1 117 26 2 0 0 5 0 1 0 1 0 0 0 0 0 8 10 18 19 0 0 3 5 0 5 0 1 4 6 0 0 0 1 0 633 0 0
22 20 13 11 0 0 0 0 0 0 10 0 0 0 77 0 0 29 4 0 0 1 0 18 0 2 1 0 2 22376 0 2 3 1 0 1 0 8 3 0 0 1 151 725 723 0 0 0 0 0 9 0 0 7 0 1 0 0 1 120 7 3 1 6 0 7 4 3 0 1 0 1 0 6 0 0 0 7 29 0 0 0 0 0 0 0 0 0 0 7 8 0 381 248 0 1
0 0 0 0 0 0 0 0 1 1 12 2 0 0 1 78 1 0 36 2 2 0 0 2 22 4 2 0 3 22380 0 0 0 2 0 0 3 3 1 0 0 149 0 0 1 719 3 0 0 0 5 1 0 1 2 0 0 0 1 156 24 22 7 1 8 2 1 0 0 3 0 2 3 0 3 4 5 0 1 32 0 2 0 0 0 0 1 2 5 0 0 14 364 0 246 0
5 4 3 2 1 1 0 0 1 4 13 3 0 1 3 2 82 0 40 7 3 1 0 0 0 29 3 1 22447 60 1 0 0 0 0 0 1 2 0 0 0 0 145 0 0 1 712 1 1 0 0 2 0 0 0 0 0 1 4 159 1 0 13 9 0 6 2 1 0 5 0 0 0 2 0 1 2 0 1 2 45 0 3 1 1 0 0 1 0 1 3 354 7 0 244 0
1 0 0 0 2 0 0 2 2 19 0 0 5 0 0 91 0 0 49 0 0 0 0 0 0 0 35 22451 0 0 59 1 0 0 0 0 1 0 2 4 6 140 1 0 0 1 3 705 2 1 0 0 0 0 0 0 2 0 168 161 0 0 0 0 8 3 2 1 0 7 1 0 0 0 0 1 2 6 7 8 0 47 49 56 3 0 0 0 0 1 6 346 6 0 1 241
0 0 1 5 0 1 0 4 0 3 22 0 6 0 0 1 95 1 50 22564 22562 22557 22553 22550 0 0 22506 4 0 0 0 54 5 3 1 0 0 0 0 0 6 125 0 0 0 0 0 699 0 1 0 0 2 3 0 0 5 0 171 1 0 0 1 1 17 3 2 1 0 20 0 2 1 0 0 2 3 4 0 0 0 1 0 0 62 0 1 1 2 3 332 12 3 0 0 239
0 10 6 0 2 0 0 6 1 0 28 0 9 0 1 2 96 2 22618 0 2 1 0 0 22545 22542 0 12 2 0 0 2 42 5 4 1 0 0 2 4 4 123 1 0 0 0 0 9 686 0 0 0 3 4 0 0 1 179 0 1 0 0 0 50 27 26 25 24 22 0 8 4 1 0 0 0 1 2 8 10 12 13 17 18 64 3 0 0 0 330 0 11 0 1 0 238
13 0 0 4 1 0 1 9 0 0 29 0 1 13 0 4 97 22623 0 0 0 0 0 0 0 32 0 8 2 0 1 0 32 1 0 1 0 0 0 3 2 3 108 0 0 3 7 0 5 676 2 0 9 0 1 0 0 187 4 0 0 1 52 0 0 0 0 0 0 1 0 0 0 0 0 0 1 2 0 1 0 0 0 0 297 302 0 322 324 3 1 10 0 0 0 202
1 0 7 0 3 2 0 10 2 30 0 0 0 0 14 20 22723 0 1 0 0 1 0 0 2 26 0 0 6 1 0 0 1 28 0 1 0 0 2 1 1 0 106 0 0 0 0 2 0 1 670 646 630 629 2 1 190 0 0 0 1 275 272 1 0 13 11 8 6 0 0 1 3 1 0 1 0 4 0 1 4 7 9 191 19 1 317 0 0 0 0 7 0 1 201 0
11 10 1 0 7 0 12 0 0 35 0 1 1 0 2 21 22738 13 10 9 6 1 0 0 1 25 0 0 1 2 0 0 0 26 6 2 0 0 0 0 0 1 4 99 0 0 0 0 0 0 7 13 3 1 624 542 346 344 290 287 284 4 1 215 208 0 1 0 0 2 0 0 0 7 0 1 4 5 11 0 0 175 180 12 5 0 1 9 0 0 1 2 1 0 0 197
5045 1 0 0 23 13 1 0 0 40 0 0 4 0 3 22765 3 2 1 0 0 1 0 0 0 21 1 0 0 0 0 0 6 9 0 0 0 0 0 0 0 1 0 97 14 0 0 0 1 6 0 12 0 0 80 1 0 52 0 0 0 1 0 5 0 190 5 4 2 1 0 0 2 3 8 10 13 14 15 12 173 1 1 1 9 4 0 0 6 0 0 1 0 0 194 0
14 5048 0 25 0 2 1 0 0 41 0 1 0 6 22798 27 26 25 23 0 0 0 0 0 0 0 15 1 0 0 0 0 3 5 2 0 0 0 1 1 1 0 0 80 0 10 0 0 2 0 8 0 0 79 1 0 2 0 47 1 0 0 0 4 0 181 4 3 2 1 0 0 0 0 5 0 0 0 3 157 0 0 0 0 8 1 1 0 1 0 0 0 0 170 21 20
11 0 5115 5143 5149 3 2 0 2 42 22860 22858 22855 22851 8 7 4 0 0 21 11 10 7 2 0 0 0 10 0 1 0 2 0 3 0 0 0 2 3 2 0 2 4 73 0 2 4 0 0 6 0 0 75 0 0 0 0 3 37 2 1 0 0 2 0 159 13 12 10 0 0 0 1 3 4 11 0 1 0 93 42 0 2 0 7 0 0 0 0 0 3 0 2 168 0 13
0 8 56 0 12 5164 3 1 3 22909 4 1 1 34 0 1 0 1 0 0 6 5 0 1 0 0 5 1 0 0 3 0 0 0 0 0 1 0 14 15 34 35 68 1 0 1 2 0 0 4 0 0 0 71 0 0 1 0 15 20 1 0 0 1 154 0 2 1 0 8 0 0 3 0 0 1 74 78 81 9 0 39 0 0 0 4 1 0 0 1 0 4 156 5 0 0
6 0 54 0 11 0 5170 2 22915 0 1 0 0 0 32 0 0 0 0 3 2 0 4 0 0 0 2 0 0 1 2 26 1 0 0 0 0 4 0 0 13 0 31 0 0 0 0 0 0 0 0 2 66 0 2 0 0 14 0 17 1 0 0 0 148 2 1 0 0 4 0 0 0 6 0 61 0 2 1 8 0 19 14 0 0 0 0 0 0 0 0 2 146 0 4 0
0 52 0 0 9 0 0 5176 22918 1 0 0 0 6 1 21 19 15 6 0 0 0 0 1 0 0 0 0 0 0 16 0 27 3 3 0 0 0 2 3 7 0 28 0 0 0 0 0 0 0 0 1 2 56 0 0 11 0 8 0 3 0 0 0 146 5 4 2 0 1 1 0 0 1 54 0 0 1 0 7 0 17 0 12 2 1 0 0 2 1 0 51 0 92 0 1
0 48 0 0 4 0 0 0 28101 4 1 0 0 3 0 0 0 0 7 6 0 0 0 0 0 0 0 0 6 14 0 2 3 41 0 0 0 0 0 5 0 0 5 19 17 12 3 0 2 4 0 0 0 54 0 1 9 0 2 4 0 0 1 1 138 1 0 0 0 0 0 1 3 6 35 1 0 0 0 6 0 14 0 1 5 0 0 2 5 9 48 0 0 91 9 8
45 0 0 2 0 1 3 4 28108 0 1 0 1 0 0 4 3 2 1 0 3 1 6 4 2 0 0 2 5 0 0 0 0 42 0 0 2 0 0 1 0 0 2 0 2 1 3 0 0 0 17 48 50 2 0 0 3 0 1 2 0 0 0 3 131 1 0 1 0 0 0 0 1 19 0 13 0 0 1 4 0 10 2 0 2 0 0 0 0 33 0 0 2 0 75 0
42 0 1 0 0 0 0 3 28114 0 0 0 0 0 8 0 0 0 1 0 12 11 3 2 1 0 0 3 0 0 0 1 4 44 0 0 5 1 0 0 0 0 0 0 0 0 1 0 0 10 0 29 0 0 0 0 0 0 0 0 0 0 0 1 126 5 4 1 0 0 2 3 4 13 0 7 3 0 0 0 4 0 0 1 0 0 0 0 27 1 1 1 0 55 0 16
0 0 0 0 0 0 1 1 3 28119 2 0 0 0 11 0 2 0 2 13 0 2 1 0 0 0 0 0 1 0 2 3 4 77 80 0 10 1 0 0 3 0 0 0 0 0 0 2 5 0 0 6 21 0 0 5 4 3 0 0 0 0 7 0 117 8 7 1 0 0 0 0 8 3 0 4 0 0 0 1 0 2 0 0 0 0 0 1 23 0 0 0 0 45 6 0
0 12 15 1 0 0 0 0 0 28127 1 0 1 0 0 12 0 4 32 12 10 5 4 3 1 0 0 0 0 3 4 18 20 0 2 97 0 0 0 0 4 0 1 0 3 0 0 0 0 0 3 5 0 18 15 6 3 0 1 0 3 4 0 9 91 4 1 4 2 0 0 5 0 2 0 1 0 0 0 2 1 0 0 0 8 12 17 20 0 0 0 1 34 9 0 3
7 0 33 56 2 0 0 1 0 28137 0 0 2 0 2 14 0 42 0 1 0 0 6 5 4 2 0 0 1 2 12 0 0 1 0 0 101 0 11 9 7 1 0 8 0 0 0 2 0 0 0 0 0 1 0 1 0 0 0 0 0 0 15 41 48 1 0 0 0 0 1 0 0 0 0 1 0 0 1 8 1 0 0 3 1 1 2 0 0 0 0 30 0 8 0 0
0 32 0 59 0 0 0 2 5 0 28146 4 0 1 66 62 44 0 2 1 0 8 0 5 4 3 0 0 1 3 8 0 0 1 0 0 0 117 1 0 0 0 0 14 4 1 0 3 0 0 0 0 0 0 0 0 0 0 1 0 3 14 0 19 3 47 3 2 1 0 0 0 2 9 0 0 4 0 13 6 5 2 0 2 0 0 0 0 0 0 27 0 0 4 1 0
30 0 0 0 62 1 0 0 0 1 0 28147 0 71 0 0 0 0 0 46 45 35 8 1 0 0 1 0 0 0 3 0 2 3 17 20 143 1 0 0 1 0 18 0 0 0 0 7 0 0 3 1 0 3 3 0 0 0 0 4 7 0 17 0 2 36 5 4 3 1 0 0 2 2 11 0 1 7 31 1 0 1 0 0 0 0 2 0 0 22 0 0 1 0 0 5
0 0 1 4 6 72 1 0 0 0 1 0 28154 73 0 0 53 50 48 0 1 0 25 3 2 0 0 0 0 0 0 0 8 10 0 0 152 0 0 0 3 21 0 0 0 1 0 0 10 0 6 0 0 10 0 0 1 1 0 0 0 1 16 0 1 28 6 5 4 0 0 1 1 0 1 15 17 0 34 0 1 0 0 0 0 0 0 3 10 7 0 0 0 0 2 11
3 0 0 0 0 0 79 0 3 0 0 3 0 28230 56 54 0 0 0 3 0 0 0 19 0 1 6 3 0 0 1 6 0 2 3 4 5 155 0 0 29 0 0 1 0 5 0 0 0 19 0 1 0 11 0 0 6 0 0 0 0 0 10 0 0 21 5 1 0 2 0 0 0 0 0 0 0 20 57 0 12 9 8 1 0 0 2 4 0 5 0 2 0 0 19 2
1 0 0 0 0 1 0 80 81 87 0 0 1 2 28290 1 0 16 14 2 1 0 0 0 16 8 0 0 0 0 3 0 1 4 5 6 0 157 0 0 32 0 1 0 9 0 0 1 0 22 3 0 1 12 0 10 0 0 2 0 0 0 9 0 0 19 0 2 1 0 0 0 0 0 0 1 0 0 59 15 1 0 0 2 0 0 0 2 4 0 0 0 5 0 20 0
27 1 0 0 1 0 0 1 2 3 92 1 0 115 28316 24 18 0 0 5 4 2 0 0 4 1 0 1 0 0 0 0 3 0 6 7 19 178 0 0 52 18 17 13 0 0 6 0 0 23 4 3 14 0 0 2 16 1 0 7 1 0 7 2 0 0 18 17 16 13 12 6 0 0 2 8 12 13 14 93 1 0 0 0 0 0 0 0 0 0 2 0 0 7 34 2
0 28 32 0 0 4 0 1 10 11 12 106 109 0 28434 0 3 2 0 3 2 1 0 0 0 4 3 0 0 0 0 1 1 4 0 1 0 6 179 235 0 0 0 0 0 1 7 0 26 0 30 24 3 0 0 0 0 18 31 0 1 0 0 3 1 2 1 0 0 0 1 1 2 0 4 0 0 1 2 3 100 1 1 1 0 1 0 0 0 1 6 0 1 0 38 1
1 0 0 34 0 0 6 7 0 1 2 3 4 0 28435 8 7 6 5 0 0 3 2 0 0 9 2 1 0 1 0 0 0 0 0 3 5 4 16 17 261 0 0 0 0 1 12 0 0 66 0 0 0 0 0 1 0 0 33 9 8 3 0 0 3 0 2 1 0 0 0 0 1 0 1 0 0 7 17 20 27 129 6 1 0 3 0 0 3 0 0 8 12 0 41 0
0 177 36 0 0 0 0 0 0 1 2 3 0 28461 10 0 0 2 1 0 7 1 0 0 0 28 17 0 6 2 0 0 0 0 1 0 3 2 0 1 3 265 2 0 0 0 88 74 68 0 5 3 1 0 0 0 4 5 52 1 0 0 0 0 0 9 0 0 1 0 0 0 0 0 0 1 5 0 7 1 5 3 145 0 8 2 0 0 0 7 9 0 13 27 42 0
173 0 218 221 224 0 0 3 0 0 0 0 5 0 28464 1 5 1 0 10 1 0 35 33 32 0 0 14 4 1 0 0 3 0 0 1 0 1 0 0 3 11 279 281 1 91 0 0 1 0 0 0 0 0 0 2 3 0 53 1 0 0 0 1 1 10 4 2 1 1 2 0 0 0 0 0 0 3 2 0 4 2 2 147 10 0 2 0 0 0 0 11 0 1 81 7
0 0 1 0 12 241 242 249 251 255 256 1 2 0 28465 8 1 0 13 1 0 42 2 1 0 0 0 0 0 1 0 0 0 5 1 0 0 0 0 2 1 6 0 0 292 93 0 0 0 2 1 0 2 0 1 0 1 7 58 0 1 0 1 2 0 18 0 5 2 4 0 0 1 1 0 2 0 1 1 1 1 1 1 0 166 5 1 0 0 0 0 2 0 0 84 0
2 0 1 11 0 1 0 0 0 0 0 258 259 264 28476 0 68 67 52 51 44 0 2 1 0 0 2 3 2 1 0 0 2 10 4 0 0 0 0 0 2 0 1 5 0 387 10 9 6 0 0 0 4 0 1 2 0 69 0 0 4 0 7 0 0 29 7 0 6 0 1 0 4 0 0 3 0 0 0 0 0 0 0 0 6 174 0 0 0 2 0 0 5 0 87 0
0 1 5 0 0 0 0 1 0 0 12 0 1 291 28477 72 2 1 0 0 4 3 2 1 0 0 7 2 1 0 0 0 0 4 20 3 1 0 0 0 0 0 0 1 0 400 0 0 0 0 0 0 6 0 2 8 0 71 0 0 5 9 0 0 0 32 0 7 0 2 0 6 0 0 2 5 0 0 0 0 0 0 1 4 0 176 2 0 1 3 0 1 8 0 90 0
0 0 0 0 0 0 0 2 8 11 0 15 16 6 28770 77 3 2 1 0 4 3 2 1 0 0 15 1 0 0 3 0 2 0 27 0 0 2 0 0 0 0 0 0 5 401 0 0 0 0 2 0 0 8 9 12 96 0 0 1 17 0 0 0 0 1 43 0 4 0 8 1 0 0 10 0 3 0 1 3 0 0 0 0 0 1 181 0 6 0 0 0 10 0 105 13
6 7 0 72 75 1 0 0 0 0 0 0 5 0 28772 79 0 1 0 0 8 2 1 0 0 0 17 0 0 0 0 6 8 0 0 32 0 0 5 2 2 0 0 1 0 408 0 2 0 5 0 2 0 0 1 0 1 97 1 22 1 0 1 1 0 0 48 0 5 10 0 2 1 1 12 4 0 0 6 0 0 1 0 0 0 3 182 0 9 0 0 1 13 108 0 0
0 0 68 1 0 78 0 1 0 0 1 3 0 1 28779 83 2 0 11 9 1 0 1 0 2 0 21 2 0 0 0 0 0 10 15 34 0 0 6 7 0 0 1 2 5 6 421 426 8 0 0 3 0 1 2 3 9 111 114 24 0 0 2 5 1 0 50 0 17 0 1 3 4 0 13 5 1 1 7 1 1 3 0 0 1 2 200 11 0 0 1 0 123 0 0 0
0 57 0 0 0 1 81 82 86 0 0 0 1 2 0 28894 29 27 14 13 8 7 4 3 1 0 23 0 0 1 0 0 1 2 0 53 0 1 0 15 0 0 0 1 0 4 0 437 0 0 1 1 5 0 0 2 1 0 0 141 1 0 0 0 10 13 51 0 19 0 2 4 6 0 14 6 4 0 8 2 2 4 1 0 1 3 202 0 0 0 5 130 129 4 0 0
52 54 0 0 0 0 0 1 2 93 94 95 96 97 98 28898 2 1 0 0 0 0 0 0 2 25 0 2 0 4 0 0 0 2 4 59 0 2 1 16 1 1 0 0 1 2 0 441 450 451 0 5 0 7 0 0 0 0 0 143 3 2 0 0 0 0 15 53 21 0 3 12 1 0 15 12 0 1 9 6 0 5 2 0 7 204 0 0 1 0 142 0 0 0 0 0
0 0 0 1 2 1 0 0 0 0 0 1 2 3 4 29433 0 1 0 0 0 3 0 50 48 14 11 6 5 0 0 1 0 0 0 2 68 72 0 21 0 2 1 0 0 0 0 0 6 0 454 455 470 479 1 0 0 0 2 0 153 0 0 0 0 0 0 16 76 1 20 2 0 17 0 13 1 2 26 8 7 0 3 0 216 0 0 0 3 145 0 3 0 0 2 0
4 0 0 0 3 9 1 0 1 0 24 25 26 27 428 0 29439 1 0 0 2 61 52 0 3 0 0 0 0 2 2 0 0 0 0 0 2 0 98 0 0 8 3 0 0 2 0 0 5 0 0 3 2 0 490 493 0 0 0 5 160 0 1 0 3 1 1 17 77 2 21 2 0 18 1 14 2 31 0 0 0 0 1 4 217 1 0 1 153 2 0 0 0 0 0 3
0 0 1 0 0 0 14 17 21 22 0 1 2 399 0 29442 0 1 0 1 67 0 3 0 0 0 0 0 1 3 5 0 1 1 0 0 0 0 1 103 115 0 0 0 14 11 1 0 0 2 0 0 1 2 3 0 497 1 0 0 0 163 3 0 0 7 2 18 78 3 46 20 19 0 0 17 36 0 0 1 2 0 0 7 221 0 165 159 4 1 0 0 1 0 2 7
25 125 0 4 6 0 0 0 0 0 1 3 4 395 0 29444 3 0 0 70 0 0 0 1 0 0 2 0 6 6 1 0 0 5 0 0 0 0 0 0 117 0 0 18 0 1 2 0 0 1 0 0 1 1 0 0 0 502 0 0 1 166 5 0 0 0 12 19 79 129 77 76 75 74 72 70 14 13 12 10 7 3 1 230 0 169 1 1 0 0 0 0 1 5 0 5765
97 0 126 0 0 8 0 0 0 0 0 0 389 1 2 29448 4 0 75 2 0 1 0 1 0 4 0 1 7 11 1 0 0 9 0 1 1 0 0 0 0 147 19 1 0 0 0 2 0 1 0 0 0 0 1 4 6 8 514 0 0 167 6 0 1 0 13 20 629 418 417 416 415 414 413 412 411 410 409 408 407 406 405 404 172 0 0 0 0 0 0 1 3 10 5776 8
0 0 1 132 0 312 315 320 322 324 0 385 1 0 0 8 29464 1 77 0 0 21 18 11 10 9 0 2 25 4 1 0 0 0 11 4 0 0 2 0 150 0 5 1 0 0 0 3 2 4 1 0 0 0 1 0 0 0 516 0 1 168 7 1 2 1 14 673 21 20 19 18 17 16 15 14 13 12 11 10 9 8 7 6 5 0 2 1 0 2 0 0 1 5798 9 8
4 0 0 0 299 0 0 2 0 54 384 0 0 0 3 6 0 29467 104 25 24 0 0 1 0 0 0 34 4 2 1 0 0 3 22 0 0 2 6 1 152 0 0 0 0 2 0 16 8 0 1 0 0 3 4 0 0 1 519 1 2 169 8 2 3 2 16071 15381 15380 15379 15378 15377 15376 15375 15374 15373 15372 15371 15370 15369 15368 15367 15366 15364 0 3 0 0 0 4 0 0 5804 2 1 0
0 141 143 161 0 2 0 0 0 51 0 0 0 1 0 0 0 29468 106 0 0 0 0 1 0 0 35 1 0 0 1 0 0 0 2 28 30 10 0 0 154 0 0 0 28 25 20 1 0 1 0 0 0 0 1 8 0 1 522 2 3 170 9 3 4 16125 49 48 47 46 45 44 43 42 41 40 39 38 37 36 35 0 0 0 15361 15357 15346 0 0 15335 15329 5812 4 1 0 0
132 0 0 16 0 0 0 6 50 0 0 2 6 7 19 0 2 29469 119 11 9 8 4 0 1 39 2 0 0 1 0 0 0 0 0 1 33 11 0 158 1 0 0 33 0 0 0 1 0 0 1 0 0 0 1 2 9 0 0 527 4 171 10 4 16276 144 143 142 141 140 139 138 137 136 135 134 133 132 131 4 2 33 0 1 0 0 8 15342 15339 1 9514 0 0 0 0 0
0 1 0 2 12 0 2 1 41 0 0 2 0 10 0 21 3 29470 122 1 0 0 0 0 44 0 0 2 2 0 1 0 1 0 0 0 35 176 163 0 0 0 1 36 1 0 3 0 0 3 1 0 0 1 4 5 19 1 0 528 5 172 11 16311 28 27 26 25 24 23 22 21 20 19 18 7 5 2 125 0 1 21 9 0 0 0 6 0 0 0 9511 1 0 0 0 2
0 0 0 7 11 0 0 0 37 0 1 0 8 0 2 25 4 29471 128 4 3 0 0 0 46 0 15 10 5 2 1 2 1 0 0 0 215 0 1 0 0 0 41 0 0 0 6 0 0 5 2 3 1 0 0 1 2 25 1 529 6 173 16342 17 16 15 14 13 12 11 10 9 8 3 9 0 1 1 1 122 0 20 0 6 0 0 5 0 0 2 25 9484 9482 2 0 0
0 0 6 0 0 0 0 33 0 1 0 2 3 0 0 1 33 29472 131 1 0 1 0 1 47 0 17 0 0 0 2 5 1 0 0 1 216 0 0 0 2 0 42 15 13 8 0 0 0 8 11 3 2 0 0 0 1 28 2 530 7 16529 11 10 9 8 7 6 5 4 3 1 3 2 2 5 0 0 0 121 0 19 0 0 3 2 1 0 0 20 0 0 1 9476 0 0
2 0 4 0 0 0 0 31 0 0 1 0 1 1 2 694 695 30206 133 0 0 0 1 51 0 19 1 0 21 20 19 13 4 0 0 2 221 0 0 1 3 8 61 0 0 0 0 1 0 21 2 1 0 0 0 1 2 32 3 531 16568 29 28 27 26 25 24 23 21 18 0 0 2 1 0 0 4 0 2 116 0 1 15 5 4 1 1 0 0 17 0 0 0 9180 293 292
0 0 0 1 0 13 15 28 0 0 0 0 0 0 1 690 1 0 30341 0 3 0 55 0 0 54 30 25 2 0 1 0 0 0 0 1 229 1 0 0 1 74 0 0 0 1 1 0 4 29 3 2 1 0 0 2 4 38 4 17108 6 5 4 3 2 1 0 0 1 1 15 0 0 0 0 0 2 0 0 114 0 0 0 7 1 1 0 0 0 15 0 0 2 9178 0 0
