noFCS/flood_noFCS.asc
ncols         319
nrows         495
xllcorner     219017.22331753
yllcorner     4610852.5305323
cellsize      500.0
NODATA_value  -9999
[rows 390 to 415 of 495, columns 236 to 294 of 319]
4.56883E-1 6.59987E-1 3.24898E-1 2.86573E-1 3.89403E-1 2.92412E-1 2.43914E-1 2.78285E-1 2.16205E-1 5.38776E-1 2.14596E-1 2.84576E-1 1.88198E-1 1.96927E-1 2.24455E-1 2.5678E-1 2.48527E-1 2.55684E-1 2.78885E-1 1.53727E-1 1.47927E-1 1.34723E-1 3.17563E-1 2.02182E-1 2.932E-1 2.52046E-1 1.41939E-1 1.81801E-1 2.5981E-1 3.02928E-1 3.41593E-1 2.77376E-1 5.93742E-1 2.63101E-1 1.78505E-1 2.51792E-1 2.61067E-1 2.21769E-1 1.451E-1 1.67215E-1 2.17888E-1 1.58375E-1 2.01759E-1 2.51451E-1 1.44332E-1 1.60285E-1 2.44004E-1 6.36085E-1 3.09171E-1 2.29055E-1 1.75149E-1 1.80625E-1 1.60616E-1 4.57024E-1 1.54095E-1 1.58699E-1 1.74344E-1 2.30154E-1 2.6194E-1
3.05019E-1 3.4151E-1 7.26521E-1 4.62519E-1 2.72774E-1 2.30349E-1 2.74075E-1 2.1365E-1 2.2991E-1 6.70221E-1 4.99393E-1 5.06676E-1 4.95006E-1 4.89435E-1 4.80262E-1 2.36797E-1 2.25864E-1 2.92108E-1 4.57687E-1 1.50231E-1 2.02061E-1 1.45317E-1 1.25472E-1 1.93471E-1 3.36066E-1 3.30296E-1 1.59467E-1 1.75136E-1 2.88457E-1 3.18985E-1 2.86242E-1 3.33537E-1 2.63461E-1 5.26344E-1 2.35235E-1 3.44639E-1 2.11736E-1 2.88858E-1 2.47061E-1 1.27095E-1 1.63729E-1 2.49837E-1 1.89532E-1 2.15137E-1 1.80197E-1 1.3347E-1 1.52973E-1 2.16869E-1 5.54885E-1 6.47818E-1 2.83607E-1 1.58606E-1 1.68397E-1 4.55985E-1 2.51149E-1 1.48406E-1 2.05315E-1 2.90643E-1 2.12785E-1
2.97857E-1 2.90176E-1 6.46027E-1 6.81633E-1 5.98333E-1 5.63021E-1 3.18101E-1 2.42166E-1 5.70422E-1 1.9627E-1 2.7207E-1 3.19625E-1 2.07876E-1 1.83505E-1 1.82879E-1 4.41808E-1 4.54989E-1 4.66094E-1 2.54065E-1 4.45242E-1 4.04892E-1 2.31756E-1 1.63605E-1 2.49773E-1 2.07062E-1 2.00947E-1 2.35148E-1 2.29976E-1 1.41323E-1 3.38605E-1 4.18394E-1 2.84907E-1 2.83915E-1 2.70735E-1 4.80887E-1 2.2842E-1 2.09692E-1 3.04793E-1 2.87237E-1 2.01098E-1 1.28481E-1 1.44871E-1 1.57539E-1 1.93262E-1 2.23917E-1 1.83147E-1 1.30073E-1 1.57364E-1 1.70428E-1 1.6302E-1 6.6247E-1 2.86626E-1 2.73684E-1 4.82547E-1 3.89552E-1 3.51392E-1 2.12409E-1 3.43599E-1 2.32543E-1
3.11388E-1 3.23519E-1 2.88022E-1 3.64027E-1 6.51197E-1 5.0185E-1 6.10223E-1 6.0003E-1 2.95948E-1 2.19594E-1 2.04624E-1 2.71944E-1 3.39714E-1 2.00873E-1 3.00328E-1 1.53087E-1 2.44022E-1 2.48229E-1 2.42411E-1 2.28578E-1 2.3405E-1 3.77372E-1 3.75466E-1 1.9027E-1 1.38693E-1 2.34553E-1 1.41503E-1 1.63537E-1 2.63602E-1 1.6614E-1 3.6641E-1 4.76312E-1 4.69564E-1 4.87034E-1 5.10857E-1 5.40274E-1 4.9097E-1 3.39458E-1 3.41605E-1 1.50045E-1 1.38843E-1 1.77646E-1 2.1524E-1 1.88773E-1 1.49809E-1 1.99368E-1 2.00293E-1 1.48312E-1 1.33627E-1 2.44093E-1 3.47815E-1 7.55865E-1 5.66554E-1 5.67091E-1 3.30619E-1 2.60613E-1 3.7444E-1 2.72796E-1 4.57168E-1
3.16099E-1 3.39438E-1 3.08035E-1 3.37352E-1 6.42042E-1 3.2072E-1 4.23649E-1 3.59791E-1 2.95429E-1 2.33487E-1 2.19698E-1 2.82282E-1 2.13282E-1 1.73816E-1 1.63898E-1 1.60528E-1 1.85319E-1 1.76335E-1 1.7053E-1 1.71813E-1 1.75574E-1 1.84056E-1 2.51511E-1 3.63655E-1 3.429E-1 1.4108E-1 1.95214E-1 1.69631E-1 1.64249E-1 2.78507E-1 3.07825E-1 1.85861E-1 3.27123E-1 2.68668E-1 2.52954E-1 2.30146E-1 2.94258E-1 4.95927E-1 5.76274E-1 2.43281E-1 1.6634E-1 2.61163E-1 3.2707E-1 2.69449E-1 1.85236E-1 1.48872E-1 1.65247E-1 1.69784E-1 2.12957E-1 1.85174E-1 2.8784E-1 3.25441E-1 7.12599E-1 4.06525E-1 3.30599E-1 2.81613E-1 2.81371E-1 4.79293E-1 2.77162E-1
3.81149E-1 3.64594E-1 3.20945E-1 3.17827E-1 6.54393E-1 3.42709E-1 3.21738E-1 2.53243E-1 2.12771E-1 2.15352E-1 3.24713E-1 3.04289E-1 1.42449E-1 1.2356E-1 1.1589E-1 1.0682E-1 1.35938E-1 1.32595E-1 1.36118E-1 1.44926E-1 1.47235E-1 1.44548E-1 1.97093E-1 1.2037E-1 2.7691E-1 3.77645E-1 1.91336E-1 1.9352E-1 1.19952E-1 1.61117E-1 2.9039E-1 1.71776E-1 2.4999E-1 1.94553E-1 2.76896E-1 3.44395E-1 2.60234E-1 2.08877E-1 2.44975E-1 5.44001E-1 3.69966E-1 3.47251E-1 1.96364E-1 1.91241E-1 2.07795E-1 1.459E-1 1.59664E-1 2.49711E-1 2.636E-1 1.635E-1 1.85389E-1 2.35908E-1 2.67998E-1 6.70875E-1 5.19245E-1 4.88815E-1 4.82135E-1 3.1322E-1 4.9857E-1
3.11785E-1 3.23422E-1 3.15316E-1 3.45074E-1 6.79393E-1 3.22488E-1 2.95722E-1 3.22485E-1 2.46517E-1 3.46338E-1 2.51298E-1 1.6799E-1 2.46963E-1 2.11823E-1 1.75884E-1 1.35798E-1 1.38745E-1 1.33472E-1 1.31903E-1 1.33727E-1 1.36917E-1 1.28539E-1 1.90305E-1 1.20287E-1 1.82193E-1 2.41169E-1 3.0877E-1 2.5477E-1 1.75458E-1 1.57982E-1 2.64321E-1 1.83813E-1 1.71428E-1 2.17758E-1 3.03446E-1 4.0166E-1 2.45697E-1 2.78489E-1 2.82106E-1 2.81427E-1 6.09277E-1 3.33975E-1 2.84306E-1 2.16499E-1 2.72998E-1 2.03763E-1 2.68724E-1 1.85045E-1 2.48444E-1 1.98543E-1 1.49381E-1 1.41881E-1 1.68332E-1 6.04149E-1 6.17815E-1 3.04272E-1 3.40169E-1 5.14453E-1 3.78832E-1
3.11551E-1 3.45652E-1 3.1719E-1 3.43597E-1 6.57676E-1 5.72329E-1 3.38908E-1 2.92245E-1 3.59313E-1 3.14965E-1 2.97582E-1 2.9096E-1 2.77351E-1 2.41934E-1 2.05373E-1 1.82998E-1 1.46659E-1 1.4661E-1 1.67955E-1 2.79428E-1 2.59063E-1 2.32346E-1 1.82317E-1 2.05451E-1 1.80293E-1 1.69195E-1 2.05631E-1 2.39721E-1 3.29359E-1 1.38909E-1 1.84979E-1 2.83376E-1 2.76811E-1 2.03843E-1 1.59738E-1 1.62655E-1 5.47957E-1 2.3232E-1 2.4227E-1 2.90529E-1 3.03428E-1 5.39519E-1 2.22021E-1 2.74371E-1 3.20197E-1 2.80633E-1 3.0114E-1 2.12847E-1 1.60843E-1 1.96252E-1 1.94309E-1 1.87275E-1 1.61084E-1 6.04084E-1 3.80379E-1 6.06171E-1 5.2711E-1 2.83441E-1 2.79835E-1
4.65964E-1 3.22275E-1 3.32795E-1 4.30213E-1 6.2213E-1 3.01186E-1 5.84218E-1 5.71454E-1 4.5865E-1 1.6634E-1 1.68862E-1 1.82849E-1 1.70362E-1 1.42823E-1 1.34443E-1 1.40732E-1 1.44526E-1 2.08727E-1 1.70225E-1 1.90544E-1 1.82074E-1 2.3464E-1 2.39417E-1 1.91E-1 1.78589E-1 2.30216E-1 1.54227E-1 2.82835E-1 3.22103E-1 1.40901E-1 1.85394E-1 3.09981E-1 2.4653E-1 2.93246E-1 2.27564E-1 1.64931E-1 4.84824E-1 5.49944E-1 5.60212E-1 5.87921E-1 6.0214E-1 3.25664E-1 2.41258E-1 2.93801E-1 3.56899E-1 3.31258E-1 3.57907E-1 2.87033E-1 2.07742E-1 1.73508E-1 1.3584E-1 1.43524E-1 3.95907E-1 6.44391E-1 4.33835E-1 6.28474E-1 3.73719E-1 3.41764E-1 2.86365E-1
3.58943E-1 3.27777E-1 3.59347E-1 4.35425E-1 6.17172E-1 2.98106E-1 3.04469E-1 5.41834E-1 4.67204E-1 2.83639E-1 1.99131E-1 1.96035E-1 3.83214E-1 3.74025E-1 3.59805E-1 3.68003E-1 4.04969E-1 4.29618E-1 3.83104E-1 1.50637E-1 2.27922E-1 1.57196E-1 2.12593E-1 2.50655E-1 1.76713E-1 1.86037E-1 3.13715E-1 1.52655E-1 2.27442E-1 3.03267E-1 3.32455E-1 3.78858E-1 4.58854E-1 4.61932E-1 2.57464E-1 4.85922E-1 2.11261E-1 2.99517E-1 3.56311E-1 2.79307E-1 5.74503E-1 3.78316E-1 2.59063E-1 2.65447E-1 3.73689E-1 4.0257E-1 2.39679E-1 3.31532E-1 2.36734E-1 3.06997E-1 2.12552E-1 1.76025E-1 4.19163E-1 5.9095E-1 7.60878E-1 6.73483E-1 3.69685E-1 3.1547E-1 3.17023E-1
1.96937E-1 3.35424E-1 3.40191E-1 3.45742E-1 6.28525E-1 3.05506E-1 3.48488E-1 5.51485E-1 3.04773E-1 4.69895E-1 4.20518E-1 3.89647E-1 1.59249E-1 2.57222E-1 1.79798E-1 1.35602E-1 1.72772E-1 2.0188E-1 2.63905E-1 3.92183E-1 1.49509E-1 2.06086E-1 1.7544E-1 1.80583E-1 2.08215E-1 2.55983E-1 1.88929E-1 2.72368E-1 1.28885E-1 1.77045E-1 1.32487E-1 3.24362E-1 2.08022E-1 2.75945E-1 5.26667E-1 1.71096E-1 1.42843E-1 2.13874E-1 1.75489E-1 2.53188E-1 3.46334E-1 5.88921E-1 3.37555E-1 3.9129E-1 4.65089E-1 2.89941E-1 2.83655E-1 2.94781E-1 2.34772E-1 2.43414E-1 3.96231E-1 3.28E-1 4.7236E-1 6.41564E-1 7.43128E-1 3.38595E-1 5.76162E-1 4.78809E-1 3.42038E-1
1.84465E-1 2.60881E-1 2.11836E-1 2.28629E-1 3.4914E-1 6.25831E-1 3.29398E-1 3.26557E-1 5.43684E-1 2.89386E-1 3.64319E-1 3.19809E-1 2.99587E-1 2.58102E-1 2.09402E-1 1.88594E-1 1.60784E-1 2.43726E-1 2.77094E-1 2.50229E-1 4.10386E-1 3.68187E-1 2.2945E-1 1.36086E-1 2.04435E-1 1.9723E-1 1.63273E-1 1.92644E-1 1.58441E-1 2.02442E-1 2.34007E-1 2.10526E-1 1.77564E-1 3.55542E-1 5.07292E-1 1.98793E-1 2.16939E-1 1.4514E-1 1.92726E-1 3.04397E-1 2.52459E-1 3.31993E-1 6.14177E-1 4.91985E-1 4.29864E-1 2.58188E-1 2.58888E-1 2.41519E-1 3.09305E-1 3.41135E-1 4.40148E-1 4.04118E-1 5.78165E-1 5.68156E-1 5.03687E-1 6.25855E-1 2.33206E-1 4.72529E-1 5.0171E-1
2.20277E-1 2.03098E-1 1.9535E-1 1.68496E-1 3.21561E-1 6.0762E-1 4.28636E-1 3.04874E-1 2.85235E-1 4.20502E-1 3.98992E-1 3.95743E-1 4.07259E-1 4.13967E-1 1.46954E-1 1.44322E-1 2.21891E-1 1.48775E-1 1.87123E-1 2.38921E-1 1.62565E-1 2.08044E-1 3.16479E-1 2.81391E-1 1.56729E-1 1.99167E-1 2.04905E-1 2.67637E-1 2.99809E-1 1.46481E-1 1.54752E-1 1.49822E-1 2.74233E-1 1.70827E-1 5.37047E-1 2.57302E-1 2.4172E-1 1.92687E-1 1.92543E-1 2.07602E-1 2.85586E-1 2.60457E-1 3.16324E-1 6.75161E-1 3.02718E-1 2.7698E-1 3.0407E-1 3.40918E-1 2.93701E-1 3.44119E-1 4.11676E-1 5.86257E-1 3.97444E-1 5.37256E-1 4.78809E-1 5.72167E-1 1.51165E-1 1.46554E-1 1.98293E-1
2.25406E-1 1.61487E-1 3.22022E-1 2.37161E-1 2.9911E-1 5.61693E-1 3.08006E-1 4.18904E-1 1.95897E-1 1.38594E-1 1.26723E-1 1.20168E-1 1.17021E-1 1.62798E-1 4.04116E-1 4.4282E-1 1.6507E-1 2.71317E-1 2.12783E-1 1.42626E-1 1.6853E-1 1.90678E-1 1.75132E-1 2.30032E-1 2.10233E-1 2.14123E-1 1.70503E-1 2.23669E-1 2.77004E-1 2.55498E-1 1.51079E-1 1.51396E-1 1.44868E-1 1.67624E-1 3.14833E-1 4.98182E-1 2.31669E-1 3.1501E-1 1.62244E-1 1.84439E-1 2.42916E-1 3.30225E-1 3.60754E-1 4.31068E-1 6.81548E-1 3.43791E-1 4.10062E-1 3.62803E-1 4.32106E-1 4.55089E-1 4.92727E-1 3.74521E-1 4.52994E-1 4.99478E-1 4.26629E-1 5.63146E-1 1.46862E-1 2.1578E-1 1.42117E-1
2.12456E-1 1.92027E-1 2.00374E-1 2.16378E-1 1.51389E-1 3.04113E-1 6.2079E-1 3.08013E-1 3.3854E-1 1.41532E-1 1.32492E-1 1.46261E-1 1.66748E-1 1.46108E-1 1.25938E-1 1.68679E-1 3.92563E-1 4.08152E-1 4.43572E-1 2.4532E-1 1.26392E-1 1.59023E-1 2.65979E-1 2.57387E-1 3.04948E-1 2.60225E-1 3.09347E-1 1.8237E-1 1.82734E-1 2.78485E-1 3.34624E-1 1.57053E-1 1.19076E-1 1.17488E-1 2.83041E-1 2.0511E-1 5.63754E-1 2.1087E-1 2.15391E-1 1.37443E-1 2.14056E-1 2.77901E-1 3.14469E-1 3.75685E-1 7.16713E-1 3.46266E-1 3.83035E-1 3.53883E-1 3.21038E-1 3.23362E-1 3.78444E-1 3.68899E-1 3.42141E-1 4.68231E-1 4.14761E-1 5.8831E-1 2.33374E-1 1.38464E-1 3.15814E-1
2.04718E-1 1.7509E-1 1.62907E-1 1.85797E-1 1.44163E-1 2.49022E-1 2.33238E-1 6.05092E-1 2.58092E-1 3.13043E-1 2.85067E-1 2.48725E-1 1.86863E-1 1.2042E-1 1.72732E-1 1.56017E-1 1.69416E-1 1.62372E-1 1.68644E-1 3.97421E-1 3.78909E-1 1.33619E-1 1.52087E-1 3.12929E-1 1.75254E-1 3.26132E-1 2.54049E-1 3.64877E-1 2.5183E-1 2.69561E-1 1.77638E-1 1.91909E-1 1.57319E-1 1.94764E-1 1.78514E-1 2.40192E-1 4.88575E-1 2.42508E-1 1.97413E-1 1.60973E-1 1.99748E-1 1.36413E-1 2.62948E-1 3.29618E-1 5.83051E-1 3.55815E-1 3.50051E-1 3.26974E-1 3.56584E-1 3.70411E-1 3.49904E-1 3.41325E-1 3.31021E-1 4.37954E-1 7.18386E-1 4.19428E-1 5.04711E-1 1.97575E-1 1.42391E-1
2.31616E-1 1.98614E-1 1.9242E-1 2.49849E-1 1.73204E-1 1.43955E-1 3.20503E-1 4.39486E-1 5.89348E-1 2.85897E-1 1.90075E-1 1.80906E-1 1.40302E-1 1.83413E-1 1.21143E-1 1.57166E-1 1.99979E-1 1.54528E-1 1.24146E-1 1.53584E-1 1.84964E-1 4.64917E-1 2.09264E-1 1.44955E-1 3.1454E-1 1.68116E-1 3.02612E-1 1.85613E-1 4.19333E-1 2.20538E-1 3.01799E-1 1.78074E-1 2.18201E-1 1.69076E-1 1.74316E-1 1.31907E-1 2.98043E-1 4.85685E-1 1.70184E-1 2.21131E-1 1.38286E-1 1.89536E-1 1.26519E-1 2.32497E-1 2.77174E-1 5.42322E-1 6.29966E-1 3.83897E-1 3.26557E-1 3.33001E-1 3.4947E-1 3.88665E-1 3.35845E-1 3.97881E-1 7.03561E-1 3.78152E-1 6.18392E-1 3.02781E-1 2.15907E-1
2.93973E-1 1.73477E-1 1.44547E-1 2.14559E-1 2.02061E-1 2.25016E-1 2.92919E-1 3.69607E-1 2.96808E-1 5.63375E-1 3.45911E-1 3.13535E-1 2.60045E-1 1.21169E-1 1.4822E-1 1.20763E-1 1.31061E-1 1.34655E-1 1.90151E-1 1.4847E-1 1.17467E-1 1.21764E-1 4.32632E-1 1.93244E-1 1.48578E-1 2.79679E-1 1.69726E-1 2.21353E-1 1.91525E-1 4.00667E-1 4.55215E-1 2.88027E-1 2.12051E-1 2.83237E-1 1.56594E-1 2.10579E-1 1.2527E-1 2.46137E-1 4.70233E-1 1.71826E-1 2.19694E-1 1.33663E-1 1.93145E-1 1.23843E-1 1.87847E-1 2.22427E-1 1.58759E-1 5.67287E-1 7.07122E-1 6.82085E-1 6.79177E-1 3.69543E-1 3.68164E-1 3.56503E-1 7.0412E-1 3.61823E-1 3.52047E-1 5.61616E-1 2.83523E-1
1.31411E-1 2.79019E-1 2.58081E-1 2.0486E-1 1.57298E-1 1.3606E-1 1.76293E-1 3.1502E-1 1.82866E-1 1.88969E-1 5.0559E-1 5.4885E-1 5.088E-1 4.56682E-1 1.52844E-1 1.09372E-1 1.74221E-1 1.43155E-1 1.12165E-1 1.30369E-1 2.67934E-1 1.22106E-1 1.62864E-1 4.01118E-1 3.61177E-1 1.42968E-1 1.55928E-1 2.48154E-1 1.98135E-1 2.1046E-1 1.70147E-1 4.1689E-1 3.66786E-1 2.0712E-1 1.94597E-1 1.30542E-1 1.12282E-1 1.29422E-1 2.14419E-1 4.49214E-1 1.62076E-1 2.45209E-1 1.45132E-1 1.7718E-1 1.19222E-1 1.48466E-1 1.54068E-1 2.79184E-1 3.32855E-1 4.33835E-1 5.6185E-1 6.59279E-1 3.58483E-1 6.68629E-1 4.20052E-1 3.31382E-1 3.35923E-1 3.54351E-1 4.99101E-1
1.23262E-1 1.27207E-1 1.27433E-1 1.55516E-1 1.95879E-1 1.58E-1 1.73279E-1 2.82249E-1 1.11877E-1 1.13994E-1 1.29047E-1 4.52993E-1 3.56512E-1 1.83079E-1 4.76496E-1 4.70558E-1 4.5271E-1 1.51611E-1 1.35586E-1 1.34779E-1 1.13624E-1 2.48114E-1 1.28485E-1 1.58405E-1 2.06518E-1 4.24439E-1 2.99474E-1 2.71506E-1 1.99123E-1 2.64585E-1 1.7073E-1 1.89934E-1 4.3684E-1 3.42693E-1 1.97268E-1 2.05665E-1 1.24196E-1 1.84799E-1 2.74011E-1 5.02713E-1 1.60248E-1 1.6353E-1 2.3775E-1 1.88003E-1 1.36825E-1 1.15698E-1 1.05607E-1 1.49566E-1 2.50758E-1 3.07795E-1 3.9524E-1 5.1641E-1 7.30876E-1 5.16811E-1 3.29359E-1 3.64207E-1 3.44664E-1 3.75934E-1 5.83664E-1
2.01607E-1 1.61378E-1 1.4148E-1 1.76612E-1 2.27798E-1 2.36694E-1 2.81637E-1 2.08501E-1 1.28746E-1 1.20904E-1 1.7716E-1 4.27413E-1 1.62507E-1 3.2191E-1 1.38648E-1 1.27376E-1 1.75687E-1 4.7312E-1 4.67916E-1 1.46274E-1 1.3286E-1 1.11836E-1 2.14215E-1 1.41742E-1 1.19349E-1 1.91913E-1 3.18216E-1 3.62357E-1 2.75502E-1 2.24771E-1 2.08362E-1 2.56549E-1 2.04156E-1 4.80372E-1 2.20121E-1 1.5419E-1 1.6926E-1 1.15131E-1 4.07817E-1 3.51855E-1 2.59072E-1 2.14939E-1 1.77849E-1 1.26726E-1 1.50447E-1 2.79437E-1 1.2022E-1 1.05288E-1 1.53508E-1 2.13371E-1 2.96218E-1 3.73391E-1 3.21361E-1 4.30977E-1 3.47745E-1 3.46601E-1 3.54116E-1 3.5256E-1 5.96222E-1
1.59604E-1 1.36671E-1 1.25311E-1 1.96579E-1 1.89144E-1 1.97577E-1 3.22753E-1 1.88691E-1 2.19743E-1 1.83661E-1 2.79229E-1 3.03769E-1 4.0851E-1 1.57776E-1 3.14825E-1 2.02809E-1 1.27377E-1 1.12996E-1 1.56998E-1 5.13644E-1 2.00579E-1 1.33368E-1 1.11275E-1 1.59216E-1 2.29423E-1 1.46114E-1 1.37379E-1 1.37196E-1 3.0704E-1 1.82461E-1 1.94335E-1 1.52707E-1 2.83304E-1 3.33986E-1 4.80746E-1 1.63378E-1 2.05757E-1 1.32699E-1 3.93858E-1 2.84E-1 2.35119E-1 1.80317E-1 2.921E-1 1.64292E-1 1.72159E-1 1.13494E-1 1.63138E-1 1.45372E-1 1.18899E-1 1.11093E-1 1.96043E-1 2.55726E-1 3.43781E-1 2.7549E-1 3.17458E-1 3.05793E-1 3.68058E-1 3.29595E-1 5.86083E-1
1.50958E-1 1.54731E-1 3.15009E-1 2.97641E-1 1.23516E-1 1.5597E-1 2.82174E-1 2.48661E-1 2.46812E-1 3.70689E-1 1.68426E-1 1.98512E-1 4.04334E-1 1.40911E-1 2.81084E-1 2.33065E-1 2.51353E-1 1.94871E-1 1.31704E-1 1.54269E-1 4.95684E-1 1.57017E-1 1.36185E-1 1.06712E-1 1.25278E-1 1.50003E-1 1.95076E-1 2.6507E-1 1.68969E-1 3.24774E-1 2.95528E-1 1.67009E-1 1.91074E-1 1.93235E-1 2.83198E-1 4.78704E-1 4.11104E-1 2.63433E-1 3.96557E-1 1.99158E-1 1.50186E-1 2.36256E-1 3.8293E-1 4.70613E-1 3.80883E-1 1.20016E-1 1.54132E-1 1.38623E-1 2.26127E-1 1.46456E-1 1.21107E-1 1.81105E-1 1.91628E-1 3.45114E-1 2.75172E-1 3.4696E-1 3.88601E-1 3.37219E-1 5.9826E-1
1.42455E-1 3.1783E-1 1.46001E-1 1.50518E-1 1.94978E-1 1.3436E-1 2.20198E-1 2.80625E-1 2.87623E-1 2.90848E-1 1.54469E-1 1.37381E-1 4.11293E-1 1.64056E-1 1.46198E-1 1.59717E-1 2.86608E-1 2.55749E-1 2.86406E-1 1.49581E-1 1.59127E-1 4.73018E-1 4.43184E-1 1.4866E-1 1.41827E-1 1.15243E-1 1.79497E-1 1.67052E-1 2.52054E-1 2.94401E-1 2.61517E-1 1.70437E-1 2.35785E-1 2.71631E-1 1.77072E-1 2.87592E-1 3.31455E-1 4.32877E-1 2.75238E-1 1.35733E-1 1.24321E-1 2.7401E-1 3.15109E-1 1.56836E-1 2.26101E-1 4.25321E-1 2.31615E-1 1.739E-1 1.76508E-1 1.85389E-1 1.60307E-1 1.23081E-1 2.63171E-1 2.20647E-1 3.09381E-1 2.14213E-1 3.05338E-1 5.08372E-1 3.47112E-1
3.31505E-1 2.43928E-1 1.81237E-1 1.45022E-1 1.25468E-1 1.56474E-1 1.36251E-1 1.95244E-1 2.3852E-1 2.02562E-1 2.34868E-1 2.12249E-1 1.53645E-1 4.64086E-1 1.83651E-1 1.92736E-1 2.73817E-1 2.81427E-1 2.64787E-1 2.67808E-1 1.65239E-1 1.66887E-1 2.15118E-1 4.99146E-1 4.65001E-1 2.75224E-1 1.81913E-1 2.00446E-1 2.28205E-1 2.768E-1 1.79765E-1 2.8294E-1 3.55098E-1 2.64597E-1 2.3035E-1 2.563E-1 2.45325E-1 3.95681E-1 1.83938E-1 2.30037E-1 2.26766E-1 1.21401E-1 2.30893E-1 1.46637E-1 2.61681E-1 3.06594E-1 4.20454E-1 4.44474E-1 1.61563E-1 2.161E-1 2.06514E-1 1.31111E-1 1.21158E-1 2.18257E-1 2.61178E-1 2.24553E-1 2.26902E-1 4.83686E-1 3.64594E-1
2.99161E-1 1.45866E-1 1.44959E-1 1.85947E-1 3.23892E-1 3.0813E-1 3.0619E-1 3.31425E-1 3.6624E-1 2.5381E-1 2.04661E-1 2.55586E-1 2.50169E-1 3.22518E-1 4.52121E-1 1.9522E-1 2.11904E-1 2.36511E-1 2.68036E-1 2.71092E-1 2.12503E-1 2.65829E-1 1.53098E-1 1.36776E-1 1.88625E-1 4.82414E-1 2.45081E-1 1.38214E-1 1.33083E-1 1.38231E-1 1.45795E-1 3.37998E-1 2.10157E-1 2.05704E-1 2.92636E-1 1.9146E-1 1.55574E-1 1.57189E-1 3.87721E-1 1.72793E-1 1.39048E-1 1.20424E-1 1.76836E-1 2.37113E-1 2.09654E-1 1.37211E-1 1.41879E-1 1.90593E-1 4.99783E-1 1.51486E-1 1.29163E-1 2.41602E-1 1.35766E-1 1.26778E-1 2.74668E-1 3.07798E-1 3.48452E-1 4.56584E-1 3.61419E-1
