noFCS/flood_noFCS.asc
ncols         319
nrows         495
xllcorner     219017.22331753
yllcorner     4610852.5305323
cellsize      500.0
NODATA_value  -9999
[rows 338 to 363 of 495, columns 177 to 235 of 319]
3.13151E-1 2.28368E-1 1.9713E-1 1.67174E-1 3.26659E-1 1.73221E-1 2.78584E-1 2.30959E-1 1.38291E-1 1.59736E-1 1.89346E-1 3.07761E-1 2.43058E-1 1.24498E-1 1.45367E-1 2.7636E-1 3.04376E-1 4.45368E-1 2.65638E-1 2.62276E-1 1.9075E-1 1.52193E-1 3.39542E-1 4.04165E-1 3.56614E-1 1.98123E-1 1.77137E-1 1.77072E-1 3.27615E-1 1.66765E-1 4.13375E-1 2.59695E-1 5.67124E-1 1.99453E-1 1.37391E-1 2.26227E-1 1.34147E-1 6.32974E-1 2.44326E-1 1.76876E-1 1.54523E-1 2.8642E-1 3.46101E-1 2.18802E-1 2.36752E-1 2.7712E-1 3.26886E-1 3.38697E-1 3.47014E-1 2.31324E-1 2.76379E-1 6.82369E-1 2.23765E-1 1.40288E-1 1.55399E-1 4.63969E-1 3.61235E-1 1.4298E-1 1.63582E-1
2.1829E-1 4.03196E-1 3.78067E-1 3.36465E-1 1.8321E-1 2.79877E-1 1.41176E-1 1.56286E-1 2.66882E-1 1.57249E-1 2.7328E-1 3.20823E-1 1.64478E-1 1.40552E-1 1.44555E-1 1.90359E-1 2.73074E-1 3.93974E-1 1.93114E-1 2.93318E-1 2.37064E-1 1.78623E-1 1.57097E-1 1.95494E-1 2.4723E-1 1.84387E-1 1.62663E-1 2.78094E-1 3.31119E-1 4.01209E-1 2.20937E-1 2.20124E-1 5.14902E-1 1.7963E-1 1.89813E-1 2.17914E-1 1.48988E-1 2.60225E-1 6.17042E-1 2.79394E-1 2.696E-1 1.89605E-1 2.34227E-1 2.37319E-1 2.51549E-1 2.88911E-1 2.98106E-1 3.25896E-1 2.81893E-1 1.74478E-1 2.20273E-1 2.83027E-1 6.72706E-1 4.59588E-1 4.75897E-1 2.79057E-1 4.97438E-1 4.52258E-1 4.02701E-1
4.21645E-1 3.14194E-1 2.20447E-1 1.80009E-1 2.8958E-1 1.78815E-1 1.74569E-1 2.91115E-1 1.78916E-1 1.20112E-1 2.36584E-1 3.28136E-1 1.47477E-1 1.65883E-1 1.54216E-1 1.28782E-1 1.41776E-1 3.75625E-1 3.08349E-1 3.16151E-1 1.84942E-1 1.50975E-1 1.82672E-1 3.18865E-1 2.02472E-1 2.73001E-1 1.7581E-1 1.88475E-1 3.01881E-1 1.98557E-1 1.95853E-1 2.07846E-1 5.18304E-1 3.69662E-1 2.05387E-1 1.61638E-1 2.0931E-1 1.32474E-1 2.74625E-1 5.78435E-1 1.36534E-1 1.78392E-1 2.89473E-1 2.08668E-1 3.4365E-1 3.07365E-1 3.17563E-1 2.60443E-1 2.22263E-1 2.5107E-1 2.13805E-1 1.36819E-1 3.84251E-1 6.83551E-1 2.34608E-1 1.63967E-1 1.63745E-1 2.31404E-1 4.36716E-1
4.7214E-1 2.55819E-1 4.41778E-1 4.32769E-1 4.15113E-1 3.96952E-1 2.96268E-1 1.32652E-1 1.30047E-1 1.55242E-1 1.65337E-1 3.19427E-1 1.46315E-1 1.80768E-1 1.67186E-1 2.40202E-1 2.74025E-1 1.94367E-1 2.95669E-1 3.19553E-1 2.81482E-1 2.03487E-1 1.87788E-1 1.55208E-1 1.9242E-1 2.19484E-1 2.79128E-1 1.68463E-1 2.53654E-1 1.79155E-1 2.13248E-1 4.023E-1 2.78268E-1 4.67196E-1 3.06979E-1 1.59645E-1 2.09699E-1 1.57508E-1 2.04944E-1 6.44138E-1 1.43066E-1 2.85283E-1 1.6592E-1 3.34698E-1 2.76958E-1 2.21401E-1 3.20248E-1 2.84729E-1 3.19855E-1 2.472E-1 1.86853E-1 1.79698E-1 3.78799E-1 2.8895E-1 6.28787E-1 1.52214E-1 2.23324E-1 1.78968E-1 1.87221E-1
2.5715E-1 4.67594E-1 1.65006E-1 1.55642E-1 1.43533E-1 1.40113E-1 3.85882E-1 3.83945E-1 2.07592E-1 1.50997E-1 1.34952E-1 3.08465E-1 1.36955E-1 1.59807E-1 1.50673E-1 1.50621E-1 1.90096E-1 2.78341E-1 3.01585E-1 2.80276E-1 2.31059E-1 3.43889E-1 2.4821E-1 1.5241E-1 3.03077E-1 3.05468E-1 2.60873E-1 2.66623E-1 1.88816E-1 1.5884E-1 2.16301E-1 2.62832E-1 4.1381E-1 4.63691E-1 1.87453E-1 3.10135E-1 1.73754E-1 2.67043E-1 1.36971E-1 2.40805E-1 6.1934E-1 3.81314E-1 2.15853E-1 3.38136E-1 1.72732E-1 2.73251E-1 2.91389E-1 3.1554E-1 3.35923E-1 2.92696E-1 1.90527E-1 1.40014E-1 3.92382E-1 2.01853E-1 6.72879E-1 2.81785E-1 2.66615E-1 2.29141E-1 1.7631E-1
2.58344E-1 4.63631E-1 1.98868E-1 1.41873E-1 1.90069E-1 1.4457E-1 1.47419E-1 1.75041E-1 4.22E-1 1.70802E-1 1.29618E-1 3.08858E-1 1.2813E-1 1.79463E-1 1.55079E-1 1.5567E-1 1.35966E-1 1.7433E-1 3.08188E-1 3.27497E-1 2.22465E-1 3.80713E-1 1.92299E-1 3.1833E-1 2.69706E-1 1.74431E-1 2.11196E-1 1.94386E-1 1.68449E-1 2.82574E-1 3.05857E-1 4.03722E-1 2.47022E-1 4.79174E-1 1.95272E-1 2.25864E-1 2.46531E-1 2.86738E-1 1.55921E-1 2.00811E-1 5.91265E-1 1.44487E-1 3.75093E-1 3.48976E-1 3.42849E-1 4.07711E-1 3.63698E-1 3.09642E-1 2.76722E-1 2.2683E-1 2.33555E-1 3.85819E-1 2.09975E-1 1.62527E-1 6.63852E-1 1.36951E-1 1.69865E-1 2.41266E-1 2.27682E-1
2.80081E-1 4.86487E-1 2.98746E-1 2.63888E-1 1.64668E-1 1.31453E-1 2.48513E-1 1.96786E-1 3.40442E-1 3.86029E-1 4.0111E-1 4.0939E-1 1.80077E-1 2.71395E-1 2.62011E-1 2.49184E-1 2.79432E-1 3.22998E-1 2.53483E-1 3.66791E-1 2.5356E-1 2.75478E-1 4.07696E-1 1.46507E-1 1.42857E-1 2.55841E-1 3.1084E-1 2.31573E-1 2.48413E-1 1.44051E-1 2.20965E-1 3.54847E-1 2.74948E-1 3.13839E-1 4.39765E-1 1.98426E-1 1.87693E-1 2.12914E-1 1.63817E-1 3.05619E-1 5.75122E-1 1.45411E-1 2.76346E-1 2.25752E-1 2.08267E-1 2.53496E-1 2.3895E-1 2.13149E-1 2.72661E-1 1.7621E-1 4.13825E-1 1.71355E-1 1.46221E-1 1.35711E-1 6.75569E-1 1.35136E-1 1.91E-1 2.12335E-1 2.22239E-1
5.09646E-1 2.50422E-1 3.08131E-1 2.66793E-1 2.0045E-1 1.7352E-1 1.54204E-1 3.24561E-1 3.17779E-1 1.66272E-1 1.55114E-1 1.81958E-1 3.72195E-1 2.89428E-1 2.48979E-1 1.68982E-1 1.59759E-1 3.03875E-1 4.17253E-1 2.77383E-1 3.89373E-1 3.17689E-1 4.3051E-1 2.45361E-1 1.79262E-1 2.07996E-1 2.52029E-1 2.53938E-1 1.85596E-1 1.97583E-1 2.86919E-1 2.1067E-1 3.00761E-1 6.63718E-1 2.68874E-1 3.91725E-1 2.61794E-1 2.06951E-1 1.60719E-1 3.06182E-1 5.8086E-1 1.39506E-1 1.52744E-1 1.66459E-1 2.8866E-1 2.17426E-1 1.96917E-1 2.4883E-1 2.55315E-1 2.36689E-1 3.90633E-1 2.08063E-1 1.45985E-1 2.25277E-1 6.63568E-1 1.92792E-1 1.55312E-1 3.11004E-1 2.64182E-1
2.77628E-1 3.1967E-1 2.93564E-1 2.2389E-1 1.4027E-1 1.43432E-1 3.11508E-1 1.58698E-1 1.89483E-1 2.46092E-1 1.70156E-1 2.66119E-1 3.05688E-1 1.85988E-1 2.41567E-1 2.55892E-1 2.85323E-1 1.59234E-1 1.82673E-1 4.31739E-1 2.66911E-1 4.14137E-1 3.37068E-1 1.95402E-1 1.36115E-1 2.04378E-1 2.21285E-1 1.69763E-1 2.10969E-1 1.73842E-1 1.74066E-1 1.95751E-1 3.47855E-1 4.47522E-1 2.40771E-1 2.83123E-1 3.50035E-1 2.86153E-1 2.96676E-1 3.02552E-1 3.7244E-1 5.78438E-1 3.33283E-1 3.19539E-1 1.85701E-1 1.4289E-1 1.95205E-1 1.88872E-1 2.80287E-1 2.46713E-1 3.93476E-1 2.54781E-1 2.00712E-1 1.74837E-1 2.90452E-1 6.62554E-1 2.96459E-1 1.98568E-1 1.66069E-1
2.5498E-1 2.89243E-1 2.22582E-1 3.66239E-1 3.43242E-1 3.49105E-1 3.04578E-1 1.36867E-1 2.47629E-1 2.30187E-1 1.64028E-1 2.72203E-1 2.3148E-1 2.14594E-1 2.38439E-1 1.82245E-1 1.42123E-1 2.08952E-1 2.77865E-1 4.54673E-1 2.25742E-1 3.93622E-1 3.30967E-1 1.47659E-1 1.42974E-1 1.61499E-1 2.81523E-1 2.77979E-1 2.28076E-1 1.7425E-1 1.88288E-1 3.50263E-1 2.27769E-1 3.12213E-1 3.82352E-1 2.70377E-1 3.47274E-1 2.27798E-1 1.88934E-1 1.50887E-1 2.62369E-1 6.16668E-1 2.50169E-1 1.4046E-1 1.99318E-1 1.39259E-1 2.07629E-1 2.09321E-1 2.90388E-1 4.51456E-1 2.6334E-1 2.88305E-1 1.77022E-1 1.7863E-1 1.59957E-1 2.58574E-1 6.1487E-1 1.60321E-1 1.79215E-1
2.50143E-1 2.82773E-1 3.79708E-1 1.88248E-1 2.11988E-1 1.37447E-1 1.60078E-1 2.74857E-1 2.11944E-1 3.04017E-1 1.60982E-1 2.88254E-1 2.49105E-1 1.99495E-1 1.946E-1 2.23558E-1 2.02977E-1 1.33657E-1 1.45805E-1 2.41939E-1 4.23385E-1 4.31148E-1 4.99284E-1 2.01439E-1 1.37397E-1 1.59077E-1 3.76287E-1 1.82925E-1 2.48279E-1 2.35105E-1 3.79725E-1 2.46111E-1 2.90169E-1 2.53086E-1 2.23459E-1 3.35574E-1 2.46292E-1 3.21991E-1 2.38439E-1 1.5972E-1 1.9361E-1 6.15852E-1 1.34137E-1 1.89317E-1 1.34367E-1 1.56636E-1 2.39198E-1 2.00958E-1 2.94283E-1 2.49813E-1 3.90731E-1 2.44252E-1 2.38652E-1 1.65705E-1 1.65291E-1 1.23419E-1 6.66983E-1 1.53078E-1 1.79932E-1
5.92498E-1 4.87624E-1 3.50148E-1 3.31636E-1 3.0163E-1 2.51882E-1 1.55653E-1 1.92611E-1 3.13648E-1 3.46399E-1 2.4209E-1 2.06987E-1 2.79027E-1 1.51164E-1 1.88939E-1 1.80825E-1 1.37032E-1 1.37283E-1 2.06201E-1 2.81299E-1 2.03341E-1 1.839E-1 4.53277E-1 2.02358E-1 3.42031E-1 3.26913E-1 1.59817E-1 2.25742E-1 1.87921E-1 2.696E-1 3.14216E-1 3.35328E-1 2.94261E-1 2.26462E-1 1.89218E-1 3.25171E-1 2.42448E-1 2.82407E-1 2.60101E-1 1.90032E-1 2.18168E-1 6.81676E-1 1.34057E-1 1.40243E-1 1.30059E-1 1.35795E-1 2.71704E-1 1.76313E-1 1.62379E-1 1.97807E-1 3.6857E-1 2.70725E-1 1.93961E-1 2.05915E-1 1.30722E-1 1.64897E-1 6.34192E-1 1.43644E-1 1.27695E-1
2.08627E-1 2.56234E-1 1.77761E-1 1.69629E-1 1.74463E-1 1.60188E-1 2.29593E-1 1.71137E-1 1.74456E-1 3.1942E-1 2.04704E-1 1.69088E-1 1.76637E-1 2.74707E-1 1.41308E-1 2.6201E-1 1.80483E-1 1.38106E-1 2.48715E-1 2.07446E-1 2.34701E-1 1.72613E-1 1.73406E-1 4.98472E-1 2.21881E-1 1.81499E-1 1.83063E-1 2.53606E-1 1.67913E-1 1.94717E-1 2.0694E-1 2.13916E-1 2.89914E-1 2.78442E-1 2.42298E-1 2.42699E-1 2.78172E-1 3.58767E-1 2.44312E-1 2.18856E-1 1.58222E-1 3.17268E-1 5.71102E-1 1.32228E-1 1.89169E-1 1.55551E-1 1.57107E-1 2.2166E-1 1.7856E-1 2.50271E-1 2.44178E-1 2.28992E-1 1.55845E-1 1.70097E-1 1.90788E-1 2.95887E-1 1.31252E-1 6.058E-1 6.70893E-1
3.01982E-1 3.10965E-1 2.07543E-1 1.76954E-1 1.98585E-1 1.73783E-1 1.50522E-1 1.45506E-1 1.78945E-1 3.10154E-1 1.52324E-1 2.01393E-1 1.77597E-1 3.02801E-1 2.4003E-1 2.91517E-1 2.39701E-1 2.15978E-1 3.29305E-1 2.2378E-1 1.87488E-1 2.5496E-1 5.52483E-1 2.81421E-1 2.193E-1 1.62687E-1 2.66879E-1 2.13494E-1 2.49541E-1 3.13541E-1 3.89514E-1 3.3765E-1 2.08733E-1 2.49547E-1 2.74316E-1 2.88749E-1 2.85598E-1 2.74407E-1 2.9357E-1 2.78117E-1 2.13643E-1 2.86342E-1 3.04373E-1 6.10868E-1 2.8631E-1 1.51155E-1 1.37559E-1 2.31965E-1 1.67511E-1 2.85175E-1 2.16921E-1 1.74999E-1 1.56279E-1 1.79547E-1 1.16464E-1 2.57626E-1 1.1812E-1 1.69878E-1 1.17837E-1
2.34666E-1 2.25144E-1 2.93608E-1 1.75503E-1 2.7997E-1 2.65778E-1 1.52481E-1 1.61748E-1 3.44917E-1 2.47458E-1 1.66644E-1 2.19545E-1 1.69667E-1 3.13911E-1 2.20869E-1 2.52552E-1 3.36231E-1 3.17173E-1 2.05317E-1 2.23445E-1 2.08137E-1 4.66523E-1 1.91219E-1 1.4005E-1 1.72237E-1 2.38409E-1 2.79593E-1 2.22715E-1 2.19743E-1 4.48525E-1 2.51863E-1 3.63367E-1 3.38281E-1 2.60925E-1 3.02114E-1 2.39877E-1 2.93311E-1 2.15821E-1 1.96499E-1 3.287E-1 2.79718E-1 2.50422E-1 1.82262E-1 2.85024E-1 5.97941E-1 1.95444E-1 1.36056E-1 1.6111E-1 2.76229E-1 3.85076E-1 3.54185E-1 3.0687E-1 2.77432E-1 1.94549E-1 1.50476E-1 2.66695E-1 1.37078E-1 1.29732E-1 1.241E-1
4.31174E-1 4.01744E-1 2.84131E-1 1.8975E-1 2.61633E-1 3.323E-1 1.73739E-1 1.88936E-1 3.76439E-1 1.89395E-1 1.92649E-1 2.67642E-1 1.46221E-1 3.17646E-1 1.79856E-1 2.12632E-1 3.73926E-1 1.81855E-1 2.86979E-1 1.92941E-1 2.48081E-1 1.84409E-1 4.51656E-1 1.36295E-1 2.91949E-1 2.95382E-1 2.57626E-1 1.82789E-1 1.6432E-1 4.29886E-1 2.4956E-1 3.05095E-1 3.18245E-1 3.56033E-1 2.78282E-1 2.66515E-1 2.98116E-1 2.12249E-1 3.91622E-1 4.24256E-1 3.52409E-1 2.4535E-1 2.86142E-1 1.82977E-1 6.31715E-1 1.39009E-1 1.5062E-1 1.5611E-1 3.82528E-1 3.10386E-1 1.87581E-1 1.45744E-1 1.57391E-1 2.95676E-1 2.97486E-1 2.08785E-1 2.23691E-1 1.41879E-1 3.12844E-1
2.83936E-1 2.35639E-1 2.10748E-1 2.63491E-1 2.62586E-1 3.32023E-1 1.85248E-1 3.87929E-1 1.8452E-1 1.87189E-1 1.70431E-1 2.98078E-1 3.09429E-1 1.5358E-1 2.12249E-1 1.82845E-1 4.56552E-1 3.35398E-1 2.06451E-1 2.19452E-1 1.61588E-1 2.24023E-1 4.55869E-1 2.81383E-1 1.5666E-1 1.97234E-1 2.92057E-1 1.46293E-1 3.60793E-1 1.9367E-1 3.08283E-1 2.65805E-1 2.75794E-1 2.76967E-1 2.1478E-1 3.34742E-1 4.11467E-1 4.38797E-1 2.7465E-1 2.39237E-1 3.11551E-1 2.83147E-1 2.18083E-1 2.37676E-1 6.343E-1 2.36275E-1 1.61975E-1 3.91952E-1 2.41366E-1 1.50344E-1 2.97047E-1 2.19717E-1 1.51858E-1 2.17544E-1 1.9776E-1 2.15668E-1 1.62137E-1 3.3831E-1 1.96246E-1
3.29709E-1 2.69466E-1 2.31282E-1 2.86265E-1 3.24437E-1 4.15662E-1 4.05842E-1 2.04569E-1 2.00536E-1 2.32304E-1 2.32107E-1 1.77432E-1 3.5205E-1 4.18458E-1 4.4258E-1 5.47769E-1 2.27081E-1 2.00614E-1 2.85825E-1 1.77458E-1 2.66956E-1 4.83908E-1 1.52756E-1 1.52287E-1 1.53984E-1 2.4212E-1 1.67136E-1 1.80185E-1 3.92499E-1 3.14044E-1 1.91021E-1 2.11666E-1 3.21181E-1 2.60195E-1 1.91079E-1 4.06053E-1 2.82088E-1 2.85757E-1 2.38871E-1 3.08006E-1 2.67932E-1 2.77837E-1 3.07701E-1 3.29441E-1 6.19693E-1 3.92044E-1 4.07962E-1 3.21314E-1 1.46472E-1 1.41858E-1 1.35752E-1 1.74482E-1 1.37266E-1 1.90326E-1 1.58029E-1 2.45935E-1 3.19681E-1 1.81508E-1 1.36322E-1
2.90184E-1 2.08233E-1 2.19694E-1 2.7799E-1 2.18999E-1 1.99352E-1 4.50415E-1 1.86438E-1 2.3775E-1 2.75336E-1 1.94549E-1 4.68925E-1 3.93325E-1 1.8448E-1 2.18918E-1 2.76786E-1 2.09866E-1 1.86266E-1 1.70793E-1 1.99368E-1 4.81627E-1 1.45007E-1 1.91531E-1 2.47605E-1 1.9291E-1 1.69809E-1 1.4112E-1 2.41603E-1 4.80671E-1 2.2908E-1 3.37138E-1 3.3962E-1 2.09919E-1 2.38264E-1 1.88094E-1 4.16887E-1 4.05527E-1 4.19237E-1 3.3372E-1 2.81421E-1 2.6209E-1 3.07579E-1 1.90483E-1 2.44232E-1 5.8252E-1 1.36877E-1 1.45957E-1 1.63711E-1 2.96897E-1 2.61975E-1 1.66378E-1 1.35316E-1 2.05394E-1 1.65658E-1 1.4098E-1 2.37194E-1 1.69428E-1 1.72946E-1 1.32656E-1
2.31508E-1 2.10338E-1 2.96196E-1 2.2526E-1 2.19815E-1 1.74306E-1 4.2546E-1 2.6978E-1 3.02292E-1 6.01952E-1 6.71666E-1 5.82709E-1 1.77347E-1 1.75451E-1 1.88359E-1 2.7316E-1 2.46396E-1 2.46401E-1 5.18691E-1 4.7902E-1 1.52529E-1 1.89437E-1 2.4535E-1 3.17356E-1 1.60408E-1 1.64104E-1 1.99478E-1 2.50923E-1 2.89148E-1 4.59178E-1 2.33771E-1 2.40081E-1 2.77671E-1 1.74937E-1 1.87751E-1 5.2735E-1 2.34012E-1 3.55235E-1 3.4005E-1 2.76469E-1 2.54358E-1 3.22667E-1 1.89079E-1 5.90973E-1 2.14036E-1 1.37451E-1 2.66532E-1 3.30625E-1 1.72309E-1 1.4537E-1 1.60589E-1 1.44787E-1 1.83924E-1 1.40152E-1 2.28931E-1 2.44412E-1 1.41795E-1 1.62643E-1 1.14455E-1
3.83084E-1 3.38846E-1 2.48852E-1 2.83745E-1 1.79183E-1 2.38389E-1 4.54312E-1 5.85734E-1 5.77039E-1 2.25416E-1 2.19681E-1 2.94689E-1 5.72262E-1 5.61289E-1 6.23529E-1 5.54749E-1 5.48771E-1 4.71615E-1 1.75388E-1 1.82905E-1 1.99739E-1 2.03837E-1 3.33244E-1 1.91349E-1 1.72775E-1 1.65615E-1 3.17493E-1 2.09801E-1 4.27617E-1 2.07978E-1 1.74626E-1 2.91838E-1 2.08022E-1 4.67718E-1 5.10705E-1 2.48931E-1 3.66871E-1 2.33876E-1 2.58456E-1 3.38265E-1 3.03356E-1 2.45095E-1 1.81488E-1 1.66246E-1 6.06127E-1 1.79032E-1 1.83471E-1 3.62156E-1 1.62875E-1 2.18226E-1 1.60935E-1 1.62048E-1 1.62376E-1 2.52677E-1 2.90632E-1 3.71442E-1 2.0751E-1 1.47028E-1 1.15188E-1
2.69812E-1 1.97034E-1 2.59179E-1 2.05164E-1 1.86885E-1 3.19542E-1 6.382E-1 2.7964E-1 2.66259E-1 2.43256E-1 2.30305E-1 2.26622E-1 2.46611E-1 2.16021E-1 2.82375E-1 2.14352E-1 6.07569E-1 1.80894E-1 2.23588E-1 2.14329E-1 1.72718E-1 1.65569E-1 3.25787E-1 1.63175E-1 1.99096E-1 1.69706E-1 3.347E-1 2.01306E-1 4.14698E-1 2.73857E-1 5.08481E-1 5.26313E-1 4.58127E-1 2.25923E-1 2.18893E-1 3.04941E-1 2.21031E-1 3.75017E-1 3.32927E-1 2.59567E-1 1.95087E-1 2.55866E-1 1.83561E-1 2.29799E-1 6.52826E-1 3.27725E-1 3.24497E-1 2.09344E-1 3.0433E-1 2.19449E-1 1.69761E-1 1.64245E-1 1.97713E-1 2.2188E-1 1.90544E-1 1.45343E-1 3.8769E-1 1.45409E-1 1.80617E-1
2.09679E-1 2.93031E-1 2.52058E-1 2.05293E-1 2.83477E-1 6.26655E-1 3.18047E-1 2.39198E-1 2.39126E-1 2.937E-1 1.84499E-1 1.80604E-1 2.38536E-1 2.47926E-1 2.48613E-1 2.98101E-1 3.08283E-1 5.32705E-1 2.37371E-1 5.47016E-1 5.99446E-1 5.84999E-1 5.98511E-1 5.838E-1 5.87526E-1 5.42764E-1 2.23488E-1 5.23309E-1 5.22081E-1 4.90162E-1 2.2561E-1 2.31651E-1 3.11793E-1 2.62578E-1 2.65776E-1 2.37918E-1 2.05992E-1 3.14937E-1 2.02141E-1 3.03176E-1 1.69166E-1 1.59293E-1 1.55521E-1 1.81528E-1 5.71172E-1 3.0415E-1 2.80833E-1 2.0016E-1 1.93953E-1 1.62186E-1 1.28808E-1 1.44562E-1 2.57333E-1 1.42129E-1 1.29616E-1 1.097E-1 1.90998E-1 3.48392E-1 4.56662E-1
3.00131E-1 2.5359E-1 2.90247E-1 2.40862E-1 6.74887E-1 2.09222E-1 4.40201E-1 4.5303E-1 4.87545E-1 4.25181E-1 3.08722E-1 2.63426E-1 1.95274E-1 2.84502E-1 2.99773E-1 2.22239E-1 1.79482E-1 1.79407E-1 5.17715E-1 2.61458E-1 1.70319E-1 2.49137E-1 2.02661E-1 1.57663E-1 1.70314E-1 2.66812E-1 5.76531E-1 2.35979E-1 1.88465E-1 1.95189E-1 3.41933E-1 2.33636E-1 2.36382E-1 2.6119E-1 2.78241E-1 3.0544E-1 2.52103E-1 1.89993E-1 2.75149E-1 1.61077E-1 2.66856E-1 1.78794E-1 1.71805E-1 1.54169E-1 1.46637E-1 5.89004E-1 2.26703E-1 1.39657E-1 1.95944E-1 2.92438E-1 1.89791E-1 2.50729E-1 2.07804E-1 1.57E-1 1.49524E-1 1.17153E-1 1.03271E-1 1.23316E-1 3.34024E-1
2.6533E-1 2.66587E-1 2.99237E-1 2.6079E-1 5.88008E-1 2.28847E-1 1.60443E-1 1.46876E-1 1.94562E-1 4.36403E-1 2.85548E-1 1.8948E-1 2.01547E-1 2.5107E-1 1.79805E-1 1.86184E-1 2.28444E-1 2.94988E-1 1.99527E-1 2.02114E-1 2.63079E-1 2.27167E-1 2.16476E-1 2.75847E-1 2.19951E-1 1.76565E-1 5.34548E-1 1.81843E-1 2.7488E-1 3.50051E-1 2.77923E-1 3.04344E-1 2.37278E-1 2.25235E-1 3.42722E-1 2.92497E-1 2.32529E-1 1.59421E-1 1.60739E-1 1.68348E-1 1.67431E-1 2.29708E-1 1.83751E-1 1.72369E-1 1.41401E-1 2.17396E-1 5.91067E-1 1.4922E-1 3.07247E-1 2.12864E-1 1.87842E-1 3.05605E-1 1.64258E-1 1.15049E-1 1.28306E-1 1.71581E-1 1.37478E-1 1.86109E-1 3.04249E-1
2.09115E-1 2.6204E-1 3.46547E-1 6.27396E-1 2.77389E-1 1.78388E-1 1.9457E-1 1.98135E-1 1.45813E-1 1.35518E-1 4.20069E-1 5.06876E-1 2.01008E-1 2.00759E-1 4.23558E-1 4.35195E-1 4.2391E-1 2.79887E-1 1.78418E-1 2.08536E-1 2.48353E-1 2.65489E-1 2.75172E-1 2.73296E-1 2.71658E-1 2.80547E-1 5.61604E-1 2.02632E-1 2.27417E-1 2.69942E-1 2.96533E-1 2.92163E-1 2.80509E-1 4.42701E-1 3.97546E-1 2.02179E-1 1.64642E-1 2.52144E-1 2.53532E-1 2.54741E-1 1.77872E-1 2.00012E-1 2.41108E-1 2.78502E-1 2.86879E-1 3.13948E-1 6.24275E-1 3.10778E-1 2.18777E-1 1.7591E-1 3.26376E-1 1.81794E-1 1.27734E-1 1.57205E-1 1.17491E-1 1.79495E-1 1.12955E-1 1.61235E-1 2.7937E-1
