noFCS/flood_noFCS.asc
ncols         319
nrows         495
xllcorner     219017.22331753
yllcorner     4610852.5305323
cellsize      500.0
NODATA_value  -9999
[rows 286 to 311 of 495, columns 236 to 294 of 319]
3.22142E-1 2.23171E-1 2.04316E-1 2.35721E-1 1.77643E-1 1.73056E-1 3.60913E-1 1.87896E-1 1.99375E-1 3.92E-1 2.47883E-1 1.85145E-1 1.64915E-1 2.7488E-1 2.33374E-1 2.79383E-1 3.14632E-1 1.62443E-1 1.52283E-1 2.01716E-1 3.43357E-1 3.39859E-1 5.41194E-1 2.53459E-1 1.78984E-1 2.66277E-1 1.75184E-1 1.69839E-1 3.54179E-1 2.89541E-1 2.26962E-1 3.15863E-1 2.27286E-1 2.33282E-1 2.99641E-1 2.18827E-1 1.86903E-1 1.90441E-1 3.32453E-1 4.16969E-1 2.08954E-1 3.41547E-1 2.55281E-1 1.72149E-1 -9999 -9999 -9999 -9999 -9999 -9999 -9999 -9999 -9999 -9999 -9999 -9999 -9999 -9999 -9999
4.18558E-1 3.31887E-1 2.20811E-1 3.22808E-1 2.14424E-1 1.72923E-1 1.68152E-1 3.64476E-1 2.1788E-1 1.92748E-1 3.1042E-1 2.76104E-1 2.38755E-1 2.74338E-1 1.48238E-1 1.25761E-1 1.8785E-1 3.25894E-1 2.00618E-1 1.86606E-1 2.43862E-1 1.80412E-1 6.54992E-1 2.16903E-1 1.648E-1 1.70331E-1 2.06364E-1 2.84055E-1 1.83763E-1 3.61897E-1 1.55885E-1 2.20517E-1 3.72335E-1 2.4309E-1 2.7279E-1 2.22221E-1 2.8978E-1 3.5542E-1 2.24949E-1 3.82969E-1 3.42526E-1 2.89122E-1 1.90998E-1 1.58222E-1 1.83554E-1 -9999 -9999 -9999 -9999 -9999 -9999 -9999 -9999 -9999 -9999 -9999 -9999 -9999 -9999
3.91925E-1 2.39471E-1 3.56138E-1 3.10471E-1 2.05323E-1 1.77532E-1 2.06116E-1 3.43461E-1 2.83823E-1 2.35356E-1 1.86608E-1 2.04651E-1 1.4556E-1 2.60022E-1 1.435E-1 1.6216E-1 1.22371E-1 2.22367E-1 3.48907E-1 2.16863E-1 1.72434E-1 2.62765E-1 5.38914E-1 1.68631E-1 1.67804E-1 1.70571E-1 2.35548E-1 2.15118E-1 1.94153E-1 3.23459E-1 2.22941E-1 2.00511E-1 2.38481E-1 3.32721E-1 2.66014E-1 2.48994E-1 2.19694E-1 2.78842E-1 2.16189E-1 3.63351E-1 2.75331E-1 2.84246E-1 3.12704E-1 1.92E-1 1.75546E-1 -9999 -9999 -9999 -9999 -9999 -9999 -9999 -9999 -9999 -9999 -9999 -9999 -9999 -9999
3.60245E-1 3.48983E-1 3.13712E-1 3.05681E-1 2.26675E-1 1.6214E-1 2.75582E-1 3.1359E-1 1.62453E-1 1.95631E-1 3.28051E-1 2.17374E-1 1.48177E-1 1.88764E-1 1.28527E-1 1.639E-1 2.24895E-1 2.98846E-1 3.61647E-1 1.82891E-1 2.6938E-1 5.57057E-1 3.70899E-1 3.89412E-1 3.82982E-1 3.45043E-1 1.65734E-1 1.67746E-1 2.71622E-1 2.32727E-1 1.61337E-1 2.76087E-1 2.06829E-1 2.8566E-1 3.04745E-1 2.5139E-1 3.20958E-1 2.37907E-1 2.52273E-1 3.57287E-1 3.61419E-1 2.41635E-1 3.41612E-1 2.37697E-1 1.61355E-1 -9999 -9999 -9999 -9999 -9999 -9999 -9999 -9999 -9999 -9999 -9999 -9999 -9999 -9999
2.75505E-1 2.85871E-1 1.73413E-1 2.40171E-1 3.09938E-1 1.56149E-1 2.90388E-1 3.4106E-1 2.24651E-1 2.65725E-1 2.28854E-1 2.62342E-1 1.42319E-1 1.50254E-1 1.93879E-1 1.27214E-1 1.1682E-1 3.07333E-1 3.67451E-1 1.8968E-1 5.25938E-1 2.247E-1 1.51341E-1 1.5876E-1 2.44627E-1 1.73177E-1 3.34731E-1 2.13995E-1 1.92242E-1 2.15137E-1 2.25036E-1 1.72298E-1 2.88149E-1 2.04532E-1 2.49242E-1 3.47479E-1 2.73602E-1 2.81317E-1 2.65976E-1 2.40791E-1 2.49944E-1 2.69381E-1 3.72276E-1 1.75229E-1 2.05138E-1 -9999 -9999 -9999 -9999 -9999 -9999 -9999 -9999 -9999 -9999 -9999 -9999 -9999 -9999
2.4047E-1 2.17243E-1 2.10681E-1 3.58483E-1 3.27323E-1 2.11582E-1 1.99935E-1 2.34082E-1 1.76461E-1 1.95135E-1 1.64248E-1 2.89463E-1 1.35565E-1 1.33404E-1 1.20899E-1 2.12984E-1 1.60621E-1 3.26699E-1 5.28531E-1 5.38695E-1 2.96346E-1 1.9706E-1 1.92994E-1 3.04767E-1 2.28218E-1 2.10277E-1 2.3068E-1 3.06506E-1 2.14792E-1 2.1346E-1 1.76765E-1 1.87771E-1 1.96966E-1 3.37543E-1 2.04901E-1 2.34132E-1 3.04396E-1 1.63165E-1 1.85286E-1 2.74568E-1 2.0664E-1 2.67547E-1 3.83753E-1 2.42321E-1 2.56703E-1 -9999 -9999 -9999 -9999 -9999 -9999 -9999 -9999 -9999 -9999 -9999 -9999 -9999 -9999
5.35173E-1 2.81317E-1 2.00072E-1 2.36511E-1 2.871E-1 3.06279E-1 2.31268E-1 2.98014E-1 1.68738E-1 1.49447E-1 1.85057E-1 2.96859E-1 1.34815E-1 1.23662E-1 1.56533E-1 1.63554E-1 2.81158E-1 5.05088E-1 3.47963E-1 3.2927E-1 2.37621E-1 1.67957E-1 1.98378E-1 2.71297E-1 1.79017E-1 2.51264E-1 2.56901E-1 2.4475E-1 1.72417E-1 2.23568E-1 2.84847E-1 1.69486E-1 2.04394E-1 3.97039E-1 2.5286E-1 1.80117E-1 2.10413E-1 3.02463E-1 2.37978E-1 1.59825E-1 1.57966E-1 2.81107E-1 3.96317E-1 2.6969E-1 2.01703E-1 -9999 -9999 -9999 -9999 -9999 -9999 -9999 -9999 -9999 -9999 -9999 -9999 -9999 -9999
3.0465E-1 4.76335E-1 4.16695E-1 2.82495E-1 3.52289E-1 2.00922E-1 2.44731E-1 2.01689E-1 2.8144E-1 1.86763E-1 2.17348E-1 3.10321E-1 1.47835E-1 1.22828E-1 1.6253E-1 2.13406E-1 4.9265E-1 3.42918E-1 4.19822E-1 3.26119E-1 2.55831E-1 1.72754E-1 3.84282E-1 3.89054E-1 1.82722E-1 1.89702E-1 3.28771E-1 2.48403E-1 2.29096E-1 1.83164E-1 3.05259E-1 2.81005E-1 3.63716E-1 2.29096E-1 2.86127E-1 1.77917E-1 2.93774E-1 2.23577E-1 3.53929E-1 1.73504E-1 2.20193E-1 3.89528E-1 2.30332E-1 2.34731E-1 1.93709E-1 -9999 -9999 -9999 -9999 -9999 -9999 -9999 -9999 -9999 -9999 -9999 -9999 -9999 -9999
2.25194E-1 3.26767E-1 2.6293E-1 4.2868E-1 3.04294E-1 2.19804E-1 2.09661E-1 1.8864E-1 2.53573E-1 2.99465E-1 2.58538E-1 3.16464E-1 1.50174E-1 2.21795E-1 2.38264E-1 5.60379E-1 4.18084E-1 4.29554E-1 4.36852E-1 4.17496E-1 4.29983E-1 3.95072E-1 1.82095E-1 2.18662E-1 3.91537E-1 3.74723E-1 2.55362E-1 2.06073E-1 1.93873E-1 1.61421E-1 3.21402E-1 3.83986E-1 1.89166E-1 2.12259E-1 2.28622E-1 1.87928E-1 2.2977E-1 3.43428E-1 2.33013E-1 3.70133E-1 3.07902E-1 4.5882E-1 3.31012E-1 2.01346E-1 2.20419E-1 -9999 -9999 -9999 -9999 -9999 -9999 -9999 -9999 -9999 -9999 -9999 -9999 -9999 -9999
2.50757E-1 2.2834E-1 1.28735E-1 2.29471E-1 3.02728E-1 2.61856E-1 3.06615E-1 1.92035E-1 1.60291E-1 2.66151E-1 3.68585E-1 1.57878E-1 1.49108E-1 2.82319E-1 6.23237E-1 2.31916E-1 2.28318E-1 2.88657E-1 2.13976E-1 3.40721E-1 3.41653E-1 3.35425E-1 2.45972E-1 1.94252E-1 1.87299E-1 1.84419E-1 2.71195E-1 2.00586E-1 2.11022E-1 2.45427E-1 4.50838E-1 4.08838E-1 2.00209E-1 2.66172E-1 2.7531E-1 2.21892E-1 2.20235E-1 2.86351E-1 4.09601E-1 4.63693E-1 5.03777E-1 2.85467E-1 2.73663E-1 2.44363E-1 2.96976E-1 -9999 -9999 -9999 -9999 -9999 -9999 -9999 -9999 -9999 -9999 -9999 -9999 -9999 -9999
1.93767E-1 1.77431E-1 1.56467E-1 1.19811E-1 2.66164E-1 2.44911E-1 2.91614E-1 3.15171E-1 3.45807E-1 3.74435E-1 4.19295E-1 4.11269E-1 4.19212E-1 3.41078E-1 5.66929E-1 3.02197E-1 2.77855E-1 2.91892E-1 4.05589E-1 2.30302E-1 2.30938E-1 2.86035E-1 1.68823E-1 2.50709E-1 2.64889E-1 2.88798E-1 1.97112E-1 2.32521E-1 2.04805E-1 4.81932E-1 2.30814E-1 2.48951E-1 3.234E-1 3.03288E-1 3.36995E-1 2.46595E-1 1.76478E-1 2.60759E-1 4.77599E-1 3.37868E-1 4.86486E-1 3.37287E-1 2.68539E-1 3.33929E-1 2.95189E-1 -9999 -9999 -9999 -9999 -9999 -9999 -9999 -9999 -9999 -9999 -9999 -9999 -9999 -9999
1.42864E-1 1.3739E-1 1.12821E-1 2.60527E-1 1.2465E-1 1.5823E-1 2.12071E-1 2.79686E-1 1.59682E-1 1.54445E-1 1.56568E-1 1.31439E-1 1.36709E-1 4.61312E-1 5.34024E-1 4.887E-1 5.33822E-1 2.86621E-1 3.8761E-1 2.62479E-1 1.99509E-1 2.00365E-1 2.78053E-1 2.2361E-1 2.3977E-1 1.83704E-1 2.79535E-1 2.36277E-1 4.6781E-1 2.21913E-1 3.07464E-1 2.78318E-1 2.85737E-1 2.22357E-1 2.99957E-1 1.97426E-1 2.86615E-1 2.37661E-1 2.90921E-1 4.91043E-1 5.32681E-1 4.10568E-1 3.54732E-1 3.16203E-1 -9999 -9999 -9999 -9999 -9999 -9999 -9999 -9999 -9999 -9999 -9999 -9999 -9999 -9999 -9999
1.33131E-1 1.12718E-1 1.39977E-1 1.72929E-1 1.13563E-1 1.75509E-1 1.06129E-1 1.64612E-1 1.03936E-1 1.15708E-1 1.46389E-1 1.30751E-1 1.80295E-1 5.75284E-1 1.50804E-1 1.71661E-1 1.75615E-1 5.08386E-1 3.54244E-1 2.87337E-1 2.25269E-1 2.0375E-1 2.3956E-1 2.14857E-1 3.32909E-1 2.12108E-1 4.40966E-1 4.58888E-1 2.53115E-1 2.53403E-1 2.65404E-1 2.94504E-1 2.68213E-1 1.80684E-1 3.44734E-1 2.03911E-1 3.05168E-1 2.43533E-1 2.35342E-1 3.81387E-1 4.2487E-1 5.72731E-1 3.78471E-1 3.28181E-1 -9999 -9999 -9999 -9999 -9999 -9999 -9999 -9999 -9999 -9999 -9999 -9999 -9999 -9999 -9999
1.42926E-1 2.33086E-1 1.50453E-1 1.30218E-1 1.21737E-1 1.2775E-1 1.32013E-1 1.4275E-1 1.37607E-1 1.16643E-1 1.10011E-1 1.1806E-1 5.50022E-1 2.3329E-1 1.40938E-1 1.70394E-1 2.77617E-1 2.75566E-1 4.76821E-1 3.15512E-1 1.70733E-1 1.71504E-1 2.44179E-1 2.20653E-1 3.63805E-1 5.20676E-1 5.58491E-1 2.44241E-1 3.60766E-1 3.23855E-1 2.76334E-1 3.1451E-1 2.41541E-1 2.97433E-1 2.37918E-1 3.74983E-1 3.47114E-1 4.37475E-1 4.68969E-1 5.32174E-1 5.6062E-1 5.5463E-1 5.96404E-1 3.64594E-1 -9999 -9999 -9999 -9999 -9999 -9999 -9999 -9999 -9999 -9999 -9999 -9999 -9999 -9999 -9999
1.66531E-1 1.68584E-1 1.54575E-1 1.69012E-1 1.3673E-1 1.20331E-1 1.11517E-1 1.11962E-1 1.04152E-1 1.48808E-1 1.69561E-1 1.91113E-1 5.27136E-1 1.27562E-1 1.40358E-1 1.95763E-1 1.39699E-1 2.28808E-1 1.65099E-1 5.06396E-1 4.66864E-1 4.71316E-1 5.54135E-1 5.75166E-1 4.94472E-1 2.3067E-1 2.76992E-1 4.10341E-1 2.19841E-1 2.27784E-1 3.00501E-1 2.82372E-1 2.68134E-1 1.69276E-1 1.87738E-1 4.09217E-1 4.01951E-1 2.81225E-1 2.92036E-1 2.95366E-1 3.23443E-1 3.91073E-1 3.59942E-1 -9999 -9999 -9999 -9999 -9999 -9999 -9999 -9999 -9999 -9999 -9999 -9999 -9999 -9999 -9999 -9999
2.15637E-1 1.70875E-1 2.62145E-1 1.30389E-1 1.45044E-1 1.89116E-1 9.17587E-2 1.4627E-1 9.68583E-2 1.06616E-1 5.0787E-1 5.5857E-1 1.26867E-1 1.69794E-1 1.6382E-1 1.70919E-1 1.94019E-1 1.39448E-1 2.02253E-1 4.3099E-1 2.66051E-1 1.6308E-1 2.91364E-1 1.56625E-1 2.95995E-1 1.74739E-1 1.98764E-1 3.31084E-1 2.74904E-1 2.68474E-1 2.87738E-1 1.94803E-1 1.85968E-1 1.64122E-1 2.47882E-1 3.02628E-1 1.67839E-1 2.0126E-1 2.29471E-1 2.34399E-1 1.61458E-1 2.97285E-1 2.79651E-1 -9999 -9999 -9999 -9999 -9999 -9999 -9999 -9999 -9999 -9999 -9999 -9999 -9999 -9999 -9999 -9999
1.49551E-1 1.27497E-1 1.12544E-1 2.20145E-1 1.02439E-1 9.65838E-2 2.12241E-1 2.226E-1 3.76562E-1 1.45638E-1 1.7088E-1 5.38361E-1 1.19974E-1 1.72442E-1 1.65095E-1 2.48814E-1 1.5679E-1 1.77479E-1 3.27317E-1 4.01263E-1 2.25745E-1 1.51207E-1 2.81718E-1 1.61952E-1 2.43629E-1 1.6245E-1 3.00008E-1 1.73144E-1 2.51322E-1 2.19039E-1 1.80529E-1 3.29982E-1 2.152E-1 1.69831E-1 4.01721E-1 1.69534E-1 2.05377E-1 1.53075E-1 1.99106E-1 1.94229E-1 1.45982E-1 2.6007E-1 -9999 -9999 -9999 -9999 -9999 -9999 -9999 -9999 -9999 -9999 -9999 -9999 -9999 -9999 -9999 -9999 -9999
2.11989E-1 1.39053E-1 9.11467E-2 1.25808E-1 2.31422E-1 1.05255E-1 3.82969E-1 4.23541E-1 1.84942E-1 4.17246E-1 5.60664E-1 3.84322E-1 2.17129E-1 1.24893E-1 1.53943E-1 2.09406E-1 1.66155E-1 2.2431E-1 3.08334E-1 3.49821E-1 1.43888E-1 1.40647E-1 1.82363E-1 1.85108E-1 1.95893E-1 2.35279E-1 2.34291E-1 1.6741E-1 2.85956E-1 3.20894E-1 3.25978E-1 3.49629E-1 3.59834E-1 3.03168E-1 1.9225E-1 1.5971E-1 1.70429E-1 1.79272E-1 1.77336E-1 1.51439E-1 1.87818E-1 -9999 -9999 -9999 -9999 -9999 -9999 -9999 -9999 -9999 -9999 -9999 -9999 -9999 -9999 -9999 -9999 -9999 -9999
1.40236E-1 2.30121E-1 2.84796E-1 3.80102E-1 3.70585E-1 3.77141E-1 2.07986E-1 1.65381E-1 1.44831E-1 2.32679E-1 5.8586E-1 1.52221E-1 3.53697E-1 3.46102E-1 1.99461E-1 1.70868E-1 2.44667E-1 1.70273E-1 2.9933E-1 1.89593E-1 3.39737E-1 3.36619E-1 1.80424E-1 1.63952E-1 1.31863E-1 1.64188E-1 1.73431E-1 1.8167E-1 1.37674E-1 1.51544E-1 1.59204E-1 2.8325E-1 4.01001E-1 4.95541E-1 4.24973E-1 1.91475E-1 1.38475E-1 1.52869E-1 1.70093E-1 2.00102E-1 2.13998E-1 -9999 -9999 -9999 -9999 -9999 -9999 -9999 -9999 -9999 -9999 -9999 -9999 -9999 -9999 -9999 -9999 -9999 -9999
1.02186E-1 1.43966E-1 3.09001E-1 1.33297E-1 9.64874E-2 1.61907E-1 1.26821E-1 1.51044E-1 1.31688E-1 2.08645E-1 5.64071E-1 1.5133E-1 1.45859E-1 1.5096E-1 3.97675E-1 3.29476E-1 2.00978E-1 1.63437E-1 2.75629E-1 1.26921E-1 1.67275E-1 1.97184E-1 3.86193E-1 3.41772E-1 1.61415E-1 1.6109E-1 1.34667E-1 1.30644E-1 1.759E-1 2.26612E-1 2.85096E-1 3.0436E-1 2.14529E-1 3.35744E-1 2.48081E-1 4.43844E-1 2.19652E-1 1.67406E-1 1.90155E-1 -9999 -9999 -9999 -9999 -9999 -9999 -9999 -9999 -9999 -9999 -9999 -9999 -9999 -9999 -9999 -9999 -9999 -9999 -9999 -9999
1.10584E-1 2.96582E-1 1.53834E-1 9.83377E-2 1.04649E-1 1.13023E-1 1.165E-1 1.60125E-1 2.39132E-1 3.74046E-1 2.09018E-1 5.36726E-1 1.54856E-1 1.41851E-1 1.73689E-1 3.61592E-1 2.30121E-1 1.43143E-1 2.39153E-1 1.42881E-1 1.41311E-1 1.33486E-1 2.24331E-1 3.33372E-1 2.17421E-1 1.5696E-1 2.95934E-1 1.72803E-1 1.37751E-1 2.35684E-1 2.92871E-1 1.98966E-1 1.88883E-1 3.26633E-1 2.36104E-1 1.81464E-1 4.98324E-1 2.86284E-1 -9999 -9999 -9999 -9999 -9999 -9999 -9999 -9999 -9999 -9999 -9999 -9999 -9999 -9999 -9999 -9999 -9999 -9999 -9999 -9999 -9999
2.00496E-1 2.77579E-1 1.19397E-1 1.61575E-1 1.15744E-1 1.08689E-1 1.51854E-1 1.2284E-1 3.27746E-1 1.36452E-1 1.34884E-1 6.02764E-1 1.35448E-1 1.32481E-1 2.19209E-1 2.22815E-1 3.00268E-1 1.38892E-1 1.74909E-1 2.88141E-1 1.86126E-1 2.39231E-1 1.52053E-1 1.60294E-1 3.80735E-1 2.24518E-1 1.7036E-1 1.75868E-1 1.99928E-1 1.58885E-1 1.93052E-1 2.61383E-1 3.11819E-1 2.49215E-1 2.55244E-1 1.99215E-1 1.83205E-1 4.72634E-1 -9999 -9999 -9999 -9999 -9999 -9999 -9999 -9999 -9999 -9999 -9999 -9999 -9999 -9999 -9999 -9999 -9999 -9999 -9999 -9999 -9999
2.31362E-1 1.27789E-1 2.5871E-1 1.16653E-1 1.05928E-1 1.68486E-1 2.24613E-1 2.98632E-1 3.34752E-1 2.0258E-1 1.21767E-1 5.66086E-1 1.67534E-1 1.5043E-1 1.28764E-1 1.76601E-1 3.02757E-1 1.59544E-1 2.30296E-1 1.71785E-1 2.83556E-1 1.51477E-1 2.89786E-1 1.68066E-1 2.32672E-1 2.82038E-1 2.14851E-1 1.57773E-1 1.88924E-1 2.35599E-1 1.72872E-1 1.45154E-1 2.23627E-1 3.27522E-1 3.55688E-1 1.94182E-1 3.40954E-1 -9999 -9999 -9999 -9999 -9999 -9999 -9999 -9999 -9999 -9999 -9999 -9999 -9999 -9999 -9999 -9999 -9999 -9999 -9999 -9999 -9999 -9999
1.92954E-1 1.82635E-1 1.72621E-1 1.88171E-1 2.18314E-1 1.24468E-1 2.12162E-1 1.57158E-1 2.09296E-1 1.63594E-1 1.22984E-1 5.18275E-1 9.12625E-2 1.11086E-1 1.59202E-1 1.74963E-1 2.88981E-1 2.59423E-1 2.60572E-1 1.62938E-1 2.5727E-1 2.84117E-1 1.31663E-1 1.89461E-1 2.22132E-1 1.5861E-1 2.85531E-1 2.44971E-1 1.90121E-1 2.86046E-1 1.91199E-1 1.84534E-1 2.68589E-1 2.84493E-1 2.0019E-1 3.40116E-1 3.12323E-1 -9999 -9999 -9999 -9999 -9999 -9999 -9999 -9999 -9999 -9999 -9999 -9999 -9999 -9999 -9999 -9999 -9999 -9999 -9999 -9999 -9999 -9999
1.47485E-1 1.39273E-1 1.26773E-1 1.14377E-1 1.06286E-1 2.74E-1 2.73191E-1 1.88418E-1 2.07764E-1 1.19044E-1 5.14779E-1 1.83586E-1 1.29205E-1 1.08951E-1 1.71718E-1 2.98502E-1 1.80157E-1 1.93449E-1 1.95705E-1 1.65538E-1 1.55581E-1 3.27588E-1 2.14851E-1 1.28332E-1 1.57579E-1 1.49695E-1 2.46963E-1 4.45495E-1 3.06015E-1 2.06798E-1 1.97735E-1 2.18098E-1 2.78387E-1 2.2066E-1 2.01204E-1 2.64837E-1 -9999 -9999 -9999 -9999 -9999 -9999 -9999 -9999 -9999 -9999 -9999 -9999 -9999 -9999 -9999 -9999 -9999 -9999 -9999 -9999 -9999 -9999 -9999
1.20064E-1 1.64901E-1 1.31624E-1 1.03084E-1 1.42797E-1 2.94057E-1 2.13908E-1 1.91465E-1 1.25243E-1 1.74863E-1 6.30298E-1 2.33385E-1 2.0863E-1 2.13991E-1 1.86025E-1 1.94997E-1 2.89966E-1 2.28614E-1 1.63934E-1 2.31917E-1 1.58097E-1 1.56644E-1 3.64765E-1 1.82739E-1 1.29572E-1 1.53309E-1 2.9329E-1 2.59711E-1 4.64658E-1 1.90943E-1 2.28172E-1 1.47111E-1 1.44143E-1 3.10368E-1 2.17994E-1 2.76304E-1 -9999 -9999 -9999 -9999 -9999 -9999 -9999 -9999 -9999 -9999 -9999 -9999 -9999 -9999 -9999 -9999 -9999 -9999 -9999 -9999 -9999 -9999 -9999
