noFCS/flood_noFCS.asc
ncols         319
nrows         495
xllcorner     219017.22331753
yllcorner     4610852.5305323
cellsize      500.0
NODATA_value  -9999
[rows 416 to 441 of 495, columns 236 to 294 of 319]
1.92553E-1 2.81171E-1 2.29556E-1 3.43495E-1 2.12376E-1 1.6065E-1 1.14101E-1 1.43186E-1 2.92097E-1 3.13869E-1 2.21342E-1 3.11829E-1 3.76896E-1 2.28881E-1 1.71776E-1 4.46601E-1 5.47288E-1 3.02431E-1 4.77124E-1 4.76834E-1 4.09619E-1 1.99671E-1 2.27745E-1 3.11448E-1 1.91546E-1 2.8949E-1 4.76122E-1 4.91738E-1 2.13641E-1 4.40127E-1 3.26561E-1 1.90642E-1 1.71582E-1 1.89017E-1 2.02892E-1 2.4506E-1 2.69407E-1 1.86863E-1 3.3401E-1 2.39207E-1 1.72772E-1 1.2979E-1 1.92636E-1 1.34898E-1 1.48617E-1 1.55596E-1 1.92744E-1 3.42459E-1 1.82432E-1 4.67975E-1 1.35724E-1 1.67223E-1 1.93449E-1 1.47418E-1 1.21788E-1 2.05724E-1 1.46029E-1 3.26053E-1 3.15762E-1
4.0694E-1 3.8011E-1 3.69106E-1 2.79404E-1 1.31093E-1 1.17569E-1 1.69359E-1 1.19982E-1 1.81402E-1 2.79779E-1 3.09713E-1 2.45599E-1 2.81643E-1 3.23137E-1 2.31732E-1 1.76029E-1 2.88176E-1 4.23838E-1 3.92881E-1 3.49049E-1 3.50669E-1 4.46825E-1 4.41577E-1 2.97132E-1 3.6659E-1 2.18591E-1 1.63945E-1 3.11288E-1 4.71363E-1 2.61819E-1 5.01338E-1 5.10443E-1 2.52834E-1 2.33666E-1 2.59398E-1 2.73327E-1 2.74875E-1 2.53394E-1 2.23082E-1 3.71869E-1 1.63131E-1 3.12493E-1 1.39057E-1 1.36328E-1 2.16497E-1 3.16968E-1 3.14058E-1 1.30682E-1 2.0922E-1 3.69577E-1 5.03136E-1 1.41999E-1 1.61409E-1 1.5398E-1 1.84542E-1 1.24163E-1 1.19856E-1 2.13167E-1 3.08844E-1
6.27166E-1 2.14337E-1 3.17074E-1 3.07662E-1 2.84596E-1 2.34967E-1 1.05941E-1 1.67115E-1 1.42522E-1 2.74276E-1 2.63109E-1 2.95937E-1 2.16347E-1 2.63959E-1 2.51341E-1 2.47548E-1 2.23253E-1 1.67236E-1 3.67843E-1 1.90106E-1 2.90032E-1 3.22226E-1 2.43824E-1 3.85844E-1 3.01678E-1 2.7549E-1 2.58342E-1 3.07299E-1 1.658E-1 3.03497E-1 3.09141E-1 2.2444E-1 5.32761E-1 5.02377E-1 3.08684E-1 2.80724E-1 3.04492E-1 1.71552E-1 2.55913E-1 2.78422E-1 3.3541E-1 1.72255E-1 1.63005E-1 2.08157E-1 3.02221E-1 2.15303E-1 1.19693E-1 1.53654E-1 1.60541E-1 3.23856E-1 1.48678E-1 5.59723E-1 4.34773E-1 1.61138E-1 1.25382E-1 2.39203E-1 1.27291E-1 1.14607E-1 2.20257E-1
6.58149E-1 3.50576E-1 3.39468E-1 1.81648E-1 1.58088E-1 1.31484E-1 2.0727E-1 1.00654E-1 1.25693E-1 2.47087E-1 2.5853E-1 2.48661E-1 2.76853E-1 2.73013E-1 2.29796E-1 2.5506E-1 2.14884E-1 1.85252E-1 3.71571E-1 2.47477E-1 1.68098E-1 2.31083E-1 1.97441E-1 3.44068E-1 1.93329E-1 2.4367E-1 2.4495E-1 2.82093E-1 1.57468E-1 2.46755E-1 1.96422E-1 2.1634E-1 3.04528E-1 4.90331E-1 3.0202E-1 2.60563E-1 3.63026E-1 2.84447E-1 1.72946E-1 2.7328E-1 2.09872E-1 2.99955E-1 1.82672E-1 1.31245E-1 1.94185E-1 1.78347E-1 1.56296E-1 1.25994E-1 3.26864E-1 1.1206E-1 2.20871E-1 1.63127E-1 1.5587E-1 4.89672E-1 1.86133E-1 1.11624E-1 2.14718E-1 1.3119E-1 1.15257E-1
1.9538E-1 7.28144E-1 2.02667E-1 3.59566E-1 3.38984E-1 3.06284E-1 2.29567E-1 1.9313E-1 1.82123E-1 2.13337E-1 2.42783E-1 2.91818E-1 2.73385E-1 2.72991E-1 1.97118E-1 1.78247E-1 2.15532E-1 2.61826E-1 3.88608E-1 2.56448E-1 1.92078E-1 1.52923E-1 1.37594E-1 2.11485E-1 3.19855E-1 1.86898E-1 1.78589E-1 2.41653E-1 1.5342E-1 1.91787E-1 1.54485E-1 1.63423E-1 2.83142E-1 2.00359E-1 4.9175E-1 5.66062E-1 5.59924E-1 2.52273E-1 2.72384E-1 1.65759E-1 1.69507E-1 1.56739E-1 2.37183E-1 1.44598E-1 1.3763E-1 1.67882E-1 1.81427E-1 3.01016E-1 3.24166E-1 1.22226E-1 1.58517E-1 9.58128E-2 1.38305E-1 1.31851E-1 5.09983E-1 1.84287E-1 1.07223E-1 1.30777E-1 1.42159E-1
1.72994E-1 3.74124E-1 6.04594E-1 2.06765E-1 3.15377E-1 2.90314E-1 2.52408E-1 1.86973E-1 1.69924E-1 1.28415E-1 1.71559E-1 2.593E-1 1.7088E-1 2.19334E-1 3.21963E-1 3.13109E-1 2.72805E-1 2.50317E-1 2.84316E-1 4.35572E-1 2.4807E-1 1.83383E-1 2.48956E-1 1.72555E-1 1.59366E-1 3.50551E-1 1.84313E-1 1.56069E-1 1.6088E-1 1.54694E-1 1.57704E-1 2.50807E-1 1.55355E-1 1.4224E-1 2.80375E-1 2.36663E-1 2.45066E-1 4.64362E-1 4.54169E-1 2.80278E-1 1.83151E-1 1.6539E-1 2.27292E-1 1.92806E-1 1.63767E-1 2.36337E-1 2.85355E-1 2.66458E-1 3.27176E-1 1.91531E-1 1.5227E-1 1.15184E-1 1.32801E-1 1.85744E-1 2.10517E-1 5.30726E-1 1.76364E-1 1.47483E-1 1.56437E-1
2.89812E-1 3.08876E-1 6.26845E-1 3.35869E-1 1.65447E-1 1.49527E-1 1.34631E-1 1.23496E-1 1.46182E-1 1.43868E-1 1.24281E-1 2.27463E-1 2.01041E-1 2.40672E-1 1.66268E-1 3.14815E-1 2.36773E-1 2.50655E-1 2.89128E-1 2.24553E-1 3.7363E-1 2.6124E-1 1.78414E-1 2.44442E-1 1.98997E-1 2.56773E-1 2.7436E-1 1.64375E-1 2.28711E-1 1.47576E-1 1.59573E-1 3.56584E-1 3.05248E-1 1.73083E-1 1.92692E-1 1.83098E-1 1.79271E-1 2.81495E-1 2.24865E-1 4.4659E-1 1.53644E-1 1.33578E-1 1.40376E-1 1.8976E-1 2.18235E-1 1.59771E-1 1.33849E-1 2.06395E-1 2.72272E-1 3.36347E-1 2.86344E-1 1.95696E-1 1.14508E-1 1.33362E-1 3.03823E-1 2.0139E-1 4.68473E-1 5.06495E-1 4.71609E-1
1.51599E-1 1.46678E-1 1.81801E-1 6.45462E-1 2.1748E-1 2.18315E-1 1.29527E-1 1.31727E-1 2.2833E-1 1.44338E-1 1.10016E-1 2.23468E-1 2.66472E-1 1.11566E-1 2.57239E-1 1.8775E-1 1.39216E-1 2.27406E-1 2.89686E-1 2.08626E-1 2.38727E-1 4.08426E-1 2.86196E-1 1.91488E-1 2.74995E-1 2.77633E-1 2.19065E-1 2.05863E-1 1.59266E-1 1.46838E-1 1.85243E-1 1.15905E-1 1.67894E-1 1.08567E-1 1.26589E-1 1.43853E-1 1.88665E-1 2.59435E-1 2.59833E-1 3.23035E-1 4.45284E-1 2.22411E-1 2.42017E-1 1.4468E-1 1.91413E-1 2.07216E-1 1.69258E-1 1.44947E-1 2.21499E-1 2.36887E-1 3.01361E-1 2.83376E-1 1.6864E-1 3.0603E-1 1.37868E-1 1.44806E-1 1.27489E-1 3.13167E-1 3.2266E-1
2.71622E-1 1.96007E-1 2.66706E-1 6.37977E-1 3.51049E-1 3.07798E-1 2.92253E-1 2.76848E-1 2.06661E-1 1.20924E-1 1.5448E-1 2.93366E-1 1.18178E-1 1.6069E-1 3.06443E-1 2.03225E-1 1.66237E-1 2.27783E-1 1.60142E-1 2.02982E-1 2.35701E-1 3.05076E-1 3.44182E-1 3.04238E-1 2.91057E-1 2.97771E-1 2.80631E-1 2.3983E-1 1.26964E-1 1.64135E-1 2.71636E-1 1.47071E-1 1.89814E-1 1.43274E-1 1.46771E-1 2.45712E-1 2.02287E-1 1.95709E-1 1.82066E-1 2.31618E-1 2.90645E-1 4.52734E-1 2.85234E-1 2.20373E-1 1.9165E-1 1.60347E-1 2.85797E-1 2.30912E-1 1.44217E-1 1.42728E-1 3.50168E-1 4.24397E-1 4.46712E-1 1.58537E-1 1.2102E-1 2.03513E-1 2.34799E-1 1.64848E-1 4.21243E-1
1.87858E-1 1.51141E-1 2.39302E-1 6.1878E-1 3.33106E-1 1.7684E-1 2.31701E-1 1.83027E-1 2.74574E-1 1.95614E-1 2.2267E-1 3.16427E-1 2.45485E-1 3.25527E-1 1.3265E-1 1.59906E-1 1.43987E-1 3.53053E-1 1.92518E-1 1.53845E-1 2.95414E-1 2.83856E-1 2.99616E-1 2.50835E-1 1.97483E-1 1.83864E-1 1.5046E-1 1.24246E-1 1.53937E-1 1.17451E-1 1.69963E-1 3.26544E-1 1.40199E-1 3.31854E-1 2.56232E-1 1.3056E-1 1.56963E-1 1.38391E-1 1.89648E-1 1.5343E-1 2.09974E-1 2.70727E-1 4.12732E-1 4.17694E-1 3.53206E-1 1.36903E-1 1.71888E-1 3.36998E-1 1.57994E-1 1.85009E-1 2.89122E-1 2.41866E-1 2.11486E-1 1.54065E-1 2.3908E-1 1.07779E-1 1.44582E-1 3.52153E-1 1.8674E-1
1.98149E-1 1.76478E-1 1.91718E-1 6.6836E-1 6.21746E-1 3.01115E-1 1.70021E-1 3.03623E-1 2.87294E-1 2.91071E-1 3.48414E-1 2.93398E-1 3.39722E-1 3.41064E-1 3.28662E-1 3.15669E-1 3.40658E-1 2.63605E-1 3.52556E-1 3.13159E-1 1.69875E-1 1.90043E-1 2.81124E-1 3.11863E-1 3.01123E-1 1.85779E-1 1.11216E-1 1.70893E-1 1.86727E-1 1.43868E-1 1.51196E-1 1.76489E-1 3.22883E-1 4.21675E-1 1.52756E-1 1.28025E-1 1.87422E-1 1.6797E-1 1.21593E-1 2.09848E-1 1.3651E-1 1.68531E-1 2.25637E-1 2.92857E-1 3.36998E-1 3.50358E-1 2.60349E-1 1.66343E-1 2.03644E-1 2.46527E-1 1.91093E-1 1.91497E-1 1.51199E-1 1.77705E-1 1.17992E-1 1.457E-1 3.09667E-1 2.14754E-1 2.40636E-1
4.0638E-1 2.38323E-1 3.89386E-1 5.44649E-1 2.37881E-1 6.37842E-1 3.33882E-1 2.86769E-1 3.12693E-1 3.6955E-1 3.19098E-1 3.69231E-1 3.51623E-1 1.6706E-1 1.24667E-1 1.26175E-1 1.4978E-1 2.09177E-1 2.89043E-1 2.95028E-1 2.27024E-1 2.56015E-1 2.07278E-1 3.06596E-1 2.55812E-1 2.80923E-1 2.78363E-1 2.38501E-1 1.21525E-1 2.30047E-1 1.29817E-1 1.43019E-1 1.34817E-1 4.53582E-1 1.26906E-1 1.3156E-1 3.02741E-1 1.84412E-1 1.42773E-1 1.15615E-1 1.54963E-1 1.47337E-1 1.79598E-1 2.14999E-1 2.44074E-1 2.23128E-1 3.61592E-1 2.32821E-1 2.61924E-1 1.93317E-1 1.77132E-1 1.97779E-1 2.7981E-1 1.75146E-1 1.18857E-1 2.99304E-1 1.80216E-1 1.10264E-1 1.53951E-1
2.4225E-1 4.05377E-1 2.57354E-1 5.35274E-1 2.4597E-1 2.15225E-1 6.36323E-1 3.05238E-1 3.54832E-1 3.12296E-1 1.75996E-1 3.98353E-1 2.09265E-1 1.59281E-1 1.2777E-1 1.67699E-1 1.65745E-1 1.85918E-1 2.04639E-1 3.40893E-1 3.01514E-1 1.7369E-1 1.7476E-1 2.46337E-1 2.03203E-1 1.38893E-1 1.58661E-1 3.19087E-1 3.49754E-1 2.76609E-1 1.6855E-1 1.62399E-1 1.37944E-1 4.37372E-1 3.4021E-1 3.2804E-1 1.59869E-1 1.44015E-1 2.19366E-1 1.62988E-1 1.29206E-1 2.56628E-1 1.84383E-1 1.39948E-1 1.34373E-1 1.63397E-1 2.51685E-1 3.30945E-1 2.40366E-1 2.21034E-1 2.13532E-1 2.96723E-1 3.30836E-1 3.11552E-1 3.04668E-1 1.12104E-1 1.44893E-1 1.0647E-1 1.09948E-1
2.1155E-1 2.99886E-1 4.66545E-1 5.12348E-1 2.40475E-1 2.06091E-1 3.56067E-1 6.02842E-1 3.77067E-1 1.74267E-1 2.20291E-1 3.93445E-1 1.71365E-1 1.21125E-1 2.35734E-1 1.41197E-1 2.39125E-1 1.60534E-1 2.76987E-1 1.79244E-1 2.42154E-1 1.74672E-1 2.87676E-1 1.83966E-1 2.49645E-1 1.69706E-1 2.0681E-1 1.55917E-1 1.50882E-1 3.33395E-1 3.6063E-1 3.89077E-1 4.37235E-1 4.13311E-1 2.16719E-1 1.8194E-1 3.20595E-1 2.99798E-1 1.94094E-1 1.47159E-1 1.61082E-1 1.36296E-1 1.42792E-1 1.694E-1 1.56893E-1 1.65315E-1 2.76965E-1 2.01014E-1 2.8191E-1 2.41585E-1 2.02799E-1 2.19739E-1 2.03704E-1 1.79482E-1 1.2535E-1 1.29445E-1 1.86018E-1 1.83503E-1 2.04548E-1
4.40545E-1 4.42962E-1 2.8769E-1 5.30341E-1 2.34297E-1 2.76802E-1 2.96943E-1 2.47144E-1 5.93577E-1 6.29785E-1 6.11414E-1 5.73875E-1 2.76288E-1 2.34725E-1 1.3535E-1 1.6093E-1 2.89697E-1 2.65937E-1 1.69787E-1 1.46824E-1 3.17251E-1 2.98237E-1 2.44328E-1 3.21374E-1 2.38259E-1 2.83934E-1 1.72423E-1 1.38056E-1 1.5889E-1 1.15383E-1 1.14752E-1 1.50911E-1 4.45301E-1 1.9294E-1 3.59932E-1 3.58417E-1 3.12576E-1 1.57879E-1 1.00239E-1 1.33738E-1 1.52195E-1 1.88281E-1 1.10617E-1 1.57838E-1 1.51615E-1 1.75228E-1 3.00834E-1 2.49686E-1 2.05562E-1 1.91261E-1 2.67208E-1 2.42286E-1 2.07635E-1 2.02729E-1 1.7318E-1 2.08158E-1 1.27322E-1 1.3952E-1 1.68231E-1
1.8525E-1 2.16389E-1 2.69466E-1 3.06739E-1 5.20226E-1 2.44955E-1 2.4761E-1 2.06895E-1 1.86683E-1 3.65211E-1 2.06383E-1 1.90085E-1 5.68496E-1 1.83408E-1 1.66604E-1 1.58052E-1 3.30668E-1 2.59395E-1 1.90324E-1 3.03882E-1 1.9466E-1 1.60867E-1 2.06903E-1 2.52208E-1 3.53821E-1 2.95867E-1 3.01081E-1 2.74588E-1 1.44059E-1 1.06251E-1 1.04234E-1 4.61635E-1 1.31923E-1 1.19521E-1 1.43706E-1 1.3942E-1 1.96483E-1 1.9279E-1 1.07066E-1 2.76649E-1 1.15476E-1 2.65475E-1 1.14161E-1 1.16209E-1 2.34096E-1 3.04378E-1 1.65013E-1 1.32768E-1 1.7585E-1 2.28654E-1 2.82188E-1 2.49646E-1 1.92319E-1 1.55464E-1 1.51277E-1 1.52407E-1 1.21258E-1 1.49026E-1 2.79384E-1
2.15793E-1 2.44096E-1 3.81551E-1 2.78708E-1 5.86108E-1 2.31015E-1 4.85779E-1 2.38258E-1 3.12975E-1 2.516E-1 4.00945E-1 1.68366E-1 1.61409E-1 5.65944E-1 1.94159E-1 1.2373E-1 3.15719E-1 1.19417E-1 1.23612E-1 2.9691E-1 1.24983E-1 1.91676E-1 1.68131E-1 3.34125E-1 2.37469E-1 2.86071E-1 2.27219E-1 1.88695E-1 1.21465E-1 1.55342E-1 2.22428E-1 4.76829E-1 1.62027E-1 1.22155E-1 1.25638E-1 1.21748E-1 1.81389E-1 1.16437E-1 1.54403E-1 1.37192E-1 1.4737E-1 3.05965E-1 1.88568E-1 1.74915E-1 3.2273E-1 1.18048E-1 1.11471E-1 1.18069E-1 1.54317E-1 2.29964E-1 2.58422E-1 2.8614E-1 1.73058E-1 1.84456E-1 1.71196E-1 1.70448E-1 2.61828E-1 2.71444E-1 1.06312E-1
2.1155E-1 3.74805E-1 2.42578E-1 5.32135E-1 2.41753E-1 4.82787E-1 2.88103E-1 5.47139E-1 2.04872E-1 2.77409E-1 3.38436E-1 2.81513E-1 1.55464E-1 1.39742E-1 5.25137E-1 6.07547E-1 5.15621E-1 1.15831E-1 3.06926E-1 1.51284E-1 1.76923E-1 1.76645E-1 3.19898E-1 2.16477E-1 1.75006E-1 2.22926E-1 2.90656E-1 1.54062E-1 1.50196E-1 1.03923E-1 4.2129E-1 3.03366E-1 2.31336E-1 1.95914E-1 1.86774E-1 1.7065E-1 1.96232E-1 1.82705E-1 2.69509E-1 1.6874E-1 2.15279E-1 3.59908E-1 2.1583E-1 1.8922E-1 3.6983E-1 2.14158E-1 1.49167E-1 1.64759E-1 1.1758E-1 1.95783E-1 1.48129E-1 1.24579E-1 2.22011E-1 2.98474E-1 1.73759E-1 2.53727E-1 1.49252E-1 1.19189E-1 1.04844E-1
3.20448E-1 2.78681E-1 2.83168E-1 5.2577E-1 2.15491E-1 2.18352E-1 2.27513E-1 4.98294E-1 2.59174E-1 1.79993E-1 1.93815E-1 2.36236E-1 2.2401E-1 1.57346E-1 1.26139E-1 1.73083E-1 5.12751E-1 3.96379E-1 1.43008E-1 2.15313E-1 2.89891E-1 2.96382E-1 2.4338E-1 2.00698E-1 1.97377E-1 1.60779E-1 2.86551E-1 1.41397E-1 1.73871E-1 1.83858E-1 1.51771E-1 4.62501E-1 1.82824E-1 1.3911E-1 1.22629E-1 2.06036E-1 2.28496E-1 2.19153E-1 2.02356E-1 1.27408E-1 1.23265E-1 3.65665E-1 1.60651E-1 1.61667E-1 4.07781E-1 1.51445E-1 2.68328E-1 1.40451E-1 1.12045E-1 1.31719E-1 1.51349E-1 1.44974E-1 2.69138E-1 3.21158E-1 1.39882E-1 1.6299E-1 2.09656E-1 1.46802E-1 1.6477E-1
1.91683E-1 2.25697E-1 4.81401E-1 2.52337E-1 3.3847E-1 2.33512E-1 2.92235E-1 2.66151E-1 4.78704E-1 1.50996E-1 1.35349E-1 1.24611E-1 1.60365E-1 1.822E-1 2.18177E-1 1.38064E-1 1.77068E-1 5.11847E-1 2.80656E-1 3.2342E-1 1.07675E-1 1.23754E-1 2.80676E-1 1.56303E-1 2.53542E-1 2.05939E-1 2.79898E-1 1.5226E-1 1.57259E-1 2.65253E-1 4.66767E-1 3.09954E-1 1.57723E-1 1.05531E-1 1.28973E-1 2.4573E-1 2.66623E-1 2.10742E-1 2.36316E-1 2.3002E-1 2.52275E-1 3.2092E-1 4.05934E-1 2.14735E-1 3.70668E-1 1.55029E-1 2.93388E-1 1.1384E-1 1.12688E-1 1.13479E-1 1.51217E-1 1.9174E-1 3.68735E-1 2.78448E-1 2.2694E-1 1.86363E-1 1.6994E-1 1.45808E-1 1.03458E-1
3.36801E-1 3.67405E-1 4.45917E-1 2.09595E-1 2.89951E-1 2.83353E-1 2.73385E-1 5.60109E-1 2.40771E-1 2.45083E-1 1.6685E-1 1.34506E-1 1.6951E-1 1.55249E-1 1.40949E-1 1.82413E-1 1.16073E-1 1.40001E-1 5.08461E-1 3.57867E-1 1.52295E-1 2.60668E-1 1.77412E-1 2.3726E-1 1.38266E-1 2.88362E-1 1.41585E-1 1.45869E-1 1.36733E-1 1.19604E-1 4.75282E-1 1.61244E-1 2.64474E-1 2.09572E-1 1.93022E-1 3.03987E-1 3.08472E-1 3.03444E-1 3.01044E-1 1.44442E-1 1.83317E-1 1.97854E-1 1.50908E-1 3.93485E-1 4.27481E-1 2.94497E-1 1.40512E-1 1.23393E-1 1.48343E-1 1.48213E-1 1.18609E-1 3.64399E-1 3.44571E-1 2.95572E-1 2.05235E-1 1.58623E-1 1.39765E-1 1.34243E-1 1.37539E-1
1.83831E-1 3.2956E-1 3.61457E-1 1.78527E-1 2.41818E-1 2.02815E-1 2.05311E-1 4.74979E-1 3.54685E-1 3.32934E-1 1.84958E-1 1.26979E-1 1.73539E-1 1.5649E-1 1.73813E-1 1.5154E-1 1.21659E-1 1.39828E-1 1.3774E-1 5.2626E-1 2.92091E-1 2.21179E-1 1.48178E-1 2.65134E-1 1.76666E-1 2.97346E-1 1.55224E-1 1.91031E-1 2.23687E-1 1.18351E-1 4.70094E-1 3.41464E-1 3.01594E-1 2.72175E-1 2.7308E-1 1.58626E-1 2.10212E-1 2.8355E-1 2.22846E-1 2.4054E-1 1.54656E-1 1.23048E-1 1.20775E-1 2.09382E-1 4.7635E-1 2.01024E-1 1.38727E-1 1.80452E-1 2.48579E-1 1.34177E-1 3.68648E-1 3.45774E-1 1.67932E-1 2.52978E-1 2.60953E-1 1.48775E-1 1.38785E-1 1.24481E-1 1.32217E-1
2.96268E-1 1.92591E-1 3.71593E-1 1.75502E-1 1.60961E-1 1.98249E-1 2.51566E-1 4.35825E-1 2.07605E-1 2.09255E-1 3.05735E-1 2.85314E-1 2.08943E-1 1.78918E-1 1.39385E-1 1.56651E-1 1.95333E-1 1.18985E-1 1.40625E-1 1.10965E-1 6.08975E-1 1.28719E-1 1.44578E-1 1.53677E-1 3.43298E-1 2.17857E-1 2.16716E-1 2.83327E-1 1.35389E-1 2.28284E-1 5.36548E-1 1.26356E-1 2.80119E-1 2.57892E-1 2.56783E-1 2.78711E-1 2.13701E-1 1.47778E-1 1.37177E-1 1.84183E-1 1.50499E-1 1.48769E-1 1.47129E-1 1.30782E-1 1.88168E-1 4.69633E-1 1.56069E-1 3.10701E-1 4.28829E-1 4.37997E-1 3.56199E-1 1.23748E-1 1.18749E-1 1.33582E-1 2.3587E-1 1.4985E-1 1.6855E-1 1.16937E-1 1.01739E-1
2.37135E-1 1.91675E-1 4.10078E-1 2.78806E-1 1.64629E-1 1.8431E-1 1.50813E-1 2.3861E-1 4.6375E-1 2.9929E-1 2.1168E-1 2.26904E-1 1.43126E-1 1.81494E-1 2.14616E-1 1.39058E-1 1.76504E-1 1.76502E-1 1.13495E-1 1.39122E-1 5.3964E-1 1.59832E-1 3.52118E-1 3.70497E-1 3.35893E-1 2.93763E-1 1.70408E-1 1.74522E-1 1.19492E-1 1.78369E-1 4.50714E-1 1.77707E-1 1.28735E-1 1.55035E-1 1.81493E-1 1.68607E-1 1.35485E-1 1.17281E-1 2.26672E-1 1.24515E-1 1.26586E-1 1.83144E-1 1.21901E-1 1.59673E-1 1.34404E-1 4.72964E-1 4.3072E-1 4.31975E-1 3.1165E-1 3.2704E-1 3.00289E-1 1.93323E-1 1.53335E-1 1.28655E-1 1.25649E-1 1.56297E-1 2.33029E-1 1.38473E-1 1.44422E-1
2.58344E-1 1.8137E-1 3.96244E-1 1.79487E-1 2.18534E-1 1.87179E-1 2.34028E-1 1.47582E-1 2.30968E-1 4.20994E-1 5.18342E-1 1.98068E-1 2.29091E-1 2.27999E-1 1.32005E-1 1.89868E-1 1.43194E-1 1.58191E-1 1.32504E-1 1.76142E-1 1.62955E-1 5.56729E-1 1.65408E-1 1.50129E-1 2.0008E-1 1.98134E-1 2.34126E-1 1.86488E-1 1.20217E-1 5.1738E-1 1.25986E-1 1.37742E-1 1.49691E-1 1.40541E-1 1.27031E-1 1.59906E-1 1.18959E-1 1.91409E-1 2.74533E-1 1.25252E-1 1.61434E-1 1.19536E-1 2.32775E-1 1.5688E-1 1.27951E-1 4.93167E-1 2.11186E-1 1.63486E-1 1.62227E-1 2.93132E-1 3.01895E-1 2.27722E-1 1.81675E-1 1.57415E-1 1.36762E-1 1.72373E-1 1.44798E-1 1.35607E-1 2.15773E-1
3.29595E-1 2.42516E-1 3.15298E-1 2.70971E-1 1.71547E-1 2.11886E-1 1.74674E-1 2.05439E-1 1.35159E-1 1.32034E-1 2.79657E-1 4.67629E-1 4.34137E-1 2.67606E-1 2.00571E-1 1.30177E-1 1.74454E-1 1.94383E-1 2.7019E-1 1.3112E-1 1.51506E-1 1.55637E-1 5.48919E-1 2.05949E-1 1.71265E-1 1.23843E-1 1.31917E-1 1.70836E-1 5.19579E-1 2.79967E-1 2.15353E-1 2.36112E-1 1.88684E-1 2.30408E-1 2.56364E-1 2.07321E-1 1.73635E-1 1.4064E-1 3.07985E-1 1.37513E-1 2.1447E-1 1.69078E-1 2.88883E-1 4.89095E-1 5.33738E-1 3.64569E-1 2.80718E-1 2.43023E-1 1.98328E-1 1.49168E-1 2.73049E-1 2.81723E-1 1.92805E-1 1.5444E-1 1.54402E-1 1.30874E-1 1.19883E-1 1.15934E-1 1.54738E-1
