outputsolodemcum/flood.asc
ncols         319
nrows         495
xllcorner     219017.22331753
yllcorner     4610852.5305323
cellsize      500.0
NODATA_value  -9999
[rows 338 to 363 of 495, columns 60 to 119 of 319]
-9999 -9999 -9999 -9999 -9999 -9999 -9999 -9999 -9999 -9999 -9999 -9999 -9999 -9999 -9999 -9999 -9999 -9999 -9999 -9999 5.0689E1 7.0472E-1 5.27538E0 6.32503E-1 4.43628E-1 7.49404E-2 7.05295E-3 1.00022E-1 9.68767E-2 7.49413E-2 3.00042E-2 3.98346E-2 1.00188E-1 3.98346E-2 8.89313E-2 1.00418E-1 1.01514E-1 1.01649E-1 1.01813E-1 1.01813E-1 1.02246E-1 1.00447E-1 7.05295E-3 3.00042E-2 3.98346E-2 1.00944E-1 3.70961E-2 2.12746E-1 6.2584E0 1.16501E0 1.14818E1 2.63277E0 9.5096E0 8.75237E0 2.49239E0 3.63091E0 7.2756E0 2.49239E0 2.49239E0 2.49239E0
-9999 -9999 -9999 -9999 -9999 -9999 -9999 -9999 -9999 -9999 -9999 -9999 -9999 -9999 -9999 -9999 -9999 -9999 -9999 -9999 1.00015E0 5.28337E0 6.28657E0 6.33263E-1 4.48061E-1 1.00334E-1 1.00192E-1 8.75995E-2 7.4941E-2 7.05295E-3 3.00042E-2 8.89322E-2 1.0208E-1 1.02249E-1 1.02339E-1 1.0235E-1 1.02361E-1 1.02371E-1 1.01832E-1 1.01978E-1 1.02405E-1 7.49406E-2 7.05295E-3 3.98346E-2 1.00418E-1 1.01514E-1 5.03827E-1 3.05199E-1 5.27695E0 5.69815E1 2.69251E1 1.94563E1 1.99619E1 2.00916E1 1.86123E1 1.87069E1 1.8754E1 1.88457E1 1.89068E1 1.8968E1
-9999 -9999 -9999 -9999 -9999 -9999 -9999 -9999 -9999 -9999 -9999 -9999 -9999 -9999 -9999 -9999 -9999 -9999 -9999 -9999 6.29817E0 6.28656E0 6.27495E0 5.24299E0 4.43627E-1 1.00192E-1 1.00021E-1 7.05295E-3 7.05295E-3 7.05295E-3 3.98346E-2 1.00419E-1 1.01514E-1 1.01886E-1 1.0208E-1 1.02249E-1 1.02339E-1 1.0235E-1 1.02361E-1 1.02017E-1 1.02427E-1 7.05295E-3 3.98346E-2 8.18345E-2 3.70961E-2 3.00042E-2 2.12746E-1 8.67348E0 1.20107E0 4.67624E1 3.19722E1 3.95511E0 3.1959E0 3.1959E0 2.49239E0 2.49239E0 2.76703E0 3.63091E0 9.25646E0 1.61612E1
-9999 -9999 -9999 -9999 -9999 -9999 -9999 -9999 -9999 -9999 -9999 -9999 -9999 -9999 -9999 -9999 -9999 -9999 -9999 4.83859E1 6.29816E0 6.28657E0 6.27499E0 6.32502E-1 4.43626E-1 1.00192E-1 1.0002E-1 9.68745E-2 7.49407E-2 7.05295E-3 7.05295E-3 3.98346E-2 1.01514E-1 1.01886E-1 1.0208E-1 1.02249E-1 1.02339E-1 1.0235E-1 1.02361E-1 1.025E-1 1.02737E-1 7.05295E-3 3.00042E-2 3.98346E-2 4.643E-1 2.29814E-1 5.24577E0 7.52689E0 1.20107E0 3.82017E1 2.03404E1 1.90582E1 2.04029E1 1.62685E1 9.25671E0 1.64551E1 1.05468E1 2.49239E0 8.66872E-1 5.46719E0
-9999 -9999 -9999 -9999 -9999 -9999 -9999 -9999 -9999 -9999 -9999 -9999 -9999 -9999 -9999 -9999 -9999 -9999 -9999 4.33092E1 5.31955E0 6.3684E0 6.35675E0 5.25903E0 4.48578E-1 7.05295E-3 7.05295E-3 7.05295E-3 7.49405E-2 7.49407E-2 7.05295E-3 3.98346E-2 7.88179E-2 1.00419E-1 1.01886E-1 1.02249E-1 1.0235E-1 1.02372E-1 7.34409E-2 3.00042E-2 3.00042E-2 1.0275E-1 3.70961E-2 8.18343E-2 2.12746E-1 4.89328E-1 1.06466E0 1.06466E0 5.11293E1 9.5096E0 8.75242E0 3.1959E0 3.95511E0 3.63091E0 5.74058E0 3.63091E0 1.93159E1 1.94105E1 5.46306E0 2.49239E0
-9999 -9999 -9999 -9999 -9999 -9999 -9999 -9999 -9999 -9999 -9999 -9999 -9999 -9999 -9999 -9999 -9999 -9999 9.56883E-1 4.56032E0 1.00015E0 7.0472E-1 2.06532E-1 1.92014E-1 3.5422E-1 3.98087E-1 1.0002E-1 8.75987E-2 1.00188E-1 7.49405E-2 7.05295E-3 7.05295E-3 1.3681E-5 2.21222E-2 2.21222E-2 2.21222E-2 2.21222E-2 2.21222E-2 3.70961E-2 3.00042E-2 8.18345E-2 8.89314E-2 5.53042E-1 3.98346E-2 7.54341E-1 8.5189E0 7.44634E0 4.97711E1 1.83994E1 3.1959E0 3.1959E0 1.44258E1 1.0547E1 2.49239E0 2.76703E0 3.63091E0 4.25083E0 2.49239E0 2.49239E0 3.63091E0
-9999 -9999 -9999 -9999 -9999 -9999 -9999 -9999 -9999 -9999 -9999 -9999 -9999 -9999 -9999 -9999 -9999 4.83605E1 4.35607E0 6.98084E-1 2.40233E-1 2.9878E-1 2.2506E-1 2.00843E-1 2.21222E-2 1.89655E-1 7.49403E-2 7.05295E-3 1.02067E-1 7.49404E-2 7.49405E-2 7.05295E-3 3.70961E-2 7.05295E-3 3.00042E-2 3.00042E-2 3.00042E-2 3.70961E-2 8.18345E-2 3.70961E-2 8.69544E-2 1.00188E-1 2.08162E-1 6.03033E-1 3.05199E-1 4.71341E0 1.20107E0 4.95589E1 4.07201E0 2.03821E1 1.9142E1 1.92698E1 1.64567E1 1.55022E1 1.23307E1 3.63091E0 9.25654E0 1.3255E1 1.69896E1 5.50516E0
-9999 -9999 -9999 -9999 -9999 -9999 -9999 -9999 -9999 -9999 -9999 -9999 -9999 -9999 -9999 -9999 -9999 1.54459E1 3.62801E1 9.56883E-1 9.56883E-1 5.75336E0 5.10938E0 2.00843E-1 2.20191E-1 4.35171E-1 7.05295E-3 7.05295E-3 1.00447E-1 8.75988E-2 8.69544E-2 7.05295E-3 8.75993E-2 7.05295E-3 3.00042E-2 8.18348E-2 8.69546E-2 9.56483E-2 3.70961E-2 1.00601E-1 3.93759E-1 4.97328E-1 2.29814E-1 1.00913E1 2.82156E-1 1.20107E0 5.74068E1 2.07061E1 1.99043E1 9.92938E-1 3.1959E0 2.76703E0 3.63091E0 1.94109E1 1.52237E1 2.49239E0 2.49239E0 2.76703E0 2.49239E0 2.76703E0
-9999 -9999 -9999 -9999 -9999 -9999 -9999 -9999 -9999 -9999 -9999 -9999 -9999 -9999 -9999 -9999 -9999 2.37255E0 4.54799E1 6.28657E0 6.26332E0 2.9878E-1 2.59771E-1 1.92014E-1 6.4399E-1 4.5486E-1 4.51715E-1 4.36649E-1 7.05295E-3 3.00042E-2 1.0126E-1 9.68742E-2 7.49405E-2 3.70961E-2 3.70961E-2 8.18346E-2 1.00944E-1 3.00042E-2 1.01624E-1 1.9828E-1 5.26018E-1 6.28588E0 2.2506E-1 9.47833E-1 1.01035E1 4.17523E1 2.19323E1 4.41571E0 1.99298E1 3.1959E0 3.1959E0 1.23324E1 8.66872E-1 2.20525E0 2.20525E0 1.79831E1 1.80662E1 1.82723E1 1.82987E1 1.84314E1
-9999 -9999 -9999 -9999 -9999 -9999 -9999 -9999 -9999 -9999 -9999 -9999 -9999 -9999 -9999 -9999 3.95511E0 1.02601E1 3.62801E1 9.56883E-1 1.01304E0 6.58127E0 6.5094E-1 4.59079E-1 4.25882E-1 2.00843E-1 1.92014E-1 3.73857E-1 3.70961E-2 7.05295E-3 4.89055E-1 1.00188E-1 7.05295E-3 8.18346E-2 8.69545E-2 3.98346E-2 1.00601E-1 4.8933E-1 9.09352E-1 2.2506E-1 2.2506E-1 3.05199E-1 1.66088E1 1.20107E0 5.38323E1 2.21801E1 2.09016E1 3.95511E0 1.55785E1 4.07201E0 1.32561E1 1.5717E1 2.76703E0 2.49239E0 2.49239E0 2.76703E0 8.66872E-1 2.20525E0 8.66872E-1 2.20525E0
-9999 -9999 -9999 -9999 -9999 -9999 -9999 -9999 -9999 -9999 -9999 -9999 -9999 -9999 -9999 -9999 1.3258E1 7.00806E0 9.56883E-1 1.06466E0 1.93364E1 2.59771E-1 2.00843E-1 3.18373E-1 3.4882E-1 3.39726E-3 2.24835E-1 5.0938E-1 5.02513E-1 1.9828E-1 2.00843E-1 5.37843E-1 7.05295E-3 3.70961E-2 1.01624E-1 3.70961E-2 2.12746E-1 6.77761E-1 9.29775E-1 4.87612E-1 4.59092E0 1.16501E0 1.20107E0 5.18914E1 2.62697E1 4.26073E0 4.07201E0 2.01108E1 2.76703E0 2.49239E0 2.76703E0 2.76703E0 1.57585E1 2.76703E0 7.2756E0 1.233E1 2.49239E0 2.49239E0 2.76703E0 2.76703E0
-9999 -9999 -9999 -9999 -9999 -9999 -9999 -9999 -9999 -9999 -9999 -9999 -9999 -9999 -9999 3.95511E0 2.66392E0 1.41716E0 3.60649E0 2.3223E1 1.67647E1 4.20058E1 2.00843E-1 7.49403E-2 3.39726E-3 3.39726E-3 8.89312E-2 5.34693E-1 9.60368E-1 5.06469E-1 2.12746E-1 5.38308E-1 2.20191E-1 3.58103E-1 5.22751E-1 3.58102E-1 2.2506E-1 4.3455E0 8.96761E0 1.16501E0 1.69668E1 4.35607E0 1.06466E0 2.39572E1 1.8372E1 4.01566E0 3.1959E0 3.63091E0 2.06303E1 2.49239E0 1.05469E1 7.27561E0 2.49239E0 1.76957E1 2.49239E0 1.4862E1 2.76703E0 8.2549E0 1.05468E1 7.27557E0
-9999 -9999 -9999 -9999 -9999 -9999 -9999 -9999 -9999 -9999 -9999 -9999 -9999 -9999 -9999 1.40487E1 2.34511E0 3.95511E0 1.5567E1 1.3648E1 2.74193E0 4.32137E1 5.81098E-1 7.05295E-3 3.39726E-3 1.3681E-5 5.27583E-2 2.21222E-2 2.12746E-1 2.2506E-1 5.38777E-1 7.41597E-1 3.58102E-1 2.9878E-1 6.10901E0 1.01304E0 6.51171E0 1.16501E0 5.00001E1 4.83605E1 5.08123E1 1.16501E0 2.36744E1 3.62951E1 4.01566E0 2.03407E1 1.9114E1 5.74893E0 2.49239E0 2.06397E1 7.27561E0 1.39153E1 1.05468E1 1.58707E1 2.76703E0 9.25648E0 1.85635E1 1.87055E1 1.87529E1 1.89064E1
-9999 -9999 -9999 -9999 -9999 -9999 -9999 -9999 -9999 -9999 -9999 -9999 -9999 -9999 -9999 2.20525E0 1.14672E1 1.38412E1 2.34511E0 1.70974E1 1.49112E1 4.35607E0 2.00843E-1 3.70961E-2 7.05295E-3 1.3681E-5 3.98346E-2 8.89312E-2 5.09381E-1 9.66909E-1 7.66621E-1 2.2506E-1 9.74496E-1 9.05316E0 1.20107E0 5.1752E1 1.16501E0 5.0457E1 8.41634E0 2.02114E1 2.10056E1 1.66645E1 2.24169E1 4.32582E0 1.02601E1 4.52534E0 9.92938E-1 2.20525E0 3.63091E0 1.05469E1 2.06477E1 1.23302E1 1.45032E1 1.5502E1 1.59268E1 2.76703E0 2.49239E0 2.76703E0 8.66872E-1 8.66872E-1
-9999 -9999 -9999 -9999 -9999 -9999 -9999 -9999 -9999 -9999 -9999 -9999 -9999 -9999 -9999 6.0003E0 2.34511E0 9.85618E0 2.34511E0 1.6866E1 1.5078E1 4.35607E0 2.00843E-1 4.07693E-1 7.05295E-3 3.70961E-2 3.70961E-2 1.3681E-5 1.3681E-5 2.06532E-1 2.29814E-1 9.73243E0 7.83199E0 9.08252E0 1.20107E0 4.97711E1 2.14712E1 1.91143E1 1.86066E1 3.95511E0 1.58808E1 1.74452E1 4.01566E0 1.68123E1 2.34511E0 3.1959E0 3.1959E0 3.95511E0 4.07201E0 9.25659E0 1.48621E1 2.16727E1 3.63091E0 1.57861E1 2.49239E0 1.59831E1 2.76703E0 1.23286E1 2.76703E0 3.63091E0
-9999 -9999 -9999 -9999 -9999 -9999 -9999 -9999 -9999 -9999 -9999 -9999 -9999 -9999 -9999 3.95511E0 2.36744E1 7.92961E0 1.41716E0 1.6014E1 9.56883E-1 5.14495E1 5.62327E0 6.98084E-1 2.2506E-1 3.73857E-1 3.73857E-1 7.05295E-3 3.98346E-2 3.7994E-1 5.73715E-1 1.06466E0 1.20107E0 1.64518E1 1.16501E0 5.16307E-1 2.17937E1 2.47007E1 1.04615E1 1.59389E1 3.95511E0 1.65125E1 2.34511E0 1.75779E1 2.34511E0 3.1959E0 8.25512E0 1.23314E1 2.76703E0 3.63091E0 9.25653E0 2.07992E1 2.76703E0 2.76703E0 1.86581E1 1.87528E1 1.92993E1 1.93623E1 1.65876E1 2.49239E0
-9999 -9999 -9999 -9999 -9999 -9999 -9999 -9999 -9999 -9999 -9999 -9999 -9999 -9999 -9999 1.10038E1 2.36744E1 3.83427E0 1.11209E0 3.48233E1 7.0472E-1 1.00015E0 3.94097E0 2.00843E-1 4.93599E0 4.95281E0 5.71394E0 7.05295E-3 3.00042E-2 3.00042E-2 2.2506E-1 7.19038E0 1.39362E0 1.20107E0 5.16141E1 4.94749E1 2.51109E1 9.58516E0 4.26073E0 4.07201E0 2.02328E1 1.84458E1 2.76703E0 1.33137E1 2.76703E0 3.63091E0 1.69898E1 1.85168E1 1.57865E1 2.76703E0 3.63091E0 9.25647E0 2.08673E1 7.27556E0 2.49239E0 2.76703E0 2.76703E0 2.76703E0 2.49239E0 1.87756E1
-9999 -9999 -9999 -9999 -9999 -9999 -9999 -9999 -9999 -9999 -9999 -9999 -9999 -9999 -9999 -9999 3.95511E0 1.9503E1 1.21793E1 9.56883E-1 7.0472E-1 1.16501E0 9.56883E-1 2.29814E-1 7.19035E0 1.06466E0 8.50282E0 2.9878E-1 3.00042E-2 4.59092E0 9.55304E0 7.88106E0 9.56883E-1 5.16307E-1 1.00015E0 2.69251E1 5.17918E1 3.25163E1 2.03292E1 6.85167E0 2.66392E0 3.63091E0 1.90678E1 2.76703E0 8.25499E0 2.76703E0 2.49239E0 2.49239E0 2.76703E0 1.58426E1 2.76703E0 3.63091E0 7.27556E0 2.08834E1 1.05467E1 1.05467E1 8.25482E0 8.25482E0 3.63091E0 1.79427E1
-9999 -9999 -9999 -9999 -9999 -9999 -9999 -9999 -9999 -9999 -9999 -9999 -9999 -9999 -9999 -9999 1.3397E1 1.32582E1 2.10242E1 6.22444E-1 1.20107E0 6.51169E0 1.16501E0 3.05199E-1 5.10243E1 3.60649E0 4.94525E1 3.62801E1 3.05199E-1 5.89581E1 2.10242E1 5.30943E1 4.9623E0 9.56883E-1 1.20107E0 3.51609E1 2.51109E1 2.10341E1 8.41634E0 4.07201E0 1.04615E1 5.22197E0 3.63091E0 2.12084E1 1.98509E1 7.27561E0 2.49239E0 8.25497E0 1.23296E1 2.76703E0 1.78248E1 3.63091E0 1.61612E1 1.82506E1 2.23644E1 2.24116E1 2.24719E1 2.12529E1 8.66872E-1 2.20525E0
-9999 -9999 -9999 -9999 -9999 -9999 -9999 -9999 -9999 -9999 -9999 -9999 -9999 -9999 -9999 -9999 -9999 3.81446E1 5.02351E0 2.00843E-1 2.29814E-1 4.71341E0 8.04968E0 1.16501E0 3.83864E0 6.00373E1 3.22309E1 5.00179E1 1.16501E0 4.59465E1 5.40174E1 5.39809E1 9.56883E-1 7.0472E-1 5.16307E-1 2.24169E1 2.69251E1 2.13581E1 1.97896E1 3.1959E0 9.92938E-1 3.63091E0 6.10044E0 2.20525E0 6.75854E0 2.12888E1 2.13243E1 2.13969E1 2.146E1 2.14851E1 2.0384E1 8.66872E-1 2.20525E0 2.49239E0 8.66872E-1 8.66872E-1 2.20525E0 2.20525E0 2.25139E1 2.25256E1
-9999 -9999 -9999 -9999 -9999 -9999 -9999 -9999 -9999 -9999 -9999 -9999 -9999 -9999 -9999 -9999 -9999 2.06532E-1 2.21222E-2 3.39726E-3 2.29814E-1 5.01677E0 5.17793E1 4.17523E1 1.06466E0 1.16501E0 2.36744E1 2.37255E0 5.06891E1 2.10242E1 3.81446E1 9.56883E-1 7.0472E-1 1.01304E0 1.20107E0 5.01676E0 4.00178E1 2.69251E1 1.59284E1 4.07201E0 1.92542E1 5.92045E0 2.20525E0 8.66872E-1 2.49239E0 2.76703E0 3.63091E0 6.75853E0 2.20525E0 2.76703E0 2.20525E0 2.17292E1 2.0426E1 3.63091E0 1.05467E1 2.76703E0 2.76703E0 2.76703E0 2.76703E0 1.42704E0
-9999 -9999 -9999 -9999 -9999 -9999 -9999 -9999 -9999 -9999 -9999 -9999 -9999 -9999 -9999 -9999 -9999 -9999 5.21344E-1 7.05295E-3 2.29814E-1 1.39362E0 1.20107E0 5.71319E1 1.16501E0 1.66701E1 4.22582E1 9.56883E-1 4.43369E1 9.56883E-1 1.16501E0 2.3223E1 1.16501E0 4.35607E0 1.16501E0 5.16307E-1 1.00015E0 5.16307E-1 2.04182E1 6.9171E0 9.92938E-1 2.66392E0 4.07201E0 1.9301E1 1.93167E1 1.9411E1 1.94267E1 1.79462E1 1.79814E1 1.54423E1 2.76703E0 2.76703E0 1.97834E1 2.3229E1 2.32468E1 2.33954E1 2.34521E1 2.35133E1 2.22603E1 2.76703E0
-9999 -9999 -9999 -9999 -9999 -9999 -9999 -9999 -9999 -9999 -9999 -9999 -9999 -9999 -9999 -9999 -9999 -9999 -9999 -9999 9.47833E-1 1.16501E0 1.16501E0 1.16501E0 2.87317E1 8.17412E0 2.10242E1 5.88542E1 2.10242E1 3.83864E0 5.31352E1 4.58215E1 5.42629E1 4.94703E1 4.93922E1 9.56883E-1 1.20107E0 5.74068E1 3.14349E1 1.66927E1 1.04615E1 1.49323E1 5.74101E0 1.00022E1 4.25084E0 2.20525E0 4.25083E0 2.20525E0 8.66872E-1 3.63091E0 1.82424E1 6.55264E0 1.42704E0 8.66872E-1 8.66872E-1 2.49239E0 2.76703E0 1.42704E0 3.63091E0 2.31403E1
-9999 -9999 -9999 -9999 -9999 -9999 -9999 -9999 -9999 -9999 -9999 -9999 -9999 -9999 -9999 -9999 -9999 -9999 -9999 -9999 -9999 4.46615E1 5.05652E1 2.00072E1 2.36744E1 1.66614E1 2.10242E1 5.88776E1 2.3223E1 2.3223E1 5.44887E1 2.36744E1 1.00015E0 1.00015E0 6.80055E0 7.0472E-1 1.21967E0 1.20107E0 2.96237E1 2.47007E1 2.04182E1 6.86953E0 6.79361E0 7.92962E0 2.66392E0 8.66872E-1 1.85646E1 1.86115E1 1.88151E1 1.88454E1 1.92507E1 1.52932E1 1.10428E1 3.63091E0 1.61612E1 1.69895E1 1.58415E1 2.76703E0 2.76703E0 1.29611E1
-9999 -9999 -9999 -9999 -9999 -9999 -9999 -9999 -9999 -9999 -9999 -9999 -9999 -9999 -9999 -9999 -9999 -9999 -9999 -9999 -9999 -9999 -9999 1.00015E0 7.0472E-1 2.37255E0 4.37123E1 4.69211E1 1.73758E1 1.71749E1 4.22582E1 5.27532E1 5.18267E1 2.59771E-1 4.64062E-1 4.81674E0 2.06532E-1 1.95708E-1 8.2252E-1 1.20107E0 8.00653E0 3.48233E1 3.57553E1 1.00015E0 2.23756E1 5.58119E0 4.07201E0 5.22196E0 3.63091E0 5.61262E0 3.63091E0 1.37038E1 1.4796E1 4.25082E0 3.63091E0 5.22193E0 9.25636E0 1.89052E1 5.51828E0 6.7585E0
-9999 -9999 -9999 -9999 -9999 -9999 -9999 -9999 -9999 -9999 -9999 -9999 -9999 -9999 -9999 -9999 -9999 -9999 -9999 -9999 -9999 -9999 -9999 -9999 -9999 5.16307E-1 1.00015E0 1.00015E0 4.99386E1 5.32583E1 4.2752E1 2.10242E1 1.00015E0 2.40233E-1 2.03838E-1 3.4882E-1 3.13426E-1 3.98346E-2 6.73027E0 4.27615E0 5.64303E0 1.00015E0 4.17372E0 3.05199E-1 3.87391E1 9.70798E0 9.92938E-1 2.66392E0 1.75357E1 1.45577E1 8.66872E-1 6.75853E0 1.47734E1 2.20525E0 4.25082E0 8.66872E-1 8.66872E-1 2.20525E0 1.50696E1 2.20525E0
