outputsolodemcum/flood.asc
ncols         319
nrows         495
xllcorner     219017.22331753
yllcorner     4610852.5305323
cellsize      500.0
NODATA_value  -9999
[rows 208 to 233 of 495, columns 120 to 179 of 319]
3.83427E0 2.20525E0 8.66872E-1 2.20525E0 2.3212E1 1.40391E0 2.20525E0 4.62656E0 5.72884E0 4.15872E1 8.86251E1 3.40023E1 3.58016E1 3.65483E1 3.95963E1 8.92779E1 3.54612E1 3.54255E1 1.42704E0 8.7293E0 1.42704E0 1.42704E0 2.20525E0 2.2298E1 1.20107E0 1.45613E1 1.41716E0 2.59771E-1 5.16307E-1 1.00015E0 1.14706E1 3.31023E1 7.05295E-3 2.7236E-1 1.68296E-1 1.00015E0 3.83427E0 2.01014E1 1.32851E1 1.28553E1 1.44327E1 4.20058E1 3.70961E-2 1.9828E-1 1.95708E-1 2.23756E1 1.46282E1 2.76703E0 8.72981E0 2.34511E0 9.58516E0 1.00021E1 2.20525E0 8.66872E-1 1.49095E1 1.3437E0 8.66872E-1 2.20525E0 6.7585E0 2.72923E0
1.92014E-1 4.07201E0 9.25651E0 6.73814E0 6.7585E0 5.25729E0 2.49239E0 4.17947E0 1.98628E1 4.56452E0 2.62016E1 9.2141E1 3.95122E1 4.11242E1 3.58824E1 8.95029E1 5.37964E0 2.20525E0 2.0147E1 1.32566E1 1.30055E1 6.00017E0 2.34511E0 1.06466E0 2.39572E1 1.45254E1 1.28552E1 4.60132E1 2.00843E-1 1.20107E0 1.49342E1 2.10242E1 2.2506E-1 7.05295E-3 2.2506E-1 3.05199E-1 2.93987E1 3.83427E0 1.98461E1 1.42704E0 1.42704E0 2.74193E0 1.21793E1 1.16501E0 1.9503E1 5.16307E-1 2.04182E1 1.05935E1 2.34511E0 1.66822E1 4.52534E0 9.5096E0 9.25651E0 5.5888E0 2.20525E0 1.0773E1 2.34511E0 8.66872E-1 3.63091E0 1.85623E1
2.12746E-1 4.41571E0 6.71317E0 6.75853E0 2.20525E0 2.20525E0 3.63091E0 7.94224E0 2.23015E1 2.182E0 1.07355E1 9.20915E1 3.95963E1 4.12318E1 3.97651E1 8.92754E1 1.27584E1 1.42704E0 2.34415E1 1.42704E0 2.20525E0 7.06142E0 2.34511E0 2.29814E-1 4.86774E0 1.43071E1 9.56883E-1 7.0472E-1 3.94097E0 2.29814E-1 1.4479E1 1.09605E1 1.02601E1 1.16501E0 4.93599E0 2.51109E1 1.16501E0 9.92938E-1 2.20525E0 1.97951E1 6.00015E0 1.29811E1 4.32582E0 1.02601E1 2.3223E1 2.23756E1 4.25084E0 2.20525E0 5.25732E0 1.97168E0 2.17937E1 2.23756E1 5.36067E0 6.75854E0 3.63091E0 1.46277E1 1.42704E0 3.63091E0 5.50518E0 2.20525E0
2.39572E1 6.69874E0 2.20525E0 2.66392E0 3.63091E0 9.25639E0 1.32532E1 1.21732E1 5.07286E0 2.01471E1 2.85708E1 9.22139E1 3.96807E1 4.12871E1 3.98802E1 8.92739E1 1.49892E1 1.42704E0 2.20525E0 1.02157E1 5.99999E0 2.34511E0 2.2298E1 3.05199E-1 1.32561E1 1.42694E1 2.59771E-1 7.05295E-3 2.7236E-1 1.68296E-1 1.00015E0 1.00015E0 1.28724E1 1.34257E1 1.02601E1 1.20107E0 1.45034E1 3.63091E0 1.88455E1 2.19091E1 1.20007E1 2.76703E0 1.20011E1 3.95511E0 8.73E0 1.9503E1 4.41571E0 1.0547E1 8.25507E0 2.74193E0 2.62697E1 1.1501E1 7.92961E0 2.66392E0 4.25084E0 1.45229E1 1.3437E0 4.07201E0 1.37041E1 8.66872E-1
2.76703E0 1.65351E1 2.34511E0 1.20107E0 9.25688E0 1.69896E1 5.43787E0 1.41155E1 4.17947E0 1.80019E1 2.85708E1 9.2164E1 3.9765E1 3.84656E1 3.99954E1 8.16129E1 3.40024E1 5.99988E0 1.42704E0 1.00012E1 6.00006E0 2.34511E0 1.16501E0 5.16307E-1 4.07201E0 1.42032E1 7.00806E0 9.56883E-1 2.9878E-1 2.2506E-1 2.59771E-1 1.95708E-1 2.37255E0 2.04182E1 1.26997E1 1.1501E1 4.07201E0 5.5732E0 1.43454E1 2.20525E0 1.93619E1 1.28551E1 2.76703E0 1.25042E1 1.42704E0 3.95511E0 9.92938E-1 4.07201E0 1.76365E1 1.29811E1 1.02601E1 1.9503E1 1.00015E0 5.16307E-1 5.10782E0 7.92961E0 8.16686E0 1.63132E1 7.92962E0 5.16307E-1
6.66107E0 2.34511E0 5.65229E0 1.20107E0 4.52534E0 3.63091E0 5.36063E0 3.63091E0 1.11268E1 2.26316E1 3.76232E1 9.21385E1 3.988E1 3.84963E1 4.0067E1 8.22272E1 3.51386E1 1.42704E0 2.76703E0 2.76703E0 1.10035E1 8.72993E0 6.00033E0 2.39572E1 4.86775E0 2.20525E0 1.14906E1 2.34511E0 7.00806E0 1.44258E1 1.16501E0 2.9878E-1 2.59771E-1 3.05199E-1 1.67073E1 1.04877E1 1.11209E0 6.31653E0 2.20525E0 5.22196E0 2.20525E0 1.90847E1 2.06067E1 1.42704E0 2.76703E0 8.2551E0 1.42704E0 4.07201E0 1.77902E1 2.34511E0 2.19323E1 1.9503E1 2.19323E1 1.1501E1 1.00015E0 1.00015E0 8.2252E-1 1.92014E-1 2.06532E-1 4.62802E-1
1.00022E1 9.56883E-1 1.00015E0 1.06466E0 9.5096E0 4.25084E0 2.20525E0 3.63091E0 1.11268E1 2.60784E1 4.18115E1 9.20585E1 3.99952E1 3.85244E1 4.01282E1 8.98226E1 1.0873E1 3.21998E1 2.14045E1 1.32567E1 8.72961E0 6.00031E0 2.34511E0 2.9878E-1 1.00015E0 4.07201E0 1.0002E1 1.13381E1 1.37927E1 1.3752E1 1.49573E1 1.49112E1 3.62801E1 4.62802E-1 2.7236E-1 5.05347E1 2.70616E1 2.17937E1 4.52534E0 3.83427E0 8.66872E-1 2.20525E0 1.00017E1 1.85735E1 1.57108E1 1.56707E1 1.55496E1 1.42704E0 1.50533E1 1.30119E1 1.28554E1 1.29811E1 8.73004E0 2.74193E0 4.2668E1 4.88104E1 4.35607E0 9.56883E-1 3.05199E-1 1.27158E1
2.36744E1 2.40233E-1 1.20107E0 1.72685E1 1.85653E1 1.57869E1 3.63091E0 1.90274E1 7.13787E0 5.07286E0 4.0356E1 8.86189E1 4.00669E1 3.51442E1 4.01894E1 8.94873E1 2.86439E1 2.52516E1 1.42704E0 2.76703E0 1.42704E0 2.76703E0 3.95511E0 7.00806E0 1.06466E0 2.19323E1 2.66392E0 3.83427E0 2.26691E0 4.36448E1 2.50022E1 2.37255E0 3.94097E0 1.92014E-1 1.68296E-1 1.00015E0 4.56032E0 5.16307E-1 2.39572E1 7.27566E0 4.32582E0 9.92938E-1 2.20525E0 2.20525E0 1.41403E1 1.42704E0 5.25731E0 1.29177E1 1.42704E0 1.21373E1 2.34511E0 2.74193E0 8.41634E0 1.44328E1 2.10242E1 2.19323E1 1.06466E0 1.16501E0 1.16501E0 2.51109E1
3.81446E1 2.00843E-1 1.95708E-1 2.61269E0 3.48233E1 4.07201E0 5.67631E0 8.66872E-1 1.61611E1 1.08535E1 1.07355E1 2.62016E1 9.19918E1 3.45544E1 4.02506E1 8.90488E1 3.40024E1 2.52516E1 4.422E0 1.48389E1 2.76703E0 1.28548E1 1.20006E1 1.42704E0 1.42704E0 1.23309E1 1.10041E1 1.02601E1 4.35607E0 2.7236E-1 5.52495E-1 5.34322E-1 2.21222E-2 2.12746E-1 2.2506E-1 6.98084E-1 1.00015E0 1.20107E0 1.04615E1 1.32562E1 1.55391E1 4.07201E0 9.25669E0 7.27654E0 1.42704E0 1.3437E0 2.66392E0 2.20525E0 9.85577E0 2.20525E0 1.20864E1 2.34511E0 1.97348E1 4.32582E0 8.41634E0 8.17411E0 2.39572E1 1.56874E1 1.01538E1 3.95511E0
4.22582E1 2.00843E-1 2.52252E-1 1.68296E-1 2.29814E-1 6.5382E0 6.75855E0 4.86773E0 3.63091E0 2.13793E1 3.23321E1 3.85096E1 8.50405E1 3.68099E1 4.02788E1 8.90484E1 3.80166E1 1.0873E1 2.90651E1 2.90413E1 2.59425E1 1.42704E0 1.42704E0 8.72956E0 1.42704E0 1.78598E1 1.30141E1 3.31023E1 2.00843E-1 3.39726E-3 7.88176E-2 2.21222E-2 3.18373E-1 2.29814E-1 6.79886E0 1.16501E0 1.06466E0 1.16501E0 2.10341E1 4.32582E0 4.07201E0 1.85175E1 5.58902E0 1.60577E1 1.04845E1 1.42704E0 1.42704E0 4.07201E0 1.25637E1 3.63091E0 1.60302E1 1.42704E0 1.75187E1 7.00805E0 1.29811E1 2.34511E0 8.41634E0 4.07201E0 1.85172E1 1.57865E1
4.9623E0 7.05295E-3 2.06532E-1 2.29814E-1 5.31241E0 5.16307E-1 4.26073E0 2.66392E0 8.66872E-1 3.63091E0 1.80019E1 3.76232E1 8.85436E1 3.52268E1 3.72328E1 8.90483E1 4.07112E1 3.55321E1 1.42704E0 2.20525E0 8.13313E0 1.99505E1 1.20004E1 1.42704E0 2.76703E0 1.35881E1 1.02601E1 2.46114E1 3.75839E-1 7.05295E-3 2.21222E-2 1.3681E-5 3.98346E-2 6.33178E-1 5.89648E1 1.99861E1 1.20107E0 1.74452E1 9.5096E0 1.39154E1 3.95511E0 3.63091E0 6.54438E0 6.27253E0 6.75855E0 1.07443E1 6.00025E0 1.42704E0 6.75856E0 5.22198E0 2.20525E0 1.18411E1 1.42343E1 1.20011E1 8.25512E0 2.34511E0 1.01538E1 9.92938E-1 3.1959E0 3.63091E0
6.98084E-1 3.39726E-3 3.70961E-2 1.68296E-1 2.06532E-1 2.82156E-1 1.16501E0 2.24169E1 2.49239E0 2.76703E0 8.66872E-1 5.40404E0 3.40794E1 8.85328E1 4.03353E1 8.20037E1 4.07622E1 3.40023E1 2.23179E1 1.42704E0 2.20525E0 2.20525E0 1.3437E0 3.63091E0 1.82225E1 6.0001E0 2.36744E1 3.94097E0 3.39726E-3 3.39726E-3 7.49405E-2 7.05295E-3 1.3681E-5 5.27582E-2 5.33254E-1 5.05652E1 2.02988E1 1.84797E1 3.95511E0 4.07201E0 1.9497E1 6.50973E0 2.66392E0 1.54045E1 2.66392E0 2.20525E0 1.05942E1 6.00031E0 2.66392E0 1.16491E1 4.25084E0 2.20525E0 1.44759E1 1.12228E1 1.33973E1 1.42704E0 8.73004E0 4.07201E0 9.2567E0 1.39152E1
2.59771E-1 3.98346E-2 5.73714E-1 2.82156E-1 2.9878E-1 2.10341E1 1.0547E1 2.49239E0 8.2549E0 2.12369E1 2.49784E1 1.40391E0 4.62656E0 4.62656E0 8.85309E1 8.64856E1 3.65157E1 3.87453E1 2.86439E1 1.27584E1 1.42704E0 2.49239E0 2.76703E0 2.76703E0 1.38789E1 6.00012E0 2.36744E1 1.9828E-1 3.39726E-3 8.7599E-2 3.70961E-2 3.70961E-2 1.3681E-5 1.3681E-5 1.3681E-5 2.06532E-1 1.00015E0 4.07201E0 1.94286E1 6.2658E0 5.59703E0 2.66392E0 1.41716E0 2.20525E0 1.14977E1 1.9503E1 1.43458E1 1.41716E0 1.41716E0 7.92961E0 2.66392E0 5.55289E0 9.92938E-1 1.45758E1 2.20525E0 1.05042E1 3.1959E0 4.07201E0 7.27561E0 3.63091E0
4.35607E0 1.9828E-1 2.29814E-1 1.78467E1 1.57169E1 2.76703E0 8.25496E0 1.61613E1 1.59501E1 9.25635E0 1.91874E1 2.87146E1 4.30415E1 5.29836E0 1.07355E1 8.86678E1 3.65323E1 3.92746E1 2.23179E1 1.42704E0 1.42704E0 3.63091E0 1.8335E1 1.40426E1 1.25038E1 1.10036E1 1.02601E1 6.98084E-1 9.68737E-2 7.05295E-3 7.49404E-2 1.00188E-1 7.05295E-3 3.00042E-2 3.70961E-2 2.08162E-1 1.05168E0 7.96251E0 2.66392E0 1.64346E1 1.66628E1 1.95737E1 2.69251E1 5.58123E0 7.92962E0 1.29774E1 2.04182E1 1.16197E1 2.34511E0 2.66392E0 5.56195E0 1.65352E1 9.92938E-1 1.66627E1 1.41716E0 1.25638E1 4.07201E0 1.69899E1 1.75353E1 5.68413E0
1.92014E-1 2.2506E-1 1.06466E0 2.39572E1 9.25666E0 2.09344E1 2.10035E1 7.54046E0 6.75852E0 2.20525E0 2.20525E0 3.63091E0 2.4534E1 4.31111E1 1.53221E1 8.87887E1 3.65487E1 3.01867E1 3.24821E1 2.25577E1 1.42704E0 2.76703E0 2.11206E1 1.42704E0 2.20525E0 2.76703E0 2.74193E0 4.42455E1 3.36889E-1 8.75988E-2 7.05295E-3 1.0126E-1 7.05295E-3 3.98346E-2 4.59128E-1 3.05199E-1 4.27278E0 1.20107E0 6.65008E0 2.47007E1 5.05231E1 7.0472E-1 1.05168E0 1.65198E1 1.00015E0 1.94949E1 7.0472E-1 3.48233E1 1.95737E1 2.70616E1 4.41571E0 1.65207E1 4.52534E0 1.6014E1 4.52534E0 2.66392E0 4.52534E0 3.63091E0 5.60476E0 2.20525E0
2.29814E-1 4.20219E1 2.62697E1 8.25506E0 8.66872E-1 1.78917E1 2.66392E0 6.75855E0 1.41716E0 7.0472E-1 3.63091E0 4.25082E0 3.63091E0 2.5126E1 4.60376E1 8.87669E1 3.05579E1 2.80464E1 2.86439E1 1.42704E0 2.76703E0 2.24531E1 1.42704E0 1.3437E0 2.76703E0 1.33124E1 1.30104E1 3.95511E0 4.60132E1 4.33795E-1 2.00843E-1 5.10525E-1 7.05295E-3 3.98346E-2 3.7994E-1 4.15844E-1 2.06532E-1 4.34771E0 2.7236E-1 5.75022E-1 6.43753E-1 1.92014E-1 1.95708E-1 5.13851E0 2.40233E-1 6.94423E0 7.0472E-1 1.00015E0 4.33579E0 2.39572E1 8.14018E0 1.94468E1 2.04182E1 1.55539E1 3.83427E0 9.92938E-1 2.00916E1 5.58905E0 2.49239E0 2.49239E0
5.1438E1 3.83864E0 1.68119E1 2.03058E1 7.17669E0 6.00027E0 9.56883E-1 2.17937E1 3.1959E0 3.95511E0 2.49239E0 2.49239E0 4.99479E0 1.53221E1 4.06344E1 6.94598E1 2.57534E1 2.52516E1 4.422E0 1.3437E0 3.35811E1 1.27584E1 1.42704E0 2.76703E0 1.3395E1 1.42704E0 3.95511E0 1.32577E1 8.73003E0 2.33385E1 9.56883E-1 5.33606E1 3.36889E-1 7.05295E-3 3.98346E-2 4.68261E0 4.33744E0 2.06532E-1 1.92014E-1 4.80701E-1 7.88175E-2 6.89228E-2 1.3681E-5 2.03838E-1 2.29814E-1 6.90837E0 2.67997E0 1.95708E-1 8.11871E0 4.21039E1 3.26166E1 2.04182E1 2.39572E1 1.4479E1 4.41571E0 6.67639E0 9.92938E-1 4.07201E0 9.25654E0 1.87057E1
2.39572E1 1.699E1 6.79279E0 1.42704E0 6.75856E0 1.10477E1 6.21963E0 1.20107E0 1.04615E1 1.4503E1 2.49239E0 1.97819E1 2.59813E1 2.58571E1 6.8738E1 2.80464E1 2.86439E1 2.52516E1 1.42704E0 1.02956E1 2.83036E1 1.42704E0 2.76703E0 2.14919E1 5.99988E0 1.42704E0 1.76936E1 1.42704E0 2.76703E0 1.10042E1 2.36744E1 1.50777E1 3.36889E-1 7.05295E-3 2.29814E-1 3.864E0 2.03838E-1 3.39726E-3 3.26424E-1 2.21222E-2 2.21222E-2 2.21222E-2 8.89315E-2 5.26019E-1 3.32463E-1 7.88175E-2 2.06532E-1 3.90481E-1 4.31696E0 3.8938E0 1.00015E0 4.20665E1 5.16307E-1 2.17937E1 2.70616E1 9.70798E0 4.07201E0 1.04615E1 5.58109E0 3.63091E0
1.03289E1 4.07201E0 1.65963E1 2.74193E0 2.66392E0 1.47753E1 2.34511E0 3.05199E-1 1.32561E1 1.75343E1 2.43643E1 3.36358E1 5.37964E0 7.97737E1 1.23058E1 3.12525E1 2.86439E1 1.42704E0 3.63091E0 3.36642E1 4.76354E0 4.99479E0 2.90631E1 2.13296E1 1.42704E0 2.76703E0 1.27985E1 1.40064E1 1.39815E1 1.36296E1 1.35505E1 1.29811E1 3.36889E-1 7.05295E-3 1.3681E-5 3.4882E-1 5.79039E-1 7.05295E-3 1.00213E-1 8.91098E-2 7.05295E-3 1.3681E-5 1.3681E-5 2.21222E-2 1.00865E-1 2.21222E-2 6.16999E-2 3.34435E-1 2.52252E-1 2.7236E-1 5.16307E-1 6.73117E0 3.94097E0 1.39362E0 5.16307E-1 2.24169E1 2.69251E1 5.438E0 9.25675E0 5.22196E0
4.07201E0 6.64154E0 1.4523E1 9.56883E-1 1.63132E1 1.68418E1 1.66822E1 1.68296E-1 4.81742E0 9.25651E0 6.95303E0 4.62656E0 7.26458E1 1.42704E0 1.02956E1 4.94211E0 4.94211E0 1.02956E1 1.02956E1 3.69582E1 2.92067E1 2.91827E1 1.42704E0 5.25729E0 1.98741E1 1.55592E1 1.42704E0 9.50187E0 6.00009E0 9.8554E0 2.36744E1 7.0472E-1 1.92014E-1 7.05295E-3 1.3681E-5 3.16308E-1 4.81255E-1 6.89228E-2 7.05295E-3 8.05736E-2 6.89234E-2 7.05295E-3 3.98346E-2 7.04756E-2 2.21222E-2 5.27586E-2 7.36323E-2 1.00865E-1 2.21222E-2 3.98346E-2 4.05418E0 2.06532E-1 1.00015E0 2.7236E-1 3.05199E-1 9.71814E0 5.56195E0 9.92938E-1 9.92938E-1 2.49239E0
6.59363E0 2.66392E0 1.65197E1 9.56883E-1 3.05199E-1 4.69617E1 2.2298E1 1.95708E-1 1.95708E-1 4.25084E0 1.25635E1 3.63091E0 3.60036E1 7.59008E1 2.58571E1 1.16515E1 1.53221E1 2.85064E1 4.29527E1 2.52516E1 1.42704E0 2.20525E0 1.3437E0 2.20525E0 2.20525E0 2.20525E0 1.3437E0 2.20525E0 2.04182E1 2.66392E0 6.86141E0 9.56883E-1 4.59092E0 3.75839E-1 7.05295E-3 9.21255E-2 9.21255E-2 9.55359E-2 1.00021E-1 9.68759E-2 6.89236E-2 7.05295E-3 1.3681E-5 7.88186E-2 1.3681E-5 7.35075E-2 2.21222E-2 1.00543E-1 3.39726E-3 1.3681E-5 2.21222E-2 1.92014E-1 2.12746E-1 1.16501E0 2.9878E-1 1.16501E0 1.16501E0 3.1959E0 2.49239E0 3.63091E0
9.70798E0 7.0472E-1 5.13851E0 2.67997E0 1.68296E-1 6.43575E0 4.51714E1 2.00843E-1 1.68296E-1 2.61269E0 3.63091E0 5.22192E0 2.07403E1 3.62055E1 7.56868E1 2.54755E1 2.58571E1 3.19777E1 4.29787E1 1.0873E1 2.805E1 2.20328E1 5.99997E0 1.42704E0 2.76703E0 2.76703E0 1.42704E0 3.95511E0 6.00022E0 1.42704E0 2.62697E1 6.33331E0 6.32165E0 1.9828E-1 3.39726E-3 7.88176E-2 2.21222E-2 3.39726E-3 6.89231E-2 7.05295E-3 8.05751E-2 7.05295E-3 1.3681E-5 3.98346E-2 1.00419E-1 1.00984E-1 1.3681E-5 7.88183E-2 3.39726E-3 3.98346E-2 8.18343E-2 2.12746E-1 2.29814E-1 1.56875E1 1.01538E1 1.58266E1 1.01538E1 1.89198E1 1.90363E1 5.73408E0
9.56883E-1 3.39726E-3 7.88176E-2 2.21222E-2 5.27585E-2 3.4882E-1 6.64444E0 1.92014E-1 1.21967E0 2.29814E-1 4.25084E0 8.66872E-1 2.20525E0 2.18048E1 1.23058E1 8.10191E1 2.89139E1 3.31563E1 3.51317E1 3.4724E1 4.76354E0 2.20525E0 1.3437E0 2.49239E0 8.25483E0 1.33122E1 1.2855E1 1.2504E1 1.42704E0 3.95511E0 1.35499E1 4.35607E0 6.43754E-1 1.92014E-1 7.49403E-2 7.05295E-3 3.39726E-3 1.00429E-1 1.0042E-1 7.4941E-2 7.05295E-3 3.39726E-3 7.05295E-3 1.3681E-5 5.27592E-2 1.00716E-1 7.05295E-3 2.21222E-2 3.98346E-2 8.8932E-2 1.00418E-1 5.59873E0 4.71341E0 2.69251E1 5.59214E0 4.41571E0 5.6554E0 4.25084E0 8.66872E-1 2.66392E0
4.33795E-1 7.05295E-3 2.21222E-2 1.3681E-5 1.3681E-5 1.3681E-5 3.83171E-1 1.92014E-1 2.06532E-1 3.98346E-2 2.4067E1 1.61615E1 5.36062E0 3.63091E0 2.85064E1 8.57614E1 3.31563E1 3.35915E1 2.87507E1 3.24821E1 1.98907E1 1.42704E0 2.49239E0 2.76703E0 1.34507E1 1.42704E0 1.3437E0 2.20525E0 3.95511E0 1.37501E1 9.56883E-1 2.40233E-1 1.92014E-1 3.80486E-1 7.05295E-3 7.05295E-3 1.02098E-1 7.49406E-2 7.05295E-3 9.35186E-2 1.00026E-1 9.68788E-2 7.49418E-2 1.3681E-5 1.3681E-5 9.21283E-2 3.00042E-2 3.70961E-2 3.00042E-2 3.00042E-2 3.98346E-2 5.01677E0 2.14209E1 6.68743E0 1.00015E0 9.92938E-1 2.66392E0 3.83427E0 4.41571E0 7.27562E0
3.5422E-1 7.05295E-3 3.00042E-2 3.70961E-2 3.70961E-2 1.3681E-5 2.21222E-2 3.98346E-2 4.87612E-1 1.16501E0 1.95708E-1 4.07201E0 9.25637E0 2.13793E1 3.82831E1 8.1129E1 3.3741E1 2.80464E1 2.70163E1 2.23179E1 1.42704E0 1.3437E0 3.63091E0 2.41451E1 1.42704E0 2.76703E0 2.76703E0 3.1959E0 1.8263E1 1.42704E0 5.65228E0 9.56883E-1 2.00843E-1 2.9878E-1 3.36889E-1 3.70961E-2 1.00483E-1 7.49406E-2 7.05295E-3 3.70961E-2 7.05295E-3 7.49416E-2 7.05295E-3 3.39726E-3 1.3681E-5 2.21222E-2 3.98346E-2 1.00602E-1 3.70961E-2 8.89317E-2 1.01514E-1 3.99712E-1 4.36154E0 2.7236E-1 1.16501E0 2.51109E1 3.95511E0 2.76703E0 2.76703E0 2.49239E0
6.89229E-2 3.39726E-3 3.00042E-2 9.56482E-2 8.18345E-2 3.70961E-2 7.05295E-3 3.70961E-2 3.05199E-1 1.92699E1 4.07201E0 9.25668E0 1.32534E1 2.29056E1 3.93539E1 6.90125E1 3.38611E1 3.42976E1 3.42701E1 7.13923E0 1.42704E0 3.75661E0 2.76703E0 2.41572E1 2.76703E0 5.99991E0 5.99996E0 2.76703E0 1.4006E1 1.1004E1 8.72994E0 4.35607E0 2.00843E-1 5.47572E0 2.00843E-1 6.40914E-1 1.9828E-1 7.05295E-3 3.70961E-2 1.00192E-1 8.76006E-2 7.05295E-3 7.05295E-3 7.05295E-3 3.70961E-2 3.98346E-2 1.00419E-1 1.01515E-1 1.02361E-1 1.02425E-1 5.50604E-1 4.35796E0 2.00843E-1 2.29814E-1 1.27098E1 2.69251E1 1.61615E1 1.89694E1 1.61369E1 3.63091E0
