outputsolodemcum/flood.asc
ncols         319
nrows         495
xllcorner     219017.22331753
yllcorner     4610852.5305323
cellsize      500.0
NODATA_value  -9999
[rows 156 to 181 of 495, columns 120 to 179 of 319]
1.33404E1 7.06139E0 6.0003E0 1.66822E1 5.14302E1 7.05295E-3 2.21222E-2 9.21258E-2 2.21222E-2 1.3681E-5 2.24835E-1 1.66627E1 3.62801E1 2.00843E-1 4.3517E-1 7.05295E-3 3.98346E-2 8.5594E0 1.06466E0 1.06466E0 3.95511E0 1.16501E0 1.20107E0 8.75237E0 2.49239E0 2.49239E0 9.25641E0 2.29056E1 5.80097E1 2.25234E1 2.72923E0 1.3437E0 8.25479E0 1.42277E1 1.42704E0 2.76703E0 1.37882E1 8.72959E0 6.00025E0 2.62697E1 1.16501E0 8.25501E0 1.82246E1 3.95511E0 3.95511E0 1.55021E1 8.25493E0 3.95511E0 4.17804E1 2.10242E1 4.56033E0 6.22444E-1 2.18629E1 1.1486E1 7.00806E0 1.01304E0 5.33628E0 7.05295E-3 7.05295E-3 3.70961E-2
2.20525E0 1.05637E1 1.9828E-1 1.92014E-1 4.55744E-1 3.39726E-3 1.3681E-5 2.21222E-2 3.00042E-2 3.70961E-2 3.98346E-2 1.55539E1 9.56883E-1 1.20107E0 4.80396E1 2.9878E-1 2.2506E-1 5.34251E1 2.39572E1 1.49323E1 1.55389E1 8.25506E0 9.56883E-1 4.01566E0 1.23309E1 7.27556E0 8.25479E0 4.99479E0 5.28562E1 7.26272E0 1.5521E1 1.42704E0 1.49572E1 1.42704E0 1.3437E0 1.39552E1 5.99998E0 1.42704E0 2.49239E0 8.255E0 8.25489E0 1.23276E1 4.15992E1 4.16942E1 4.16237E1 4.16232E1 4.16916E1 4.17826E1 1.02601E1 3.9327E-1 2.21222E-2 1.3681E-5 1.68296E-1 2.66392E0 1.33646E1 1.51855E1 4.88104E1 4.33795E-1 4.50607E-1 4.54871E-1
2.36744E1 1.45055E1 3.36889E-1 7.05295E-3 1.00213E-1 7.05295E-3 3.98346E-2 8.89317E-2 1.00601E-1 4.00607E-1 2.2506E-1 1.00015E0 1.92014E-1 4.97711E1 4.46615E1 1.80032E1 1.20297E1 1.97897E1 2.36744E1 5.16307E-1 4.07201E0 1.58142E1 2.76703E0 3.63091E0 1.48618E1 2.76703E0 5.2883E1 8.45286E1 1.42704E0 2.20525E0 1.0001E1 1.2766E1 1.42704E0 1.14832E1 1.40187E1 1.42704E0 5.2573E0 2.49239E0 2.49239E0 1.55018E1 1.05467E1 4.68756E1 5.99994E0 1.42704E0 6.79361E0 7.92961E0 1.25637E1 1.60141E1 7.0472E-1 3.18373E-1 3.39726E-3 3.98346E-2 4.68261E0 6.75489E0 2.06532E-1 2.7236E-1 5.13456E1 5.6825E0 7.05295E-3 4.97953E0
2.74193E0 1.37045E1 3.90709E0 7.05295E-3 2.21222E-2 3.39726E-3 3.70961E-2 1.3681E-5 3.00042E-2 5.47572E0 5.01494E1 6.21963E0 2.10242E1 1.00015E0 3.05199E-1 2.4067E1 1.89082E1 1.64556E1 2.62697E1 3.95511E0 2.76703E0 2.76703E0 1.58448E1 2.49239E0 3.63091E0 6.11904E1 4.422E0 1.27584E1 1.42704E0 8.66872E-1 2.20525E0 2.76703E0 8.72933E0 5.99995E0 2.20525E0 2.76703E0 2.20525E0 3.63091E0 1.23281E1 1.48617E1 2.76703E0 4.42725E1 1.23274E1 6.00017E0 2.36744E1 2.06532E-1 1.00015E0 3.9327E-1 3.89395E-1 7.05295E-3 3.39726E-3 3.98346E-2 3.16307E-1 6.64441E0 3.39726E-3 3.98346E-2 6.86041E0 2.21222E-2 3.39726E-3 9.21259E-2
6.00023E0 2.34511E0 3.94097E0 7.05295E-3 7.05295E-3 3.00042E-2 8.69545E-2 3.70961E-2 3.98346E-2 1.46832E1 1.76974E1 1.01538E1 2.36744E1 9.56883E-1 2.59771E-1 1.68296E-1 3.48233E1 9.25679E0 1.94112E1 1.78406E1 1.80178E1 5.49582E0 6.75852E0 1.87565E1 2.44162E1 6.12153E1 2.07246E1 1.27584E1 1.42704E0 1.42704E0 3.63091E0 1.72333E1 1.42704E0 2.20525E0 7.27557E0 1.23282E1 1.42704E0 3.63091E0 1.65121E1 1.42704E0 1.57163E1 2.76703E0 4.68608E1 1.42704E0 4.32582E0 4.35607E0 7.05295E-3 2.21222E-2 2.21222E-2 6.89229E-2 7.05295E-3 1.3681E-5 2.21222E-2 4.36622E-1 3.39726E-3 6.17001E-2 1.00543E-1 8.05735E-2 7.05295E-3 7.88181E-2
1.42704E0 2.10242E1 5.31352E1 7.49403E-2 7.05295E-3 3.98346E-2 6.77761E-1 3.73857E-1 3.98346E-2 5.01677E0 1.59844E1 1.6812E1 7.00805E0 1.20297E1 9.56883E-1 1.68296E-1 1.68296E-1 1.63132E1 1.16491E1 4.52534E0 2.47007E1 2.66392E0 1.00015E0 4.07201E0 1.8002E1 6.12024E1 4.422E0 1.73212E1 5.99987E0 2.76703E0 2.76703E0 1.32566E1 1.42704E0 8.66872E-1 3.63091E0 1.55384E1 2.76703E0 2.76703E0 1.28548E1 2.49239E0 2.49239E0 1.75746E1 4.15188E1 1.42704E0 1.25043E1 4.35607E0 7.05295E-3 2.2506E-1 7.49405E-2 7.05295E-3 3.00042E-2 3.70961E-2 1.3681E-5 2.21222E-2 3.39726E-3 7.88178E-2 9.21264E-2 3.39726E-3 3.39726E-3 2.21222E-2
8.72967E0 2.34511E0 1.74451E1 4.35607E0 7.05295E-3 3.00042E-2 2.2506E-1 5.08123E1 2.00843E-1 3.98346E-2 9.25685E0 1.82899E1 2.76703E0 1.20011E1 2.10242E1 1.16501E0 2.59771E-1 4.62802E-1 2.7236E-1 1.00015E0 2.39572E1 8.75236E0 2.76703E0 3.63091E0 1.85153E1 7.77144E1 2.2912E1 4.99479E0 4.05252E0 1.70824E1 2.00731E1 5.99986E0 1.42704E0 2.76703E0 2.76703E0 2.49239E0 1.85156E1 1.59819E1 2.49239E0 2.76703E0 7.27552E0 4.68276E1 1.3312E1 1.32848E1 6.00021E0 9.56883E-1 2.9878E-1 6.0005E-1 7.05295E-3 3.00042E-2 3.98346E-2 1.00601E-1 3.70961E-2 7.49404E-2 7.05295E-3 2.21222E-2 2.21222E-2 3.39726E-3 3.70961E-2 3.98346E-2
1.42704E0 1.42704E0 1.28552E1 8.2551E0 1.01304E0 2.3223E1 1.44258E1 1.49571E1 2.62697E1 2.9878E-1 4.41571E0 1.83432E1 1.75172E1 6.00015E0 6.21963E0 3.77564E1 6.98084E-1 2.29814E-1 1.03289E1 1.16501E0 4.32582E0 3.63091E0 1.75353E1 5.50521E0 9.25638E0 2.10744E1 6.11893E1 2.48859E1 1.49892E1 1.73212E1 2.40595E1 7.26272E0 1.42704E0 8.25481E0 5.99992E0 3.63091E0 1.23266E1 2.76703E0 1.89052E1 1.61002E1 2.49239E0 4.6819E1 5.99986E0 1.42704E0 1.41716E0 3.1959E0 1.97507E1 3.90709E0 7.05295E-3 3.00042E-2 8.18344E-2 2.2506E-1 6.28664E0 7.49403E-2 7.05295E-3 7.05295E-3 7.05295E-3 3.00042E-2 8.18351E-2 3.70961E-2
1.32848E1 1.30074E1 2.76703E0 1.23301E1 8.25507E0 8.25503E0 1.77904E1 1.1004E1 8.7299E0 7.27566E0 4.07201E0 1.65146E1 1.79663E1 1.32576E1 1.10041E1 1.02601E1 9.56883E-1 3.05199E-1 1.49323E1 1.5539E1 8.25508E0 2.76703E0 2.66392E0 9.92938E-1 8.66872E-1 3.63091E0 8.83914E1 2.90957E1 2.1576E1 5.29836E0 2.5464E1 1.27584E1 1.42704E0 1.55249E1 1.42704E0 2.76703E0 1.55016E1 8.25478E0 1.42704E0 2.49239E0 1.61327E1 5.06463E1 8.7292E0 6.00004E0 1.42704E0 2.76703E0 1.33413E1 9.56883E-1 2.00843E-1 3.70961E-2 5.21344E-1 4.96008E1 2.00843E-1 3.70961E-2 7.49405E-2 8.75996E-2 7.05295E-3 3.98346E-2 9.56488E-2 1.0126E-1
8.2548E0 1.42704E0 8.25484E0 1.39812E1 8.72958E0 8.72963E0 1.35887E1 2.10242E1 2.17937E1 3.63091E0 5.22196E0 3.63091E0 1.29224E1 1.42704E0 9.50294E0 6.00025E0 2.10242E1 9.56883E-1 2.7236E-1 4.07201E0 1.87061E1 1.59269E1 1.42704E0 1.42704E0 2.49239E0 3.63091E0 1.66985E1 7.7338E1 1.02956E1 2.48604E1 2.60448E1 2.26442E1 2.13796E1 1.42704E0 1.3437E0 8.25478E0 1.20003E1 1.10033E1 2.49239E0 3.63091E0 1.57227E1 6.74674E1 7.26272E0 1.42704E0 1.42704E0 1.34241E1 2.34511E0 2.11113E1 2.9878E-1 4.93599E0 1.77398E1 2.00843E-1 3.39726E-3 7.04616E-1 1.0002E-1 7.05295E-3 7.05295E-3 3.00042E-2 3.98346E-2 5.22071E-1
1.23269E1 2.76703E0 1.40554E1 1.42704E0 1.10433E1 1.36283E1 1.23298E1 6.00028E0 7.05295E-3 2.23756E1 9.25672E0 1.74636E1 1.42704E0 2.76703E0 1.10038E1 2.34511E0 1.23335E1 2.36744E1 1.05168E0 4.25084E0 3.63091E0 7.27559E0 1.79307E1 2.76703E0 3.63091E0 1.05466E1 3.63091E0 2.01471E1 9.1843E1 3.57909E1 2.70271E1 1.98907E1 7.26272E0 1.42704E0 2.76703E0 1.30054E1 1.6512E1 2.76703E0 2.76703E0 7.27551E0 4.17947E0 2.18048E1 5.7832E1 1.35064E1 1.34516E1 2.76703E0 1.10037E1 9.56883E-1 1.20297E1 1.55993E1 6.98084E-1 3.39726E-3 3.98346E-2 1.8617E1 2.00843E-1 7.49405E-2 7.05295E-3 3.70961E-2 8.89315E-2 6.96632E0
1.55017E1 1.87393E1 1.42704E0 1.3437E0 2.76703E0 1.20006E1 1.10036E1 2.76703E0 6.00028E0 9.56883E-1 4.07201E0 1.57644E1 2.49239E0 1.68119E1 6.00017E0 2.34511E0 1.65125E1 2.34511E0 2.39572E1 7.27563E0 2.76703E0 3.63091E0 1.61015E1 8.25487E0 2.76703E0 3.63091E0 2.47626E1 1.02956E1 7.0207E1 2.76861E1 2.70271E1 1.73212E1 1.42704E0 2.76703E0 2.0057E1 2.48818E0 1.96904E1 5.99986E0 8.25478E0 3.63091E0 5.73799E0 4.17947E0 5.7845E1 1.42704E0 1.42704E0 1.28549E1 1.42704E0 2.34511E0 1.99941E1 7.00806E0 2.59771E-1 3.00042E-2 3.98346E-2 2.91024E1 5.62022E0 7.49403E-2 7.05295E-3 8.18344E-2 2.2506E-1 8.79777E0
1.65121E1 1.88057E1 1.42704E0 3.63091E0 1.74867E1 1.42704E0 2.76703E0 1.68117E1 6.0001E0 2.34511E0 8.66872E-1 2.49239E0 1.76507E1 1.76356E1 1.42704E0 2.69251E1 1.74875E1 2.74193E0 2.39572E1 9.2567E0 1.48618E1 2.76703E0 2.76703E0 1.82209E1 1.53381E1 5.07286E0 2.86603E1 7.01762E1 3.49916E1 3.47534E1 1.98907E1 2.48818E0 1.52171E0 1.70824E1 2.40353E1 2.48818E0 2.00408E1 2.48818E0 1.48389E1 3.75661E0 3.75661E0 4.17947E0 5.57272E1 1.70824E1 1.32566E1 1.42704E0 8.72941E0 1.42704E0 1.83982E1 7.00806E0 2.59771E-1 2.12746E-1 3.75836E1 9.56883E-1 1.99301E1 3.75839E-1 7.05295E-3 3.98346E-2 6.79892E0 8.82605E0
2.70194E1 1.69839E1 1.42704E0 3.63091E0 1.76347E1 1.42704E0 1.38283E1 1.32572E1 6.00001E0 1.42704E0 2.76703E0 3.63091E0 1.82923E1 1.33683E1 1.42704E0 2.34511E0 1.75179E1 2.34511E0 2.10341E1 4.07201E0 9.25641E0 1.85622E1 2.27329E1 2.29375E1 4.99479E0 2.23828E1 8.42724E1 1.42704E0 1.66985E1 2.28137E1 2.48818E0 4.02192E0 5.07286E0 2.41206E1 2.14544E1 2.48818E0 2.00731E1 2.48818E0 1.38985E1 4.17947E0 1.33927E1 5.48207E0 5.07286E0 8.25189E1 1.55249E1 1.25031E1 5.99991E0 1.42704E0 1.40438E1 6.00033E0 9.56883E-1 1.16501E0 1.65125E1 3.95511E0 1.3832E1 3.36889E-1 7.05295E-3 3.98346E-2 3.7994E-1 2.91656E1
3.63091E0 2.95131E1 1.42704E0 2.76703E0 1.41041E1 1.38794E1 1.42704E0 1.07128E1 1.42704E0 1.42704E0 6.00007E0 3.63091E0 1.64258E1 1.42704E0 8.25494E0 1.42704E0 1.33409E1 2.34511E0 2.49239E0 9.25669E0 1.32534E1 2.2555E1 4.78217E0 2.53225E1 2.46184E1 7.13069E1 1.49892E1 1.42704E0 2.20525E0 6.7585E0 1.3437E0 3.75661E0 4.99479E0 2.41573E1 1.27584E1 2.48818E0 2.01056E1 1.44909E1 4.05252E0 3.75661E0 4.78217E0 2.16467E1 5.07286E0 6.11623E1 1.65764E1 1.40791E1 1.40672E1 1.40554E1 5.99999E0 2.34511E0 3.95511E0 6.00026E0 1.25043E1 1.83177E1 7.00805E0 2.59771E-1 3.00042E-2 3.70961E-2 7.54897E0 4.96231E0
2.76703E0 2.9557E1 2.76703E0 1.2781E1 1.25038E1 5.99997E0 1.42704E0 1.4505E1 9.85444E0 8.72958E0 1.42704E0 8.66872E-1 2.20525E0 1.91627E1 1.36276E1 1.33963E1 1.42704E0 3.95511E0 2.49239E0 7.27556E0 4.05252E0 2.47626E1 5.07411E0 2.75674E1 1.02956E1 8.30609E1 1.27584E1 1.42704E0 8.66872E-1 3.63091E0 9.25633E0 2.03278E1 2.27082E1 2.41696E1 1.27584E1 2.48818E0 2.15176E1 2.48818E0 9.52772E0 4.05252E0 1.53381E1 1.70824E1 2.30473E1 5.55825E1 1.05272E1 5.99987E0 1.42704E0 1.20004E1 5.99994E0 1.42704E0 1.55021E1 1.72342E1 1.42704E0 1.73085E1 6.00026E0 7.05295E-3 2.20191E-1 1.64026E1 4.48531E1 7.49409E-2
8.25479E0 2.96407E1 1.28331E1 1.42704E0 2.20525E0 5.2573E0 1.42704E0 2.20525E0 1.02159E1 8.72956E0 1.42704E0 3.63091E0 8.25486E0 1.43252E1 1.42704E0 7.06139E0 1.42704E0 7.2756E0 3.63091E0 1.32531E1 2.56699E1 2.75177E1 6.63511E0 2.48604E1 8.30546E1 2.49168E1 1.27584E1 1.42704E0 2.76703E0 3.63091E0 4.86771E0 2.20525E0 4.17947E0 2.43599E1 4.422E0 2.15312E1 4.422E0 4.99479E0 3.75661E0 2.16467E1 4.78217E0 2.213E1 5.78238E1 2.14169E1 1.57669E1 1.32843E1 1.32568E1 8.72931E0 5.99992E0 1.42704E0 1.20006E1 1.77345E1 1.73783E1 9.56883E-1 1.41559E1 1.8981E1 1.89169E1 7.05295E-3 9.21271E-2 6.8924E-2
1.23265E1 3.19897E1 1.42704E0 1.42704E0 2.76703E0 5.99997E0 1.42704E0 1.42704E0 2.20525E0 1.3437E0 2.76703E0 3.63091E0 1.93134E1 1.42704E0 1.3437E0 2.20525E0 2.76703E0 2.49239E0 1.32535E1 2.29056E1 2.65057E1 9.07463E0 3.40139E1 8.30515E1 3.47543E1 2.33192E1 1.49892E1 1.42704E0 8.72938E0 1.42704E0 2.20525E0 2.49239E0 3.63091E0 2.30957E1 2.41573E1 1.27584E1 4.422E0 1.53381E1 4.78217E0 1.8002E1 2.42023E1 2.43252E1 6.11493E1 2.42803E1 2.04179E1 5.99988E0 1.42704E0 5.9999E0 1.42704E0 1.79792E1 1.77744E1 1.23285E1 6.00031E0 6.98084E-1 2.7236E-1 2.21222E-2 2.21222E-2 3.39726E-3 2.21222E-2 3.39726E-3
1.55017E1 3.20054E1 8.72938E0 1.42704E0 1.75753E1 1.25039E1 1.20005E1 1.42704E0 2.49239E0 2.76703E0 7.27557E0 3.63091E0 1.93905E1 5.99999E0 1.42704E0 3.63091E0 1.05468E1 3.63091E0 1.57227E1 2.4534E1 3.09609E1 3.38572E1 9.15651E1 2.52516E1 7.13923E0 2.65608E1 2.25134E1 2.10406E1 5.9999E0 1.42704E0 3.63091E0 1.32532E1 1.71218E1 4.99479E0 2.14415E1 1.73212E1 4.422E0 4.78217E0 2.1036E1 1.53381E1 4.78217E0 4.99479E0 6.17009E1 4.422E0 1.3437E0 1.55577E1 1.82639E1 1.81429E1 1.81027E1 5.99993E0 1.42704E0 1.55018E1 2.76703E0 3.95511E0 2.59771E-1 3.75839E-1 7.49407E-2 7.05295E-3 7.05295E-3 3.70961E-2
1.65121E1 2.74555E1 1.36663E1 1.35864E1 1.3479E1 1.42704E0 2.20525E0 1.3437E0 3.63091E0 1.39151E1 2.76703E0 1.23281E1 1.45097E1 2.76703E0 6.00005E0 1.42704E0 2.49239E0 1.61612E1 2.49336E1 3.17462E1 1.07355E1 4.12648E1 9.18587E1 1.53221E1 1.02956E1 2.85552E1 2.01859E1 1.73212E1 5.99992E0 1.42704E0 8.66872E-1 3.63091E0 1.11268E1 2.41813E1 4.422E0 4.99479E0 4.99479E0 4.78217E0 2.213E1 4.99479E0 2.13793E1 8.25013E1 2.23854E1 2.48818E0 7.26272E0 1.42704E0 1.42704E0 1.42704E0 1.42704E0 1.42704E0 1.42704E0 1.65122E1 8.25482E0 1.23296E1 1.29811E1 6.98084E-1 7.05295E-3 7.49409E-2 3.70961E-2 1.00335E-1
3.25614E1 1.42704E0 2.20525E0 6.75851E0 1.37037E1 6.00001E0 1.42704E0 2.49239E0 2.76703E0 3.63091E0 1.82504E1 1.97047E1 1.30057E1 1.28549E1 1.42704E0 2.76703E0 3.63091E0 1.57227E1 2.60407E1 1.07355E1 2.18818E1 1.07355E1 9.1462E1 3.95132E1 3.49124E1 4.76354E0 1.4706E1 7.26272E0 1.42704E0 2.76703E0 2.76703E0 3.63091E0 1.70824E1 2.41936E1 4.422E0 1.53381E1 1.53381E1 4.78217E0 1.70824E1 2.12599E1 5.07286E0 8.25168E1 4.422E0 1.81043E1 2.48818E0 1.10032E1 5.99988E0 5.99988E0 5.99989E0 5.99991E0 2.76703E0 1.48617E1 1.2327E1 1.76939E1 1.10037E1 8.17411E0 5.25224E-1 7.05295E-3 1.00438E-1 7.49416E-2
3.26365E1 5.99996E0 1.42704E0 2.20525E0 6.75851E0 1.42704E0 2.49239E0 3.63091E0 1.39151E1 2.76703E0 2.76703E0 1.97361E1 1.42704E0 2.20525E0 1.3437E0 7.27557E0 3.63091E0 2.01472E1 2.6602E1 3.2636E1 9.07463E0 1.60341E1 9.17357E1 3.53175E1 3.47541E1 2.44465E1 1.73212E1 7.26272E0 1.42704E0 7.27554E0 8.25481E0 3.63091E0 2.16467E1 2.4218E1 4.422E0 4.99479E0 1.99565E1 1.99565E1 2.52753E1 5.29836E0 5.29836E0 7.03122E1 4.422E0 4.422E0 1.93912E1 1.42704E0 8.72921E0 8.72924E0 8.72926E0 1.42704E0 5.9999E0 2.76703E0 1.57575E1 1.79291E1 1.20006E1 1.1004E1 2.11113E1 6.33339E0 7.49406E-2 7.05295E-3
3.27323E1 1.10035E1 1.42704E0 2.49239E0 2.76703E0 1.42704E0 3.63091E0 1.05467E1 2.76703E0 1.68115E1 8.25479E0 1.5078E1 5.99993E0 1.42704E0 2.49239E0 2.49239E0 1.32532E1 2.91256E1 1.07355E1 3.21329E1 9.07463E0 2.71516E1 9.18178E1 1.0873E1 3.40794E1 2.25577E1 1.27584E1 1.42704E0 2.76703E0 2.76703E0 1.71218E1 2.76703E0 4.99479E0 2.42938E1 4.422E0 1.53381E1 4.78217E0 2.4534E1 4.00688E1 8.49103E1 7.02819E1 2.58563E1 1.4706E1 4.422E0 2.14045E1 1.38985E1 1.10032E1 1.10032E1 8.25478E0 8.72926E0 2.76703E0 8.25479E0 2.49239E0 1.84475E1 1.10034E1 8.72969E0 1.34257E1 4.3881E1 1.0002E-1 9.68766E-2
2.78404E1 1.42704E0 5.2573E0 3.63091E0 1.68116E1 1.42704E0 2.49239E0 3.63091E0 1.48617E1 1.72334E1 1.54011E1 1.42704E0 5.25729E0 2.49239E0 2.76703E0 9.25638E0 2.60407E1 9.07463E0 3.09608E1 1.02956E1 3.73059E1 2.85064E1 8.29908E1 1.0873E1 3.24822E1 2.00494E1 4.422E0 2.76703E0 8.25478E0 1.04155E1 4.99479E0 2.25134E1 1.97819E1 2.58507E1 4.99479E0 5.07411E0 2.13846E1 2.48604E1 8.49725E1 2.23179E1 4.94211E0 4.42173E0 2.14408E1 2.14294E1 4.422E0 1.93912E1 1.93912E1 2.48818E0 1.2502E1 2.76703E0 7.27551E0 1.23262E1 2.76703E0 1.40426E1 1.42704E0 1.78596E1 1.32576E1 7.00807E0 2.00843E-1 1.00411E-1
1.42704E0 1.3437E0 2.20525E0 3.63091E0 1.57163E1 2.76703E0 2.76703E0 7.27555E0 2.76703E0 1.5763E1 1.42704E0 1.3437E0 2.20525E0 2.49239E0 1.23258E1 5.40404E0 2.5126E1 3.20162E1 2.5126E1 3.72549E1 1.60341E1 8.82655E1 1.0873E1 3.44681E1 7.13923E0 5.05495E0 4.99479E0 2.38754E1 2.80446E1 2.80446E1 3.38462E1 5.29836E0 2.6602E1 2.98748E1 2.00494E1 5.29836E0 2.48604E1 8.46954E1 2.23179E1 4.42173E0 4.42173E0 5.29836E0 1.27584E1 4.422E0 4.422E0 2.32329E1 2.14419E1 1.55249E1 2.76703E0 7.26272E0 2.76703E0 1.48468E1 2.05445E1 2.49239E0 2.76703E0 1.38532E1 1.42704E0 3.95511E0 5.38357E1 3.75839E-1
1.42704E0 2.49239E0 2.76703E0 1.42704E0 3.63091E0 1.86098E1 1.58416E1 2.76703E0 1.60428E1 1.25036E1 5.99991E0 1.42704E0 2.49239E0 3.63091E0 2.40044E1 5.07411E0 1.07355E1 2.5126E1 3.7278E1 1.60341E1 3.77244E1 1.53221E1 8.39238E1 7.13923E0 5.74392E0 6.63511E0 2.85064E1 1.53221E1 8.38817E1 3.50565E1 3.48333E1 2.85064E1 1.02956E1 8.4362E1 1.02956E1 8.44095E1 8.43219E1 7.13923E0 5.05495E0 4.42173E0 5.29836E0 2.1576E1 5.29836E0 1.27584E1 4.422E0 2.15447E1 4.422E0 4.05252E0 2.01859E1 4.05252E0 1.57027E1 4.05252E0 1.65617E1 4.05252E0 2.42689E1 1.42704E0 1.42704E0 1.76354E1 1.10041E1 9.56883E-1
