outputsolodemcum/flood.asc
ncols         319
nrows         495
xllcorner     219017.22331753
yllcorner     4610852.5305323
cellsize      500.0
NODATA_value  -9999
[rows 260 to 285 of 495, columns 60 to 119 of 319]
1.50028E1 3.18722E1 5.0675E1 8.50284E0 1.16501E0 5.10938E0 3.36889E-1 8.75988E-2 7.49405E-2 7.05295E-3 9.68755E-2 7.05295E-3 2.21222E-2 3.98346E-2 8.89317E-2 1.02249E-1 7.42796E-2 7.88178E-2 6.8923E-2 1.3681E-5 7.88177E-2 1.3681E-5 1.00715E-1 5.27585E-2 1.00213E-1 3.39726E-3 3.98346E-2 2.46755E-1 2.24835E-1 7.487E0 3.05199E-1 3.59464E1 2.39572E1 1.93173E1 6.10386E0 2.20525E0 2.49239E0 2.76703E0 2.76703E0 1.42704E0 1.42704E0 3.63091E0 4.25082E0 2.5126E1 3.11712E1 7.21429E1 2.86439E1 1.42704E0 2.76703E0 3.63091E0 3.21549E1 1.42704E0 1.99565E1 2.76703E0 1.23263E1 1.33963E1 1.42704E0 8.72998E0 4.33795E-1 7.05295E-3
2.76703E0 1.75187E1 1.49111E1 1.97643E1 2.65795E1 9.55304E0 5.33628E0 3.69564E-1 8.69544E-2 1.00334E-1 7.49407E-2 7.05295E-3 3.00042E-2 3.98346E-2 5.27587E-2 7.35705E-2 2.21222E-2 2.21222E-2 2.21222E-2 1.3681E-5 8.89316E-2 7.04746E-2 1.3681E-5 6.17001E-2 3.98346E-2 9.5648E-2 3.98346E-2 5.33997E-1 3.31874E-1 2.29814E-1 4.30664E0 1.00015E0 3.28859E1 3.83427E0 2.20525E0 2.10341E1 3.63091E0 2.43775E1 2.27869E1 8.2548E0 1.42704E0 1.42704E0 8.66872E-1 8.66872E-1 3.63091E0 7.1399E1 2.30007E1 2.48818E0 1.70824E1 4.78217E0 4.99479E0 2.53225E1 1.42704E0 2.47626E1 2.29648E1 1.33679E1 1.33131E1 1.25045E1 5.48856E0 9.6874E-2
8.25503E0 1.7932E1 2.76703E0 1.35101E1 1.74451E1 1.88658E1 5.18267E1 2.00843E-1 4.49625E-1 7.05295E-3 7.05295E-3 3.70961E-2 7.05295E-3 8.18348E-2 3.98346E-2 1.00865E-1 9.35162E-2 7.05295E-3 7.05295E-3 1.3681E-5 1.3681E-5 2.21222E-2 1.3681E-5 2.21222E-2 1.3681E-5 3.98346E-2 7.26418E-2 3.98346E-2 3.7994E-1 2.92092E-1 2.7236E-1 2.61269E0 1.20107E0 3.82017E1 1.27097E1 4.07201E0 5.57296E0 2.20525E0 2.07927E1 3.36979E1 8.72932E0 1.42704E0 3.63091E0 1.80207E1 3.63091E0 6.69546E1 8.00592E0 1.53221E1 2.8644E1 1.53221E1 3.40023E1 3.96813E1 7.13923E0 3.41697E1 1.42704E0 5.2573E0 1.42704E0 2.26691E0 5.21628E0 4.3537E-1
1.23308E1 1.79669E1 1.60406E1 2.76703E0 1.2001E1 1.75775E1 7.00805E0 4.49398E1 6.98084E-1 7.49404E-2 7.05295E-3 8.75992E-2 3.70961E-2 7.05295E-3 6.17004E-2 7.88179E-2 2.21222E-2 8.05734E-2 7.05295E-3 3.70961E-2 3.98346E-2 8.18346E-2 3.00042E-2 3.00042E-2 3.00042E-2 1.3681E-5 2.21222E-2 3.00042E-2 2.08162E-1 2.29814E-1 3.26119E-1 3.05199E-1 5.01677E0 2.50355E1 4.32582E0 5.22196E0 2.20525E0 5.86681E0 3.63091E0 3.2088E1 2.76703E0 2.76703E0 3.63091E0 2.13793E1 2.1572E1 8.03121E0 6.56672E1 2.84887E1 1.01138E1 2.58571E1 3.11073E1 3.08299E1 3.42231E1 4.76354E0 7.06133E0 6E0 1.42704E0 1.32582E1 9.56883E-1 6.1393E-1
1.5984E1 1.80025E1 3.63091E0 1.83433E1 1.42704E0 1.8263E1 1.33693E1 6.00033E0 4.38667E1 5.62328E0 9.68742E-2 7.05295E-3 8.75992E-2 7.49406E-2 7.05295E-3 2.21222E-2 3.98346E-2 8.18347E-2 3.70961E-2 8.69546E-2 3.70961E-2 3.70961E-2 1.00188E-1 8.89315E-2 1.01886E-1 1.01278E-1 3.00042E-2 3.98346E-2 5.49648E-1 9.72428E-1 9.73116E-1 9.61846E0 7.58743E0 1.20107E0 1.91956E1 1.92241E1 5.77134E0 2.20525E0 8.66872E-1 3.63091E0 3.72533E1 1.97819E1 2.76703E0 2.20525E0 4.17947E0 1.93821E1 8.97439E0 6.76751E1 1.13197E1 3.54631E1 1.0873E1 4.62656E0 4.99479E0 1.42704E0 1.42704E0 1.27436E1 1.27222E1 1.40454E1 4.92753E1 4.35607E0
1.42704E0 1.65742E1 3.63091E0 1.8424E1 1.42704E0 1.39575E1 1.10038E1 1.42704E0 1.36313E1 5.39083E1 6.34028E-1 1.00411E-1 9.68742E-2 7.05295E-3 7.05295E-3 3.00042E-2 3.98346E-2 8.89316E-2 1.0208E-1 1.02447E-1 1.0249E-1 1.02512E-1 1.0156E-1 1.3681E-5 3.98346E-2 8.89314E-2 1.02361E-1 7.34384E-2 2.24835E-1 5.33254E-1 6.33178E-1 6.51173E0 1.20107E0 5.68468E0 2.37255E0 4.01566E0 3.95511E0 3.63091E0 9.25638E0 2.33968E1 3.43343E1 3.75208E1 2.48604E1 2.49239E0 1.02956E1 1.2178E1 2.44678E1 1.18503E1 6.5099E1 3.55326E1 7.85455E0 1.0873E1 3.44826E1 2.24911E1 2.12013E1 1.42704E0 6.00017E0 2.34511E0 5.18681E1 5.33627E0
2.76703E0 2.76703E0 1.6589E1 1.8451E1 1.44232E1 1.39391E1 1.37904E1 1.37501E1 6.00023E0 6.21963E0 2.59771E-1 7.05295E-3 7.05295E-3 1.00188E-1 7.05295E-3 3.70961E-2 8.69546E-2 3.98346E-2 7.32491E-2 1.3681E-5 2.21222E-2 3.98346E-2 1.01886E-1 1.0162E-1 3.70961E-2 3.00042E-2 3.00042E-2 3.00042E-2 2.2506E-1 2.12746E-1 2.82156E-1 1.16501E0 5.0626E1 3.95511E0 3.95511E0 4.32582E0 1.10034E1 2.74193E0 9.92938E-1 2.20525E0 2.20525E0 4.17947E0 3.39108E1 1.60341E1 3.17397E1 1.13197E1 1.18503E1 2.1366E1 1.18503E1 6.38795E1 3.49988E1 3.031E1 9.56047E0 4.99479E0 4.99479E0 1.10033E1 2.34511E0 2.00843E-1 2.06532E-1 5.31961E0
-9999 -9999 -9999 2.05185E1 1.42704E0 1.42704E0 1.04616E1 1.32577E1 1.30103E1 1.47223E1 5.48855E0 3.75839E-1 7.05295E-3 1.01624E-1 7.05295E-3 8.69546E-2 1.00021E-1 7.05295E-3 1.00715E-1 3.39726E-3 3.98346E-2 6.17003E-2 3.98346E-2 1.01514E-1 1.01689E-1 3.00042E-2 8.18343E-2 3.73857E-1 5.16535E0 1.01304E0 1.01538E1 1.23304E1 3.63091E0 1.84828E1 2.43904E1 2.28471E1 8.25478E0 2.34511E0 1.42704E0 2.49239E0 3.63091E0 4.25081E0 2.72923E0 3.67814E1 3.65352E1 3.3697E1 9.80535E0 1.18503E1 2.60077E1 2.89136E1 6.8327E1 2.27613E1 7.85455E0 3.13379E1 3.12614E1 1.73212E1 6.00006E0 1.9503E1 7.05295E-3 2.06532E-1
-9999 -9999 -9999 -9999 -9999 1.42704E0 2.20525E0 1.03376E1 1.20009E1 1.1004E1 4.9623E0 3.31515E-1 7.05295E-3 1.01978E-1 7.05295E-3 1.0042E-1 7.05295E-3 3.39726E-3 7.88179E-2 8.05734E-2 1.3681E-5 3.98346E-2 5.27585E-2 1.3681E-5 3.98346E-2 5.37723E-1 8.87314E0 1.81617E1 1.83041E1 1.83538E1 1.84323E1 1.5761E1 3.63091E0 4.25082E0 6.7585E0 3.63091E0 3.77046E1 5.99994E0 2.76703E0 1.42704E0 7.27555E0 2.76703E0 3.63091E0 2.91682E1 2.97584E1 3.35136E1 3.3804E1 2.44677E1 1.18503E1 3.44726E1 7.78833E1 3.0843E1 3.04462E1 8.00592E0 1.0873E1 2.61611E1 1.20003E1 8.72989E0 2.59771E-1 3.98346E-2
-9999 -9999 -9999 -9999 -9999 1.42704E0 1.42704E0 1.54887E1 1.10038E1 8.72993E0 3.62801E1 7.05295E-3 7.05295E-3 1.00555E-1 1.00483E-1 1.00021E-1 7.05295E-3 7.05295E-3 2.21222E-2 2.21222E-2 3.39726E-3 3.00042E-2 3.00042E-2 3.00042E-2 3.00042E-2 3.70961E-2 1.68296E-1 4.01566E0 2.19323E1 2.76703E0 2.49239E0 2.49239E0 1.76422E1 1.42704E0 2.20525E0 8.66872E-1 2.20525E0 4.18117E1 3.78959E1 1.42704E0 3.63091E0 2.34092E1 3.63091E0 2.91682E1 3.60662E1 3.60986E1 3.61311E1 3.69346E1 2.3034E1 8.97439E0 6.89538E1 7.85455E0 2.60267E1 2.57534E1 1.0873E1 3.24822E1 1.05272E1 6.00029E0 6.98084E-1 7.05295E-3
-9999 -9999 -9999 -9999 -9999 -9999 1.42704E0 1.52254E1 1.40325E1 1.40209E1 4.60919E1 6.50948E-1 4.59088E-1 7.49403E-2 7.05295E-3 3.39726E-3 8.05733E-2 7.05295E-3 3.98346E-2 8.18347E-2 3.00042E-2 3.98346E-2 1.02404E-1 5.37736E-1 9.61843E0 4.99311E1 2.62697E1 4.41571E0 1.9427E1 1.52175E1 3.63091E0 1.05467E1 2.40715E1 1.42704E0 1.42704E0 3.63091E0 7.27551E0 2.76703E0 4.99479E0 2.1722E1 1.42704E0 3.63091E0 4.0356E1 2.48802E1 1.60341E1 2.60077E1 2.97583E1 3.35135E1 3.20706E1 1.13197E1 5.94867E1 2.97573E1 2.9712E1 2.93896E1 3.40114E1 4.422E0 2.76703E0 1.1004E1 4.88104E1 2.59771E-1
-9999 -9999 -9999 -9999 -9999 -9999 2.49239E0 2.76703E0 1.10038E1 8.73002E0 3.31023E1 7.05295E-3 1.89655E-1 6.89228E-2 7.05295E-3 7.05295E-3 7.49405E-2 7.05295E-3 3.98346E-2 1.00419E-1 1.02249E-1 7.33772E-2 1.3681E-5 8.89315E-2 8.11873E0 5.08561E1 1.93329E1 6.17571E0 4.25083E0 1.32546E1 1.8195E1 1.82362E1 2.50822E1 1.73212E1 1.42704E0 2.76703E0 4.05252E0 2.60654E1 4.08521E1 4.99479E0 2.76703E0 1.42704E0 3.75661E0 1.53221E1 1.60341E1 2.60077E1 2.97583E1 3.11709E1 1.18503E1 7.26914E1 2.98887E1 7.85455E0 7.85455E0 2.57534E1 2.30008E1 7.13923E0 2.85552E1 6.00012E0 1.9503E1 9.56883E-1
-9999 -9999 -9999 -9999 -9999 -9999 -9999 1.32854E1 8.72975E0 6.00026E0 9.56883E-1 1.9828E-1 4.50149E-1 1.00411E-1 1.00334E-1 1.00021E-1 7.49406E-2 7.05295E-3 1.3681E-5 1.3681E-5 1.3681E-5 2.21222E-2 1.3681E-5 1.3681E-5 2.21222E-2 2.52252E-1 5.64302E0 2.7236E-1 2.06532E-1 3.72589E1 6.75856E0 9.25639E0 2.56699E1 3.94874E1 2.76703E0 2.01472E1 2.44193E1 5.07286E0 4.12788E1 4.14042E1 3.75749E1 5.29836E0 5.07286E0 3.27006E1 9.80535E0 1.16515E1 9.80535E0 1.18503E1 2.20821E1 8.97439E0 7.42536E1 2.27613E1 2.89325E1 2.27613E1 1.0873E1 3.49115E1 2.23179E1 1.42704E0 1.40454E1 4.61102E1
-9999 -9999 -9999 -9999 -9999 -9999 -9999 1.3549E1 1.35089E1 1.34813E1 2.70448E1 6.37078E-1 7.05295E-3 8.05728E-2 7.49404E-2 7.05295E-3 7.05295E-3 7.05295E-3 3.00042E-2 3.00042E-2 3.98346E-2 8.18347E-2 3.00042E-2 3.00042E-2 1.3681E-5 1.3681E-5 2.21222E-2 3.39726E-3 1.68296E-1 1.68296E-1 1.95708E-1 8.66872E-1 1.00016E1 2.20525E0 4.32034E1 2.657E1 1.42704E0 3.63091E0 2.62016E1 4.62656E0 4.10631E1 4.15515E1 4.21113E1 4.18378E1 4.18983E1 4.20072E1 3.80412E1 2.60077E1 2.74361E1 1.14991E1 7.42508E1 3.37165E1 2.27613E1 8.00592E0 3.11972E1 2.52516E1 4.422E0 1.26467E1 1.02601E1 4.22582E1
-9999 -9999 -9999 -9999 -9999 -9999 -9999 1.27666E1 1.27221E1 1.40823E1 5.48961E1 2.00843E-1 1.9828E-1 7.49403E-2 7.05295E-3 8.69544E-2 8.75991E-2 7.05295E-3 3.70961E-2 8.69547E-2 8.89317E-2 9.56485E-2 9.56484E-2 8.18346E-2 8.69544E-2 3.70961E-2 3.98346E-2 1.00418E-1 7.0243E0 2.82156E-1 2.9878E-1 5.16307E-1 1.00015E0 1.63132E1 2.20525E0 1.4774E1 1.4706E1 3.63091E0 2.5126E1 2.49062E1 1.42704E0 2.62016E1 4.56452E0 2.72923E0 1.23058E1 8.97439E0 1.18503E1 4.20848E1 4.21086E1 5.03545E1 7.5364E1 7.85455E0 3.01509E1 3.00744E1 3.01629E1 3.00839E1 3.42235E1 1.42704E0 8.16685E0 4.35607E0
-9999 -9999 -9999 -9999 -9999 -9999 -9999 2.20525E0 1.41158E1 7.00806E0 9.56883E-1 5.38469E0 6.50958E-1 3.31515E-1 7.05295E-3 1.02067E-1 7.49405E-2 7.05295E-3 7.49406E-2 1.00188E-1 3.70961E-2 3.98346E-2 1.00944E-1 1.01514E-1 1.0235E-1 1.01391E-1 1.3681E-5 1.3681E-5 2.21222E-2 9.51509E0 2.01737E1 2.01901E1 1.89088E1 2.02983E1 5.68462E0 8.66872E-1 2.20525E0 9.25639E0 1.152E1 2.20525E0 1.3437E0 2.20525E0 3.63091E0 2.71516E1 1.53221E1 1.13197E1 3.313E1 1.18503E1 2.60077E1 4.65174E1 7.42168E1 3.8018E1 2.57533E1 2.27613E1 8.00592E0 4.62656E0 3.12525E1 1.10035E1 1.02601E1 4.33795E-1
-9999 -9999 -9999 -9999 -9999 -9999 -9999 -9999 1.00019E1 6.00032E0 9.56883E-1 2.03838E-1 3.39726E-3 4.09131E-1 7.05295E-3 1.0213E-1 1.00021E-1 9.68746E-2 7.05295E-3 1.00602E-1 8.69545E-2 3.98346E-2 8.18345E-2 1.01122E-1 3.70961E-2 3.98346E-2 1.0141E-1 3.70961E-2 1.3681E-5 1.3681E-5 2.7236E-1 5.10782E0 2.37255E0 9.92938E-1 4.07201E0 7.27557E0 9.92938E-1 8.66872E-1 2.20525E0 1.3437E0 2.76703E0 2.76703E0 3.63091E0 3.47533E1 3.60034E1 2.24805E1 1.18503E1 3.62285E1 2.25275E1 3.19772E1 9.25339E1 3.84219E1 2.77596E1 2.57533E1 2.30008E1 1.42704E0 3.80164E1 1.38985E1 8.72997E0 4.33795E-1
-9999 -9999 -9999 -9999 -9999 -9999 -9999 -9999 1.10038E1 1.02601E1 4.35607E0 2.00843E-1 1.66485E-1 4.87882E-1 7.05295E-3 1.00519E-1 1.0002E-1 7.49405E-2 7.05295E-3 3.98346E-2 1.01361E-1 3.00042E-2 3.00042E-2 9.56481E-2 1.02067E-1 3.70961E-2 3.00042E-2 1.0214E-1 3.00042E-2 3.70961E-2 1.68296E-1 2.7236E-1 2.9878E-1 1.20107E0 9.25682E0 1.61614E1 1.82509E1 1.57169E1 3.63091E0 1.89085E1 1.61016E1 8.25478E0 8.66872E-1 8.66872E-1 4.62656E0 1.23058E1 4.7617E0 1.18503E1 2.20821E1 1.18503E1 7.51112E1 3.90303E1 7.85455E0 2.27613E1 7.85455E0 1.0873E1 2.97582E1 1.73212E1 6.0001E0 9.56883E-1
-9999 -9999 -9999 -9999 -9999 -9999 -9999 -9999 1.33133E1 2.74193E0 4.35607E0 1.9828E-1 1.9828E-1 2.21222E-2 9.66215E-2 7.49404E-2 7.05295E-3 6.89229E-2 3.98346E-2 8.89315E-2 1.00418E-1 1.0141E-1 8.18345E-2 8.89314E-2 1.0142E-1 8.18343E-2 3.98346E-2 5.06921E-1 2.29814E-1 5.00722E1 1.06466E0 2.62697E1 1.03289E1 1.16501E0 2.19323E1 2.04182E1 3.1959E0 4.07201E0 5.62997E0 6.75852E0 2.20525E0 1.62008E1 3.63091E0 1.53381E1 4.05252E0 5.07286E0 2.614E1 2.13659E1 1.18503E1 2.60077E1 7.09544E1 4.87793E1 2.57533E1 7.85455E0 2.99567E1 3.09141E1 2.30008E1 1.42704E0 6.00001E0 6.21963E0
-9999 -9999 -9999 -9999 -9999 -9999 -9999 -9999 1.45229E1 1.30149E1 5.27532E1 4.99857E0 7.49403E-2 7.05295E-3 1.0126E-1 7.05295E-3 7.05295E-3 7.05295E-3 3.39726E-3 3.00042E-2 1.3681E-5 3.98346E-2 1.0143E-1 9.5648E-2 3.00042E-2 5.24812E-1 4.00607E-1 2.29814E-1 4.32036E0 1.06466E0 5.49086E1 1.65902E1 2.39572E1 1.79496E1 1.54023E1 2.34511E0 4.07201E0 5.54312E0 2.66392E0 2.20525E0 3.63091E0 9.25636E0 2.07138E1 2.46294E1 3.78894E1 1.53221E1 4.7617E0 1.18503E1 2.60077E1 1.96663E1 9.57885E0 7.8802E1 3.11929E1 3.10505E1 3.01849E1 3.01054E1 3.08456E1 3.47242E1 1.20003E1 1.10037E1
-9999 -9999 -9999 -9999 -9999 -9999 -9999 1.26746E1 1.40935E1 1.59374E1 6.60462E0 5.25224E-1 3.31515E-1 7.05295E-3 1.02088E-1 1.0002E-1 8.75988E-2 7.05295E-3 3.70961E-2 3.70961E-2 8.18345E-2 3.70961E-2 3.70961E-2 1.0144E-1 4.44909E-1 5.38312E-1 2.2506E-1 3.16307E-1 2.06532E-1 1.05168E0 3.20233E1 2.04182E1 7.07073E0 3.63091E0 9.25659E0 1.81989E1 1.82473E1 1.43786E1 1.42704E0 2.49239E0 2.76703E0 2.76703E0 3.63091E0 2.01472E1 3.47533E1 3.67334E1 3.67483E1 3.67626E1 3.67764E1 3.67911E1 3.51824E1 7.01526E1 2.57532E1 2.27613E1 8.00592E0 4.62656E0 4.02192E0 2.76703E0 1.42704E0 2.76703E0
-9999 -9999 -9999 -9999 -9999 -9999 -9999 2.20525E0 5.25731E0 6.21963E0 6.22444E-1 5.85623E-1 1.00629E-1 7.05295E-3 1.00555E-1 7.49404E-2 7.05295E-3 7.05295E-3 8.18345E-2 8.69544E-2 3.00042E-2 1.0126E-1 3.67627E-1 3.98346E-2 5.5108E-1 8.00369E-1 4.87612E-1 2.9878E-1 2.59771E-1 1.95708E-1 4.56032E0 1.06466E0 1.06466E0 4.32582E0 3.95511E0 4.01566E0 2.76703E0 1.42704E0 3.63091E0 7.27555E0 1.05466E1 8.25478E0 4.05252E0 5.07411E0 2.182E0 8.03121E0 1.60341E1 2.60077E1 2.97581E1 3.35487E1 3.57581E1 7.4028E1 7.85455E0 2.27613E1 5.37964E0 2.49239E0 1.02956E1 3.31563E1 1.42704E0 2.24911E1
-9999 -9999 -9999 -9999 -9999 -9999 1.3437E0 1.3437E0 1.75175E1 1.49113E1 5.75339E0 5.25225E-1 7.05295E-3 9.73775E-2 7.05295E-3 9.57845E-2 7.49404E-2 7.05295E-3 3.98346E-2 1.02249E-1 1.02339E-1 5.50121E-1 5.07357E-1 3.70961E-2 2.12746E-1 2.12746E-1 7.84086E0 8.1495E0 9.56883E-1 4.62802E-1 2.82156E-1 2.10341E1 9.25681E0 1.45032E1 8.25486E0 2.76703E0 1.20005E1 1.42704E0 2.76703E0 3.63091E0 1.6161E1 2.43437E1 2.48604E1 1.02956E1 2.85064E1 1.60341E1 3.64808E1 3.65062E1 3.6522E1 3.68608E1 2.93307E1 1.42125E1 6.27188E1 2.27613E1 1.0873E1 4.99479E0 2.8914E1 2.96984E1 3.44554E1 1.42704E0
-9999 -9999 -9999 -9999 -9999 1.42704E0 1.3437E0 2.76703E0 1.7696E1 3.31023E1 2.00843E-1 3.48445E-1 3.39726E-3 9.21256E-2 3.39726E-3 1.00213E-1 8.91092E-2 7.05295E-3 1.3681E-5 3.00042E-2 1.3681E-5 2.21222E-2 2.24835E-1 9.76583E-1 9.77284E-1 7.53569E0 9.70365E0 7.64083E0 1.16501E0 6.98084E-1 1.20107E0 1.61616E1 1.84834E1 1.85162E1 1.8844E1 1.61652E1 2.76703E0 2.76703E0 7.27553E0 2.76703E0 2.76703E0 5.40404E0 4.12644E1 3.66381E1 3.64E1 2.49783E1 1.60341E1 2.60077E1 2.97581E1 2.82036E1 1.22466E1 7.32655E1 8.0425E0 2.27613E1 8.00592E0 2.54754E1 3.00724E1 1.0873E1 2.5189E1 1.42704E0
-9999 -9999 -9999 -9999 -9999 1.42704E0 2.76703E0 8.25498E0 1.78255E1 4.22582E1 7.05295E-3 2.21222E-2 3.39726E-3 2.21222E-2 3.39726E-3 9.21258E-2 2.21222E-2 9.56479E-2 3.00042E-2 3.70961E-2 8.69542E-2 1.9828E-1 1.68296E-1 2.12746E-1 2.29814E-1 4.87612E-1 1.16501E0 1.20107E0 5.75468E1 9.56883E-1 5.16307E-1 4.52534E0 4.07201E0 7.2756E0 2.76703E0 2.76703E0 3.10042E1 3.3661E1 3.63091E0 2.49336E1 3.20162E1 5.29836E0 4.94211E0 8.03121E0 8.03121E0 1.60341E1 2.73088E1 3.35135E1 3.44799E1 4.21348E1 1.2035E1 7.3263E1 3.80301E1 7.85455E0 1.13197E1 3.03043E1 8.00592E0 4.02192E0 1.42704E0 5.2573E0
-9999 -9999 -9999 -9999 -9999 1.42704E0 8.25498E0 1.23308E1 1.34806E1 9.56883E-1 3.70961E-2 3.70961E-2 3.70961E-2 7.05295E-3 7.05295E-3 7.88177E-2 1.3681E-5 2.21222E-2 1.01514E-1 5.46301E-1 9.23939E-1 2.00843E-1 2.12746E-1 2.9878E-1 5.21344E-1 1.05168E0 6.79886E0 1.16501E0 2.3223E1 5.75724E1 9.58516E0 2.63277E0 3.1959E0 3.63091E0 1.94084E1 2.4811E1 1.28977E1 2.49239E0 2.37455E1 4.05252E0 4.78217E0 3.91578E1 5.29836E0 1.02956E1 1.53221E1 1.02956E1 5.20964E0 1.2178E1 2.76655E1 2.60077E1 3.11213E1 7.04195E1 5.37725E1 1.58508E1 4.19391E1 2.57533E1 4.422E0 2.85064E1 2.76703E0 5.99989E0
